,bankssts-lh,bankssts-rh,caudalanteriorcingulate-lh,caudalanteriorcingulate-rh,caudalmiddlefrontal-lh,caudalmiddlefrontal-rh,cuneus-lh,cuneus-rh,entorhinal-lh,entorhinal-rh,frontalpole-lh,frontalpole-rh,fusiform-lh,fusiform-rh,inferiorparietal-lh,inferiorparietal-rh,inferiortemporal-lh,inferiortemporal-rh,insula-lh,insula-rh,isthmuscingulate-lh,isthmuscingulate-rh,lateraloccipital-lh,lateraloccipital-rh,lateralorbitofrontal-lh,lateralorbitofrontal-rh,lingual-lh,lingual-rh,medialorbitofrontal-lh,medialorbitofrontal-rh,middletemporal-lh,middletemporal-rh,paracentral-lh,paracentral-rh,parahippocampal-lh,parahippocampal-rh,parsopercularis-lh,parsopercularis-rh,parsorbitalis-lh,parsorbitalis-rh,parstriangularis-lh,parstriangularis-rh,pericalcarine-lh,pericalcarine-rh,postcentral-lh,postcentral-rh,posteriorcingulate-lh,posteriorcingulate-rh,precentral-lh,precentral-rh,precuneus-lh,precuneus-rh,rostralanteriorcingulate-lh,rostralanteriorcingulate-rh,rostralmiddlefrontal-lh,rostralmiddlefrontal-rh,superiorfrontal-lh,superiorfrontal-rh,superiorparietal-lh,superiorparietal-rh,superiortemporal-lh,superiortemporal-rh,supramarginal-lh,supramarginal-rh,temporalpole-lh,temporalpole-rh,transversetemporal-lh,transversetemporal-rh
bankssts-lh,0.0,0.0,0.0,0.0,0.0,0.0,0.0,0.0,0.0,0.0,0.0,0.0,0.0,0.0,0.0,0.0,0.0,0.0,0.0,0.0,0.0,0.0,0.0,0.0,0.0,0.0,0.0,0.0,0.0,0.0,0.0,0.0,0.0,0.0,0.0,0.0,0.0,0.0,0.0,0.0,0.0,0.0,0.0,0.0,0.0,0.0,0.0,0.0,0.0,0.0,0.0,0.0,0.0,0.0,0.0,0.0,0.0,0.0,0.0,0.0,0.0,0.0,0.0,0.0,0.0,0.0,0.0,0.0
bankssts-rh,0.0,0.0,0.0,0.0,0.0,0.0,0.0,0.0,0.0,0.0,0.0,0.0,0.0,0.0,0.0,0.0,0.0,0.0,0.0,0.0,0.0,0.0,0.0,0.0,0.0,0.0,0.0,0.0,0.0,0.0,0.0,0.0,0.0,0.0,0.0,0.0,0.0,0.0,0.0,0.0,0.0,0.0,0.0,0.0,0.0,0.0,0.0,0.0,0.0,0.0,0.0,0.0,0.0,0.0,0.0,0.0,0.0,0.0,0.0,0.0,0.0,0.0,0.0,0.0,0.0,0.0,0.0,0.0
caudalanteriorcingulate-lh,0.0,0.0,0.17117117117117117,0.0,0.16216216216216217,0.0,0.0,0.0,0.0,0.0,0.0,0.07207207207207207,0.0,0.0,0.0,0.0,0.0,0.0,0.0,0.0,0.0,0.0,0.0,0.0,0.0,0.13513513513513514,0.0,0.0,0.0,0.0,0.0,0.0,0.0,0.0,0.0,0.0,0.0,0.0,0.0,0.0,0.0,0.0,0.0,0.0,0.0,0.0,0.08108108108108109,0.0,0.04504504504504504,0.0,0.0,0.0,0.0,0.09009009009009009,0.0,0.0,0.0,0.0,0.0,0.0,0.0,0.0,0.0,0.0,0.15315315315315314,0.0,0.09009009009009009,0.0
caudalanteriorcingulate-rh,0.0,0.0,0.0,0.0,0.0,0.0,0.0,0.0,0.0,0.0,0.0,0.0,0.0,0.0,0.0,0.0,0.0,0.0,0.0,0.0,0.0,0.0,0.0,0.0,0.0,0.0,0.0,0.0,0.0,0.0,0.0,0.0,0.0,0.0,0.0,0.0,0.0,0.0,0.0,0.0,0.0,0.0,0.0,0.0,0.0,0.0,0.0,0.0,0.0,0.0,0.0,0.0,0.0,0.0,0.0,0.0,0.0,0.0,0.0,0.0,0.0,0.0,0.0,0.0,0.0,0.0,0.0,0.0
caudalmiddlefrontal-lh,0.0,0.0,0.09049773755656108,0.0,0.19909502262443438,0.0,0.027149321266968326,0.0,0.0,0.0,0.0,0.03167420814479638,0.0,0.0,0.0,0.0,0.0,0.0,0.0,0.0,0.0,0.0,0.013574660633484163,0.0,0.0,0.1085972850678733,0.0,0.0,0.0,0.0,0.0,0.0,0.0,0.0,0.0,0.0,0.0,0.0,0.0,0.0,0.0,0.0,0.0,0.07239819004524888,0.0,0.0,0.08597285067873303,0.06334841628959276,0.06787330316742081,0.0,0.0,0.0,0.0,0.09049773755656108,0.0,0.0,0.0,0.0,0.0,0.0,0.0,0.0,0.0,0.0,0.07239819004524888,0.0,0.04072398190045249,0.03619909502262444
caudalmiddlefrontal-rh,0.0,0.0,0.0,0.0,0.0,0.0,0.0,0.0,0.0,0.0,0.0,0.0,0.0,0.0,0.0,0.0,0.0,0.0,0.0,0.0,0.0,0.0,0.0,0.0,0.0,0.0,0.0,0.0,0.0,0.0,0.0,0.0,0.0,0.0,0.0,0.0,0.0,0.0,0.0,0.0,0.0,0.0,0.0,0.0,0.0,0.0,0.0,0.0,0.0,0.0,0.0,0.0,0.0,0.0,0.0,0.0,0.0,0.0,0.0,0.0,0.0,0.0,0.0,0.0,0.0,0.0,0.0,0.0
cuneus-lh,0.0,0.0,0.0,0.0,0.008938547486033519,0.0,0.19664804469273742,0.06927374301675977,0.0,0.0,0.0,0.02346368715083799,0.0,0.0,0.0,0.0,0.0,0.0,0.0,0.0,0.035754189944134075,0.0,0.021229050279329607,0.0,0.0,0.042458100558659215,0.0,0.0,0.0,0.0033519553072625698,0.0,0.0,0.0,0.0,0.0,0.0,0.0,0.01675977653631285,0.0,0.0,0.0,0.004469273743016759,0.0,0.08044692737430167,0.0670391061452514,0.0,0.05027932960893855,0.0,0.061452513966480445,0.0,0.05698324022346369,0.042458100558659215,0.0,0.030167597765363128,0.0022346368715083797,0.0,0.09832402234636871,0.0,0.0,0.053631284916201116,0.0,0.0,0.01899441340782123,0.0,0.0,0.01564245810055866,0.0,0.0
cuneus-rh,0.0,0.0,0.0,0.0,0.0,0.0,0.13135593220338984,0.3580508474576271,0.0,0.0,0.0,0.0211864406779661,0.0,0.0,0.0,0.0,0.0,0.014830508474576272,0.0,0.0,0.05508474576271186,0.0,0.00211864406779661,0.0,0.0,0.0,0.0,0.0,0.0,0.0,0.0,0.0,0.0,0.0,0.0,0.0,0.0,0.0,0.0,0.0,0.0,0.014830508474576272,0.0,0.1419491525423729,0.06991525423728813,0.0,0.0,0.0,0.00211864406779661,0.0,0.0423728813559322,0.0,0.0,0.0,0.0,0.0,0.06991525423728813,0.0,0.0,0.05296610169491525,0.023305084745762712,0.0,0.0,0.0,0.0,0.0,0.0,0.0
entorhinal-lh,0.0,0.0,0.0,0.0,0.0,0.0,0.0,0.0,0.0,0.0,0.0,0.0,0.0,0.0,0.0,0.0,0.0,0.0,0.0,0.0,0.0,0.0,0.0,0.0,0.0,0.0,0.0,0.0,0.0,0.0,0.0,0.0,0.0,0.0,0.0,0.0,0.0,0.0,0.0,0.0,0.0,0.0,0.0,0.0,0.0,0.0,0.0,0.0,0.0,0.0,0.0,0.0,0.0,0.0,0.0,0.0,0.0,0.0,0.0,0.0,0.0,0.0,0.0,0.0,0.0,0.0,0.0,0.0
entorhinal-rh,0.0,0.0,0.0,0.0,0.0,0.0,0.0,0.0,0.0,0.0,0.0,0.0,0.0,0.0,0.0,0.0,0.0,0.0,0.0,0.0,0.0,0.0,0.0,0.0,0.0,0.0,0.0,0.0,0.0,0.0,0.0,0.0,0.0,0.0,0.0,0.0,0.0,0.0,0.0,0.0,0.0,0.0,0.0,0.0,0.0,0.0,0.0,0.0,0.0,0.0,0.0,0.0,0.0,0.0,0.0,0.0,0.0,0.0,0.0,0.0,0.0,0.0,0.0,0.0,0.0,0.0,0.0,0.0
frontalpole-lh,0.0,0.0,0.0,0.0,0.0,0.0,0.0,0.0,0.0,0.0,0.0,0.0,0.0,0.0,0.0,0.0,0.0,0.0,0.0,0.0,0.0,0.0,0.0,0.0,0.0,0.0,0.0,0.0,0.0,0.0,0.0,0.0,0.0,0.0,0.0,0.0,0.0,0.0,0.0,0.0,0.0,0.0,0.0,0.0,0.0,0.0,0.0,0.0,0.0,0.0,0.0,0.0,0.0,0.0,0.0,0.0,0.0,0.0,0.0,0.0,0.0,0.0,0.0,0.0,0.0,0.0,0.0,0.0
frontalpole-rh,0.0,0.0,0.008486562942008486,0.0,0.007072135785007072,0.0,0.03536067892503536,0.016973125884016973,0.0,0.0,0.0,0.12164073550212164,0.0,0.0,0.0,0.0,0.0,0.005657708628005658,0.0,0.0,0.0876944837340877,0.0,0.0,0.0,0.0,0.05799151343705799,0.0,0.0,0.0,0.04667609618104668,0.0,0.0,0.0,0.0,0.0,0.0,0.0,0.0,0.0,0.0,0.0,0.05374823196605375,0.0,0.0,0.04667609618104668,0.0,0.08062234794908062,0.0,0.06647807637906648,0.0,0.07072135785007072,0.08062234794908062,0.0,0.07213578500707214,0.026874115983026876,0.0,0.026874115983026876,0.0,0.0,0.002828854314002829,0.021216407355021217,0.0,0.02545968882602546,0.0,0.018387553041018388,0.004243281471004243,0.015558698727015558,0.0
fusiform-lh,0.0,0.0,0.0,0.0,0.0,0.0,0.0,0.0,0.0,0.0,0.0,0.0,0.0,0.0,0.0,0.0,0.0,0.0,0.0,0.0,0.0,0.0,0.0,0.0,0.0,0.0,0.0,0.0,0.0,0.0,0.0,0.0,0.0,0.0,0.0,0.0,0.0,0.0,0.0,0.0,0.0,0.0,0.0,0.0,0.0,0.0,0.0,0.0,0.0,0.0,0.0,0.0,0.0,0.0,0.0,0.0,0.0,0.0,0.0,0.0,0.0,0.0,0.0,0.0,0.0,0.0,0.0,0.0
fusiform-rh,0.0,0.0,0.0,0.0,0.0,0.0,0.0,0.0,0.0,0.0,0.0,0.0,0.0,0.0,0.0,0.0,0.0,0.0,0.0,0.0,0.0,0.0,0.0,0.0,0.0,0.0,0.0,0.0,0.0,0.0,0.0,0.0,0.0,0.0,0.0,0.0,0.0,0.0,0.0,0.0,0.0,0.0,0.0,0.0,0.0,0.0,0.0,0.0,0.0,0.0,0.0,0.0,0.0,0.0,0.0,0.0,0.0,0.0,0.0,0.0,0.0,0.0,0.0,0.0,0.0,0.0,0.0,0.0
inferiorparietal-lh,0.0,0.0,0.0,0.0,0.0,0.0,0.0,0.0,0.0,0.0,0.0,0.0,0.0,0.0,0.0,0.0,0.0,0.0,0.0,0.0,0.0,0.0,0.0,0.0,0.0,0.0,0.0,0.0,0.0,0.0,0.0,0.0,0.0,0.0,0.0,0.0,0.0,0.0,0.0,0.0,0.0,0.0,0.0,0.0,0.0,0.0,0.0,0.0,0.0,0.0,0.0,0.0,0.0,0.0,0.0,0.0,0.0,0.0,0.0,0.0,0.0,0.0,0.0,0.0,0.0,0.0,0.0,0.0
inferiorparietal-rh,0.0,0.0,0.0,0.0,0.0,0.0,0.0,0.0,0.0,0.0,0.0,0.0,0.0,0.0,0.0,0.0,0.0,0.0,0.0,0.0,0.0,0.0,0.0,0.0,0.0,0.0,0.0,0.0,0.0,0.0,0.0,0.0,0.0,0.0,0.0,0.0,0.0,0.0,0.0,0.0,0.0,0.0,0.0,0.0,0.0,0.0,0.0,0.0,0.0,0.0,0.0,0.0,0.0,0.0,0.0,0.0,0.0,0.0,0.0,0.0,0.0,0.0,0.0,0.0,0.0,0.0,0.0,0.0
inferiortemporal-lh,0.0,0.0,0.0,0.0,0.0,0.0,0.0,0.0,0.0,0.0,0.0,0.0,0.0,0.0,0.0,0.0,0.0,0.0,0.0,0.0,0.0,0.0,0.0,0.0,0.0,0.0,0.0,0.0,0.0,0.0,0.0,0.0,0.0,0.0,0.0,0.0,0.0,0.0,0.0,0.0,0.0,0.0,0.0,0.0,0.0,0.0,0.0,0.0,0.0,0.0,0.0,0.0,0.0,0.0,0.0,0.0,0.0,0.0,0.0,0.0,0.0,0.0,0.0,0.0,0.0,0.0,0.0,0.0
inferiortemporal-rh,0.0,0.0,0.0,0.0,0.0,0.0,0.0,0.1794871794871795,0.0,0.0,0.0,0.05128205128205128,0.0,0.0,0.0,0.0,0.0,0.15384615384615385,0.0,0.0,0.1794871794871795,0.0,0.0,0.0,0.0,0.0,0.0,0.0,0.0,0.0,0.0,0.0,0.0,0.0,0.0,0.0,0.0,0.0,0.0,0.0,0.0,0.0,0.0,0.0,0.1794871794871795,0.0,0.0,0.0,0.0,0.0,0.1794871794871795,0.0,0.0,0.0,0.0,0.0,0.0,0.0,0.0,0.0,0.07692307692307693,0.0,0.0,0.0,0.0,0.0,0.0,0.0
insula-lh,0.0,0.0,0.0,0.0,0.0,0.0,0.0,0.0,0.0,0.0,0.0,0.0,0.0,0.0,0.0,0.0,0.0,0.0,0.0,0.0,0.0,0.0,0.0,0.0,0.0,0.0,0.0,0.0,0.0,0.0,0.0,0.0,0.0,0.0,0.0,0.0,0.0,0.0,0.0,0.0,0.0,0.0,0.0,0.0,0.0,0.0,0.0,0.0,0.0,0.0,0.0,0.0,0.0,0.0,0.0,0.0,0.0,0.0,0.0,0.0,0.0,0.0,0.0,0.0,0.0,0.0,0.0,0.0
insula-rh,0.0,0.0,0.0,0.0,0.0,0.0,0.0,0.0,0.0,0.0,0.0,0.0,0.0,0.0,0.0,0.0,0.0,0.0,0.0,0.0,0.0,0.0,0.0,0.0,0.0,0.0,0.0,0.0,0.0,0.0,0.0,0.0,0.0,0.0,0.0,0.0,0.0,0.0,0.0,0.0,0.0,0.0,0.0,0.0,0.0,0.0,0.0,0.0,0.0,0.0,0.0,0.0,0.0,0.0,0.0,0.0,0.0,0.0,0.0,0.0,0.0,0.0,0.0,0.0,0.0,0.0,0.0,0.0
isthmuscingulate-lh,0.0,0.0,0.0,0.0,0.0,0.0,0.055152394775036286,0.03773584905660377,0.0,0.0,0.0,0.08563134978229318,0.0,0.0,0.0,0.0,0.0,0.010159651669085631,0.0,0.0,0.1262699564586357,0.0,0.0,0.0,0.0,0.06095791001451379,0.0,0.0,0.0,0.047895500725689405,0.0,0.0,0.0,0.0,0.0,0.0,0.0,0.0,0.0,0.0,0.0,0.05660377358490566,0.0,0.0,0.033381712626995644,0.0,0.08563134978229318,0.0,0.07256894049346879,0.0,0.06095791001451379,0.08563134978229318,0.0,0.07111756168359942,0.027576197387518143,0.0,0.03193033381712627,0.0,0.0,0.00725689404934688,0.008708272859216255,0.0,0.026124818577648767,0.0,0.0,0.008708272859216255,0.0,0.0
isthmuscingulate-rh,0.0,0.0,0.0,0.0,0.0,0.0,0.0,0.0,0.0,0.0,0.0,0.0,0.0,0.0,0.0,0.0,0.0,0.0,0.0,0.0,0.0,0.0,0.0,0.0,0.0,0.0,0.0,0.0,0.0,0.0,0.0,0.0,0.0,0.0,0.0,0.0,0.0,0.0,0.0,0.0,0.0,0.0,0.0,0.0,0.0,0.0,0.0,0.0,0.0,0.0,0.0,0.0,0.0,0.0,0.0,0.0,0.0,0.0,0.0,0.0,0.0,0.0,0.0,0.0,0.0,0.0,0.0,0.0
lateraloccipital-lh,0.0,0.0,0.0,0.0,0.052083333333333336,0.0,0.20833333333333334,0.0,0.0,0.0,0.0,0.0,0.0,0.0,0.0,0.0,0.0,0.0,0.0,0.0,0.0,0.0,0.1875,0.0,0.0,0.03125,0.0,0.0,0.0,0.0,0.0,0.0,0.0,0.0,0.0,0.0,0.0,0.0,0.0,0.0,0.0,0.0,0.0,0.20833333333333334,0.0,0.0,0.052083333333333336,0.0,0.20833333333333334,0.0,0.0,0.0,0.0,0.052083333333333336,0.0,0.0,0.0,0.0,0.0,0.0,0.0,0.0,0.0,0.0,0.0,0.0,0.0,0.0
lateraloccipital-rh,0.0,0.0,0.0,0.0,0.0,0.0,0.0,0.0,0.0,0.0,0.0,0.0,0.0,0.0,0.0,0.0,0.0,0.0,0.0,0.0,0.0,0.0,0.0,0.0,0.0,0.0,0.0,0.0,0.0,0.0,0.0,0.0,0.0,0.0,0.0,0.0,0.0,0.0,0.0,0.0,0.0,0.0,0.0,0.0,0.0,0.0,0.0,0.0,0.0,0.0,0.0,0.0,0.0,0.0,0.0,0.0,0.0,0.0,0.0,0.0,0.0,0.0,0.0,0.0,0.0,0.0,0.0,0.0
lateralorbitofrontal-lh,0.0,0.0,0.0,0.0,0.0,0.0,0.0,0.0,0.0,0.0,0.0,0.0,0.0,0.0,0.0,0.0,0.0,0.0,0.0,0.0,0.0,0.0,0.0,0.0,0.0,0.0,0.0,0.0,0.0,0.0,0.0,0.0,0.0,0.0,0.0,0.0,0.0,0.0,0.0,0.0,0.0,0.0,0.0,0.0,0.0,0.0,0.0,0.0,0.0,0.0,0.0,0.0,0.0,0.0,0.0,0.0,0.0,0.0,0.0,0.0,0.0,0.0,0.0,0.0,0.0,0.0,0.0,0.0
lateralorbitofrontal-rh,0.0,0.0,0.026729559748427674,0.0,0.03773584905660377,0.0,0.06289308176100629,0.0,0.0,0.0,0.0,0.06132075471698113,0.0,0.0,0.0,0.0,0.0,0.0,0.0,0.0,0.059748427672955975,0.0,0.0015723270440251573,0.0,0.0,0.10849056603773585,0.0,0.0,0.0,0.026729559748427674,0.0,0.0,0.0,0.0,0.0,0.0,0.0,0.0,0.0,0.0,0.0,0.02830188679245283,0.0,0.006289308176100629,0.02358490566037736,0.0,0.09905660377358491,0.0,0.08490566037735849,0.0,0.06289308176100629,0.07547169811320754,0.0,0.08018867924528301,0.012578616352201259,0.0,0.04716981132075472,0.0,0.0,0.018867924528301886,0.0,0.0,0.02830188679245283,0.0,0.020440251572327043,0.01729559748427673,0.009433962264150943,0.0
lingual-lh,0.0,0.0,0.0,0.0,0.0,0.0,0.0,0.0,0.0,0.0,0.0,0.0,0.0,0.0,0.0,0.0,0.0,0.0,0.0,0.0,0.0,0.0,0.0,0.0,0.0,0.0,0.0,0.0,0.0,0.0,0.0,0.0,0.0,0.0,0.0,0.0,0.0,0.0,0.0,0.0,0.0,0.0,0.0,0.0,0.0,0.0,0.0,0.0,0.0,0.0,0.0,0.0,0.0,0.0,0.0,0.0,0.0,0.0,0.0,0.0,0.0,0.0,0.0,0.0,0.0,0.0,0.0,0.0
lingual-rh,0.0,0.0,0.0,0.0,0.0,0.0,0.0,0.0,0.0,0.0,0.0,0.0,0.0,0.0,0.0,0.0,0.0,0.0,0.0,0.0,0.0,0.0,0.0,0.0,0.0,0.0,0.0,0.0,0.0,0.0,0.0,0.0,0.0,0.0,0.0,0.0,0.0,0.0,0.0,0.0,0.0,0.0,0.0,0.0,0.0,0.0,0.0,0.0,0.0,0.0,0.0,0.0,0.0,0.0,0.0,0.0,0.0,0.0,0.0,0.0,0.0,0.0,0.0,0.0,0.0,0.0,0.0,0.0
medialorbitofrontal-lh,0.0,0.0,0.0,0.0,0.0,0.0,0.0,0.0,0.0,0.0,0.0,0.0,0.0,0.0,0.0,0.0,0.0,0.0,0.0,0.0,0.0,0.0,0.0,0.0,0.0,0.0,0.0,0.0,0.0,0.0,0.0,0.0,0.0,0.0,0.0,0.0,0.0,0.0,0.0,0.0,0.0,0.0,0.0,0.0,0.0,0.0,0.0,0.0,0.0,0.0,0.0,0.0,0.0,0.0,0.0,0.0,0.0,0.0,0.0,0.0,0.0,0.0,0.0,0.0,0.0,0.0,0.0,0.0
medialorbitofrontal-rh,0.0,0.0,0.0,0.0,0.0,0.0,0.021406727828746176,0.0,0.0,0.0,0.0,0.10091743119266056,0.0,0.0,0.0,0.0,0.0,0.0,0.0,0.0,0.10091743119266056,0.0,0.0,0.0,0.0,0.06422018348623854,0.0,0.0,0.0,0.09480122324159021,0.0,0.0,0.0,0.0,0.0,0.0,0.0,0.0,0.0,0.0,0.0,0.09480122324159021,0.0,0.0,0.0061162079510703364,0.0,0.10091743119266056,0.0,0.09174311926605505,0.0,0.03363914373088685,0.10091743119266056,0.0,0.10091743119266056,0.0581039755351682,0.0,0.0061162079510703364,0.0,0.0,0.0,0.0,0.0,0.024464831804281346,0.0,0.0,0.0,0.0,0.0
middletemporal-lh,0.0,0.0,0.0,0.0,0.0,0.0,0.0,0.0,0.0,0.0,0.0,0.0,0.0,0.0,0.0,0.0,0.0,0.0,0.0,0.0,0.0,0.0,0.0,0.0,0.0,0.0,0.0,0.0,0.0,0.0,0.0,0.0,0.0,0.0,0.0,0.0,0.0,0.0,0.0,0.0,0.0,0.0,0.0,0.0,0.0,0.0,0.0,0.0,0.0,0.0,0.0,0.0,0.0,0.0,0.0,0.0,0.0,0.0,0.0,0.0,0.0,0.0,0.0,0.0,0.0,0.0,0.0,0.0
middletemporal-rh,0.0,0.0,0.0,0.0,0.0,0.0,0.0,0.0,0.0,0.0,0.0,0.0,0.0,0.0,0.0,0.0,0.0,0.0,0.0,0.0,0.0,0.0,0.0,0.0,0.0,0.0,0.0,0.0,0.0,0.0,0.0,0.0,0.0,0.0,0.0,0.0,0.0,0.0,0.0,0.0,0.0,0.0,0.0,0.0,0.0,0.0,0.0,0.0,0.0,0.0,0.0,0.0,0.0,0.0,0.0,0.0,0.0,0.0,0.0,0.0,0.0,0.0,0.0,0.0,0.0,0.0,0.0,0.0
paracentral-lh,0.0,0.0,0.0,0.0,0.0,0.0,0.0,0.0,0.0,0.0,0.0,0.0,0.0,0.0,0.0,0.0,0.0,0.0,0.0,0.0,0.0,0.0,0.0,0.0,0.0,0.0,0.0,0.0,0.0,0.0,0.0,0.0,0.5,0.0,0.0,0.0,0.0,0.0,0.0,0.0,0.0,0.0,0.0,0.0,0.0,0.0,0.0,0.0,0.0,0.5,0.0,0.0,0.0,0.0,0.0,0.0,0.0,0.0,0.0,0.0,0.0,0.0,0.0,0.0,0.0,0.0,0.0,0.0
paracentral-rh,0.0,0.0,0.0,0.0,0.0,0.0,0.0,0.0,0.0,0.0,0.0,0.0,0.0,0.0,0.0,0.0,0.0,0.0,0.0,0.0,0.0,0.0,0.0,0.0,0.0,0.0,0.0,0.0,0.0,0.0,0.0,0.0,0.0,1.0,0.0,0.0,0.0,0.0,0.0,0.0,0.0,0.0,0.0,0.0,0.0,0.0,0.0,0.0,0.0,0.0,0.0,0.0,0.0,0.0,0.0,0.0,0.0,0.0,0.0,0.0,0.0,0.0,0.0,0.0,0.0,0.0,0.0,0.0
parahippocampal-lh,0.0,0.0,0.0,0.0,0.0,0.0,0.0,0.0,0.0,0.0,0.0,0.0,0.0,0.0,0.0,0.0,0.0,0.0,0.0,0.0,0.0,0.0,0.0,0.0,0.0,0.0,0.0,0.0,0.0,0.0,0.0,0.0,0.0,0.0,0.0,0.0,0.0,0.0,0.0,0.0,0.0,0.0,0.0,0.0,0.0,0.0,0.0,0.0,0.0,0.0,0.0,0.0,0.0,0.0,0.0,0.0,0.0,0.0,0.0,0.0,0.0,0.0,0.0,0.0,0.0,0.0,0.0,0.0
parahippocampal-rh,0.0,0.0,0.0,0.0,0.0,0.0,0.0,0.0,0.0,0.0,0.0,0.0,0.0,0.0,0.0,0.0,0.0,0.0,0.0,0.0,0.0,0.0,0.0,0.0,0.0,0.0,0.0,0.0,0.0,0.0,0.0,0.0,0.0,0.0,0.0,0.0,0.0,0.0,0.0,0.0,0.0,0.0,0.0,0.0,0.0,0.0,0.0,0.0,0.0,0.0,0.0,0.0,0.0,0.0,0.0,0.0,0.0,0.0,0.0,0.0,0.0,0.0,0.0,0.0,0.0,0.0,0.0,0.0
parsopercularis-lh,0.0,0.0,0.0,0.0,0.0,0.0,0.0,0.0,0.0,0.0,0.0,0.0,0.0,0.0,0.0,0.0,0.0,0.0,0.0,0.0,0.0,0.0,0.0,0.0,0.0,0.0,0.0,0.0,0.0,0.0,0.0,0.0,0.0,0.0,0.0,0.0,0.0,0.0,0.0,0.0,0.0,0.0,0.0,0.0,0.0,0.0,0.0,0.0,0.0,0.0,0.0,0.0,0.0,0.0,0.0,0.0,0.0,0.0,0.0,0.0,0.0,0.0,0.0,0.0,0.0,0.0,0.0,0.0
parsopercularis-rh,0.0,0.0,0.0,0.0,0.0,0.0,0.23214285714285715,0.0,0.0,0.0,0.0,0.0,0.0,0.0,0.0,0.0,0.0,0.0,0.0,0.0,0.0,0.0,0.0,0.0,0.0,0.0,0.0,0.0,0.0,0.0,0.0,0.0,0.0,0.0,0.0,0.0,0.0,0.26785714285714285,0.0,0.0,0.0,0.0,0.0,0.08928571428571429,0.2857142857142857,0.0,0.0,0.0,0.0,0.0,0.0,0.0,0.0,0.0,0.0,0.0,0.125,0.0,0.0,0.0,0.0,0.0,0.0,0.0,0.0,0.0,0.0,0.0
parsorbitalis-lh,0.0,0.0,0.0,0.0,0.0,0.0,0.0,0.0,0.0,0.0,0.0,0.0,0.0,0.0,0.0,0.0,0.0,0.0,0.0,0.0,0.0,0.0,0.0,0.0,0.0,0.0,0.0,0.0,0.0,0.0,0.0,0.0,0.0,0.0,0.0,0.0,0.0,0.0,0.0,0.0,0.0,0.0,0.0,0.0,0.0,0.0,0.0,0.0,0.0,0.0,0.0,0.0,0.0,0.0,0.0,0.0,0.0,0.0,0.0,0.0,0.0,0.0,0.0,0.0,0.0,0.0,0.0,0.0
parsorbitalis-rh,0.0,0.0,0.0,0.0,0.0,0.0,0.0,0.0,0.0,0.0,0.0,0.0,0.0,0.0,0.0,0.0,0.0,0.0,0.0,0.0,0.0,0.0,0.0,0.0,0.0,0.0,0.0,0.0,0.0,0.0,0.0,0.0,0.0,0.0,0.0,0.0,0.0,0.0,0.0,0.0,0.0,0.0,0.0,0.0,0.0,0.0,0.0,0.0,0.0,0.0,0.0,0.0,0.0,0.0,0.0,0.0,0.0,0.0,0.0,0.0,0.0,0.0,0.0,0.0,0.0,0.0,0.0,0.0
parstriangularis-lh,0.0,0.0,0.0,0.0,0.0,0.0,0.0,0.0,0.0,0.0,0.0,0.0,0.0,0.0,0.0,0.0,0.0,0.0,0.0,0.0,0.0,0.0,0.0,0.0,0.0,0.0,0.0,0.0,0.0,0.0,0.0,0.0,0.0,0.0,0.0,0.0,0.0,0.0,0.0,0.0,0.0,0.0,0.0,0.0,0.0,0.0,0.0,0.0,0.0,0.0,0.0,0.0,0.0,0.0,0.0,0.0,0.0,0.0,0.0,0.0,0.0,0.0,0.0,0.0,0.0,0.0,0.0,0.0
parstriangularis-rh,0.0,0.0,0.0,0.0,0.0,0.0,0.019230769230769232,0.016826923076923076,0.0,0.0,0.0,0.10096153846153846,0.0,0.0,0.0,0.0,0.0,0.0,0.0,0.0,0.10336538461538461,0.0,0.0,0.0,0.0,0.052884615384615384,0.0,0.0,0.0,0.07932692307692307,0.0,0.0,0.0,0.0,0.0,0.0,0.0,0.0,0.0,0.0,0.0,0.1346153846153846,0.0,0.0,0.009615384615384616,0.0,0.10336538461538461,0.0,0.07451923076923077,0.0,0.028846153846153848,0.10576923076923077,0.0,0.09134615384615384,0.04567307692307692,0.0,0.009615384615384616,0.0,0.0,0.0,0.0,0.0,0.02403846153846154,0.0,0.0,0.0,0.0,0.0
pericalcarine-lh,0.0,0.0,0.0,0.0,0.0,0.0,0.0,0.0,0.0,0.0,0.0,0.0,0.0,0.0,0.0,0.0,0.0,0.0,0.0,0.0,0.0,0.0,0.0,0.0,0.0,0.0,0.0,0.0,0.0,0.0,0.0,0.0,0.0,0.0,0.0,0.0,0.0,0.0,0.0,0.0,0.0,0.0,0.0,0.0,0.0,0.0,0.0,0.0,0.0,0.0,0.0,0.0,0.0,0.0,0.0,0.0,0.0,0.0,0.0,0.0,0.0,0.0,0.0,0.0,0.0,0.0,0.0,0.0
pericalcarine-rh,0.0,0.0,0.0,0.0,0.04044943820224719,0.0,0.14382022471910114,0.15280898876404495,0.0,0.0,0.0,0.0,0.0,0.0,0.0,0.0,0.0,0.0,0.0,0.0,0.0,0.0,0.04269662921348315,0.0,0.0,0.01348314606741573,0.0,0.0,0.0,0.0,0.0,0.0,0.0,0.0,0.0,0.0,0.0,0.006741573033707865,0.0,0.0,0.0,0.0,0.0,0.25842696629213485,0.04943820224719101,0.0,0.017977528089887642,0.02247191011235955,0.06292134831460675,0.0,0.017977528089887642,0.0,0.0,0.017977528089887642,0.0,0.0,0.08089887640449438,0.0,0.0,0.06292134831460675,0.0,0.0,0.0,0.0,0.0,0.0,0.0,0.008988764044943821
postcentral-lh,0.0,0.0,0.0,0.0,0.0,0.0,0.11281070745697896,0.07074569789674952,0.0,0.0,0.0,0.055449330783938815,0.0,0.0,0.0,0.0,0.0,0.01338432122370937,0.0,0.0,0.04397705544933078,0.0,0.0,0.0,0.0,0.0248565965583174,0.0,0.0,0.0,0.0,0.0,0.0,0.0,0.0,0.0,0.0,0.0,0.030592734225621414,0.0,0.0,0.0,0.0038240917782026767,0.0,0.0497131931166348,0.1835564053537285,0.0,0.022944550669216062,0.015296367112810707,0.019120458891013385,0.0,0.08795411089866156,0.028680688336520075,0.0,0.01338432122370937,0.0,0.0,0.1089866156787763,0.0,0.0,0.036328871892925434,0.028680688336520075,0.0,0.04780114722753346,0.0,0.0019120458891013384,0.0,0.0,0.0
postcentral-rh,0.0,0.0,0.0,0.0,0.0,0.0,0.0,0.0,0.0,0.0,0.0,0.0,0.0,0.0,0.0,0.0,0.0,0.0,0.0,0.0,0.0,0.0,0.0,0.0,0.0,0.0,0.0,0.0,0.0,0.0,0.0,0.0,0.0,0.0,0.0,0.0,0.0,0.0,0.0,0.0,0.0,0.0,0.0,0.0,0.0,0.0,0.0,0.0,0.0,0.0,0.0,0.0,0.0,0.0,0.0,0.0,0.0,0.0,0.0,0.0,0.0,0.0,0.0,0.0,0.0,0.0,0.0,0.0
posteriorcingulate-lh,0.0,0.0,0.013447432762836185,0.0,0.02567237163814181,0.0,0.061124694376528114,0.0,0.0,0.0,0.0,0.06723716381418093,0.0,0.0,0.0,0.0,0.0,0.0,0.0,0.0,0.06845965770171149,0.0,0.004889975550122249,0.0,0.0,0.08190709046454768,0.0,0.0,0.0,0.040342298288508556,0.0,0.0,0.0,0.0,0.0,0.0,0.0,0.0,0.0,0.0,0.0,0.04767726161369193,0.0,0.008557457212713936,0.017114914425427872,0.0,0.1271393643031785,0.0,0.08312958435207823,0.0,0.05134474327628362,0.08679706601466992,0.0,0.08801955990220049,0.023227383863080684,0.0,0.039119804400977995,0.0,0.0,0.017114914425427872,0.0,0.0,0.022004889975550123,0.0,0.008557457212713936,0.017114914425427872,0.0,0.0
posteriorcingulate-rh,0.0,0.0,0.0,0.0,0.1368421052631579,0.0,0.010526315789473684,0.0,0.0,0.0,0.0,0.0,0.0,0.0,0.0,0.0,0.0,0.0,0.0,0.0,0.0,0.0,0.0,0.0,0.0,0.0,0.0,0.0,0.0,0.0,0.0,0.0,0.0,0.0,0.0,0.0,0.0,0.0,0.0,0.0,0.0,0.0,0.0,0.08421052631578947,0.09473684210526316,0.0,0.0,0.45263157894736844,0.0,0.0,0.0,0.0,0.0,0.0,0.0,0.0,0.042105263157894736,0.0,0.0,0.0,0.0,0.0,0.09473684210526316,0.0,0.0,0.0,0.0,0.08421052631578947
precentral-lh,0.0,0.0,0.009708737864077669,0.0,0.023578363384188627,0.0,0.07905686546463246,0.0,0.0,0.0,0.0,0.06102635228848821,0.0,0.0,0.0,0.0,0.0,0.0,0.0,0.0,0.0651872399445215,0.0,0.024965325936199722,0.0,0.0,0.08321775312066575,0.0,0.0,0.0,0.036061026352288486,0.0,0.0,0.0,0.0,0.0,0.0,0.0,0.0,0.0,0.0,0.0,0.03744798890429958,0.0,0.03744798890429958,0.016643550624133148,0.0,0.0957004160887656,0.0,0.11789181692094314,0.0,0.04854368932038835,0.07212205270457697,0.0,0.08183079056865465,0.022191400832177532,0.0,0.03467406380027739,0.0,0.0,0.011095700416088766,0.0,0.0,0.024965325936199722,0.0,0.004160887656033287,0.012482662968099861,0.0,0.0
precentral-rh,0.0,0.0,0.0,0.0,0.0,0.0,0.0,0.0,0.0,0.0,0.0,0.0,0.0,0.0,0.0,0.0,0.0,0.0,0.0,0.0,0.0,0.0,0.0,0.0,0.0,0.0,0.0,0.0,0.0,0.0,0.0,0.0,0.10869565217391304,0.0,0.0,0.0,0.0,0.0,0.0,0.0,0.0,0.0,0.0,0.0,0.0,0.0,0.0,0.0,0.0,0.8913043478260869,0.0,0.0,0.0,0.0,0.0,0.0,0.0,0.0,0.0,0.0,0.0,0.0,0.0,0.0,0.0,0.0,0.0,0.0
precuneus-lh,0.0,0.0,0.0,0.0,0.0,0.0,0.08452950558213716,0.04146730462519936,0.0,0.0,0.0,0.07017543859649122,0.0,0.0,0.0,0.0,0.0,0.011164274322169059,0.0,0.0,0.06379585326953748,0.0,0.0,0.0,0.0,0.05741626794258373,0.0,0.0,0.0,0.011164274322169059,0.0,0.0,0.0,0.0,0.0,0.0,0.0,0.0,0.0,0.0,0.0,0.012759170653907496,0.0,0.019138755980861243,0.07814992025518341,0.0,0.06060606060606061,0.0,0.049441786283891544,0.0,0.13237639553429026,0.06698564593301436,0.0,0.03668261562998405,0.001594896331738437,0.0,0.07814992025518341,0.0,0.0,0.049441786283891544,0.023923444976076555,0.0,0.02711323763955343,0.0,0.001594896331738437,0.022328548644338118,0.0,0.0
precuneus-rh,0.0,0.0,0.0,0.0,0.0,0.0,0.06060606060606061,0.0,0.0,0.0,0.0,0.08080808080808081,0.0,0.0,0.0,0.0,0.0,0.0,0.0,0.0,0.08225108225108226,0.0,0.0,0.0,0.0,0.06926406926406926,0.0,0.0,0.0,0.047619047619047616,0.0,0.0,0.0,0.0,0.0,0.0,0.0,0.0,0.0,0.0,0.0,0.05772005772005772,0.0,0.001443001443001443,0.024531024531024532,0.0,0.10101010101010101,0.0,0.07503607503607504,0.0,0.06637806637806638,0.10822510822510822,0.0,0.0735930735930736,0.027417027417027416,0.0,0.05194805194805195,0.0,0.0,0.025974025974025976,0.0,0.0,0.025974025974025976,0.0,0.0,0.020202020202020204,0.0,0.0
rostralanteriorcingulate-lh,0.0,0.0,0.0,0.0,0.0,0.0,0.0,0.0,0.0,0.0,0.0,0.0,0.0,0.0,0.0,0.0,0.0,0.0,0.0,0.0,0.0,0.0,0.0,0.0,0.0,0.0,0.0,0.0,0.0,0.0,0.0,0.0,0.0,0.0,0.0,0.0,0.0,0.0,0.0,0.0,0.0,0.0,0.0,0.0,0.0,0.0,0.0,0.0,0.0,0.0,0.0,0.0,0.0,0.0,0.0,0.0,0.0,0.0,0.0,0.0,0.0,0.0,0.0,0.0,0.0,0.0,0.0,0.0
rostralanteriorcingulate-rh,0.0,0.0,0.0183206106870229,0.0,0.03358778625954199,0.0,0.04580152671755725,0.0,0.0,0.0,0.0,0.07480916030534351,0.0,0.0,0.0,0.0,0.0,0.0,0.0,0.0,0.07786259541984733,0.0,0.0061068702290076335,0.0,0.0,0.08702290076335878,0.0,0.0,0.0,0.04885496183206107,0.0,0.0,0.0,0.0,0.0,0.0,0.0,0.0,0.0,0.0,0.0,0.051908396946564885,0.0,0.010687022900763359,0.013740458015267175,0.0,0.1083969465648855,0.0,0.09465648854961832,0.0,0.04122137404580153,0.07786259541984733,0.0,0.10687022900763359,0.02900763358778626,0.0,0.025954198473282442,0.0,0.0,0.004580152671755725,0.0,0.0,0.022900763358778626,0.0,0.012213740458015267,0.0061068702290076335,0.0015267175572519084,0.0
rostralmiddlefrontal-lh,0.0,0.0,0.0,0.0,0.0,0.0,0.021739130434782608,0.0,0.0,0.0,0.0,0.10326086956521739,0.0,0.0,0.0,0.0,0.0,0.0,0.0,0.0,0.10326086956521739,0.0,0.0,0.0,0.0,0.06521739130434782,0.0,0.0,0.0,0.09782608695652174,0.0,0.0,0.0,0.0,0.0,0.0,0.0,0.0,0.0,0.0,0.0,0.09239130434782608,0.0,0.0,0.0,0.0,0.10326086956521739,0.0,0.09782608695652174,0.0,0.016304347826086956,0.10326086956521739,0.0,0.10326086956521739,0.09239130434782608,0.0,0.0,0.0,0.0,0.0,0.0,0.0,0.0,0.0,0.0,0.0,0.0,0.0
rostralmiddlefrontal-rh,0.0,0.0,0.0,0.0,0.0,0.0,0.0,0.0,0.0,0.0,0.0,0.0,0.0,0.0,0.0,0.0,0.0,0.0,0.0,0.0,0.0,0.0,0.0,0.0,0.0,0.0,0.0,0.0,0.0,0.0,0.0,0.0,0.0,0.0,0.0,0.0,0.0,0.0,0.0,0.0,0.0,0.0,0.0,0.0,0.0,0.0,0.0,0.0,0.0,0.0,0.0,0.0,0.0,0.0,0.0,0.0,0.0,0.0,0.0,0.0,0.0,0.0,0.0,0.0,0.0,0.0,0.0,0.0
superiorfrontal-lh,0.0,0.0,0.0,0.0,0.0,0.0,0.1423841059602649,0.061258278145695365,0.0,0.0,0.0,0.024834437086092714,0.0,0.0,0.0,0.0,0.0,0.0,0.0,0.0,0.029801324503311258,0.0,0.0,0.0,0.0,0.04304635761589404,0.0,0.0,0.0,0.0,0.0,0.0,0.0,0.0,0.0,0.0,0.0,0.014900662251655629,0.0,0.0,0.0,0.0033112582781456954,0.0,0.06622516556291391,0.09271523178807947,0.0,0.046357615894039736,0.0033112582781456954,0.0347682119205298,0.0,0.07450331125827815,0.052980132450331126,0.0,0.02152317880794702,0.0,0.0,0.152317880794702,0.0,0.0,0.08112582781456953,0.0,0.0,0.03145695364238411,0.0,0.0,0.023178807947019868,0.0,0.0
superiorfrontal-rh,0.0,0.0,0.0,0.0,0.0,0.0,0.0,0.0,0.0,0.0,0.0,0.0,0.0,0.0,0.0,0.0,0.0,0.0,0.0,0.0,0.0,0.0,0.0,0.0,0.0,0.0,0.0,0.0,0.0,0.0,0.0,0.0,0.0,0.0,0.0,0.0,0.0,0.0,0.0,0.0,0.0,0.0,0.0,0.0,0.0,0.0,0.0,0.0,0.0,0.0,0.0,0.0,0.0,0.0,0.0,0.0,0.0,0.0,0.0,0.0,0.0,0.0,0.0,0.0,0.0,0.0,0.0,0.0
superiorparietal-lh,0.0,0.0,0.0,0.0,0.0,0.0,0.0,0.0,0.0,0.0,0.0,0.0,0.0,0.0,0.0,0.0,0.0,0.0,0.0,0.0,0.0,0.0,0.0,0.0,0.0,0.0,0.0,0.0,0.0,0.0,0.0,0.0,0.0,0.0,0.0,0.0,0.0,0.0,0.0,0.0,0.0,0.0,0.0,0.0,0.0,0.0,0.0,0.0,0.0,0.0,0.0,0.0,0.0,0.0,0.0,0.0,0.0,0.0,0.0,0.0,0.0,0.0,0.0,0.0,0.0,0.0,0.0,0.0
superiorparietal-rh,0.0,0.0,0.0,0.0,0.0,0.0,0.1513157894736842,0.09539473684210527,0.0,0.0,0.0,0.0,0.0,0.0,0.0,0.0,0.0,0.0,0.0,0.0,0.009868421052631578,0.0,0.0,0.0,0.0,0.02631578947368421,0.0,0.0,0.0,0.0,0.0,0.0,0.0,0.0,0.0,0.0,0.0,0.0,0.0,0.0,0.0,0.0,0.0,0.10526315789473684,0.0625,0.0,0.03618421052631579,0.0,0.019736842105263157,0.0,0.08881578947368421,0.046052631578947366,0.0,0.003289473684210526,0.0,0.0,0.1611842105263158,0.0,0.0,0.15460526315789475,0.0,0.0,0.0,0.0,0.0,0.039473684210526314,0.0,0.0
superiortemporal-lh,0.0,0.0,0.0,0.0,0.0,0.0,0.0,0.1566265060240964,0.0,0.0,0.0,0.1566265060240964,0.0,0.0,0.0,0.0,0.0,0.060240963855421686,0.0,0.0,0.0963855421686747,0.0,0.0,0.0,0.0,0.0,0.0,0.0,0.0,0.0,0.0,0.0,0.0,0.0,0.0,0.0,0.0,0.0,0.0,0.0,0.0,0.0,0.0,0.0,0.18072289156626506,0.0,0.0,0.0,0.0,0.0,0.18072289156626506,0.0,0.0,0.0,0.0,0.0,0.0,0.0,0.0,0.0,0.1686746987951807,0.0,0.0,0.0,0.0,0.0,0.0,0.0
superiortemporal-rh,0.0,0.0,0.0,0.0,0.0,0.0,0.0,0.0,0.0,0.0,0.0,0.0,0.0,0.0,0.0,0.0,0.0,0.0,0.0,0.0,0.0,0.0,0.0,0.0,0.0,0.0,0.0,0.0,0.0,0.0,0.0,0.0,0.0,0.0,0.0,0.0,0.0,0.0,0.0,0.0,0.0,0.0,0.0,0.0,0.0,0.0,0.0,0.0,0.0,0.0,0.0,0.0,0.0,0.0,0.0,0.0,0.0,0.0,0.0,0.0,0.0,0.0,0.0,0.0,0.0,0.0,0.0,0.0
supramarginal-lh,0.0,0.0,0.0,0.0,0.0,0.0,0.07636363636363637,0.0,0.0,0.0,0.0,0.05818181818181818,0.0,0.0,0.0,0.0,0.0,0.0,0.0,0.0,0.05818181818181818,0.0,0.0,0.0,0.0,0.06545454545454546,0.0,0.0,0.0,0.02181818181818182,0.0,0.0,0.0,0.0,0.0,0.0,0.0,0.0,0.0,0.0,0.0,0.02909090909090909,0.0,0.0,0.10545454545454545,0.0,0.06545454545454546,0.03272727272727273,0.05818181818181818,0.0,0.06545454545454546,0.06545454545454546,0.0,0.04727272727272727,0.0,0.0,0.08363636363636363,0.0,0.0,0.0,0.0,0.0,0.16727272727272727,0.0,0.0,0.0,0.0,0.0
supramarginal-rh,0.0,0.0,0.0,0.0,0.0,0.0,0.0,0.0,0.0,0.0,0.0,0.0,0.0,0.0,0.0,0.0,0.0,0.0,0.0,0.0,0.0,0.0,0.0,0.0,0.0,0.0,0.0,0.0,0.0,0.0,0.0,0.0,0.0,0.0,0.0,0.0,0.0,0.0,0.0,0.0,0.0,0.0,0.0,0.0,0.0,0.0,0.0,0.0,0.0,0.0,0.0,0.0,0.0,0.0,0.0,0.0,0.0,0.0,0.0,0.0,0.0,0.0,0.0,0.0,0.0,0.0,0.0,0.0
temporalpole-lh,0.0,0.0,0.13761467889908258,0.0,0.12844036697247707,0.0,0.0,0.0,0.0,0.0,0.0,0.13761467889908258,0.0,0.0,0.0,0.0,0.0,0.0,0.0,0.0,0.0,0.0,0.0,0.0,0.0,0.10091743119266056,0.0,0.0,0.0,0.0,0.0,0.0,0.0,0.0,0.0,0.0,0.0,0.0,0.0,0.0,0.0,0.0,0.0,0.0,0.027522935779816515,0.0,0.045871559633027525,0.0,0.009174311926605505,0.0,0.027522935779816515,0.0,0.0,0.05504587155963303,0.0,0.0,0.0,0.0,0.0,0.0,0.0,0.0,0.0,0.0,0.2018348623853211,0.0,0.12844036697247707,0.0
temporalpole-rh,0.0,0.0,0.0,0.0,0.0,0.0,0.11864406779661017,0.0,0.0,0.0,0.0,0.00847457627118644,0.0,0.0,0.0,0.0,0.0,0.0,0.0,0.0,0.03389830508474576,0.0,0.0,0.0,0.0,0.07627118644067797,0.0,0.0,0.0,0.0,0.0,0.0,0.0,0.0,0.0,0.0,0.0,0.0,0.0,0.0,0.0,0.0,0.0,0.00847457627118644,0.0,0.0,0.1016949152542373,0.0,0.059322033898305086,0.0,0.11864406779661017,0.11016949152542373,0.0,0.01694915254237288,0.0,0.0,0.11864406779661017,0.0,0.0,0.11864406779661017,0.0,0.0,0.0,0.0,0.0,0.11016949152542373,0.0,0.0
transversetemporal-lh,0.0,0.0,0.13114754098360656,0.0,0.11475409836065574,0.0,0.0,0.0,0.0,0.0,0.0,0.21311475409836064,0.0,0.0,0.0,0.0,0.0,0.0,0.0,0.0,0.0,0.0,0.0,0.0,0.0,0.06557377049180328,0.0,0.0,0.0,0.0,0.0,0.0,0.0,0.0,0.0,0.0,0.0,0.0,0.0,0.0,0.0,0.0,0.0,0.0,0.01639344262295082,0.0,0.0,0.0,0.0,0.0,0.01639344262295082,0.0,0.0,0.0,0.0,0.0,0.0,0.0,0.0,0.0,0.0,0.0,0.0,0.0,0.22950819672131148,0.0,0.21311475409836064,0.0
transversetemporal-rh,0.0,0.0,0.0,0.0,0.30434782608695654,0.0,0.0,0.0,0.0,0.0,0.0,0.0,0.0,0.0,0.0,0.0,0.0,0.0,0.0,0.0,0.0,0.0,0.0,0.0,0.0,0.0,0.0,0.0,0.0,0.0,0.0,0.0,0.0,0.0,0.0,0.0,0.0,0.0,0.0,0.0,0.0,0.0,0.0,0.08695652173913043,0.0,0.0,0.0,0.30434782608695654,0.0,0.0,0.0,0.0,0.0,0.0,0.0,0.0,0.0,0.0,0.0,0.0,0.0,0.0,0.0,0.0,0.0,0.0,0.0,0.30434782608695654
