,Fp1,Fz,F3,FT9,FC5,FC1,C3,T7,TP9,CP5,CP1,Pz,P3,P7,O1,Oz,O2,P4,P8,TP10,CP6,CP2,Cz,C4,T8,FT10,FC2,F4,F8,Fp2,AF7,AF3,AFz,F1,FT7,FC3,C1,C5,TP7,CP3,P1,P5,PO7,PO3,POz,PO4,PO8,P6,P2,CPz,CP4,TP8,C6,C2,FC4,FT8,F6,AF8,AF4,F2,FCz
Fp1,0.05895196506550218,0.004366812227074236,0.0,0.0,0.0,0.0,0.0,0.043668122270742356,0.0,0.03711790393013101,0.0,0.0,0.024017467248908297,0.0,0.0,0.0,0.002183406113537118,0.0,0.04585152838427948,0.0,0.0,0.0,0.0,0.0,0.0,0.006550218340611353,0.0,0.0,0.0,0.04148471615720524,0.03275109170305677,0.0,0.05458515283842795,0.039301310043668124,0.039301310043668124,0.0,0.04148471615720524,0.0,0.0,0.04585152838427948,0.034934497816593885,0.0,0.0,0.04148471615720524,0.048034934497816595,0.048034934497816595,0.0,0.04585152838427948,0.048034934497816595,0.04585152838427948,0.017467248908296942,0.0,0.024017467248908297,0.0,0.0,0.034934497816593885,0.0,0.034934497816593885,0.010917030567685589,0.0,0.048034934497816595
Fz,0.0,0.0687382297551789,0.0,0.044256120527306965,0.03766478342749529,0.04048964218455744,0.0,0.0,0.03766478342749529,0.0,0.03766478342749529,0.03295668549905838,0.0009416195856873823,0.0,0.03954802259887006,0.031073446327683617,0.03483992467043315,0.046139359698681735,0.0,0.007532956685499058,0.031073446327683617,0.038606403013182675,0.030131826741996232,0.007532956685499058,0.04143126177024482,0.03295668549905838,0.0423728813559322,0.0,0.0,0.0,0.0,0.03483992467043315,0.0,0.003766478342749529,0.0,0.03295668549905838,0.0,0.013182674199623353,0.03766478342749529,0.0,0.0,0.03672316384180791,0.0,0.0,0.0,0.0,0.04331450094161959,0.0,0.0,0.0,0.0,0.0,0.0,0.01694915254237288,0.00847457627118644,0.005649717514124294,0.04519774011299435,0.0,0.027306967984934087,0.010357815442561206,0.0
F3,0.0,0.0,0.0,0.0,0.0,0.0,0.0,0.0,0.0,0.0,0.0,0.0,0.0,0.0,0.0,0.0,0.0,0.0,0.0,0.0,0.0,0.0,0.0,0.0,0.0,0.0,0.0,0.0,0.0,0.0,0.0,0.0,0.0,0.0,0.0,0.0,0.0,0.0,0.0,0.0,0.0,0.0,0.0,0.0,0.0,0.0,0.0,0.0,0.0,0.0,0.0,0.0,0.0,0.0,0.0,0.0,0.0,0.0,0.0,0.0,0.0
FT9,0.0,0.04271844660194175,0.0,0.05242718446601942,0.039805825242718446,0.036893203883495145,0.0,0.0,0.03300970873786408,0.0,0.03398058252427184,0.03300970873786408,0.007766990291262136,0.0,0.04466019417475728,0.027184466019417475,0.02912621359223301,0.04174757281553398,0.003883495145631068,0.014563106796116505,0.02621359223300971,0.03495145631067961,0.031067961165048542,0.014563106796116505,0.038834951456310676,0.027184466019417475,0.037864077669902914,0.0,0.0,0.006796116504854369,0.000970873786407767,0.03398058252427184,0.0,0.010679611650485437,0.0,0.03203883495145631,0.003883495145631068,0.013592233009708738,0.039805825242718446,0.003883495145631068,0.0,0.035922330097087375,0.0,0.0,0.001941747572815534,0.001941747572815534,0.040776699029126215,0.003883495145631068,0.0,0.000970873786407767,0.0,0.0,0.0,0.02233009708737864,0.008737864077669903,0.01262135922330097,0.04174757281553398,0.0,0.021359223300970873,0.010679611650485437,0.0
FC5,0.0,0.04198062432723358,0.0,0.04520990312163617,0.04305705059203445,0.03982777179763186,0.0,0.0,0.03552206673842842,0.0,0.03659849300322928,0.03552206673842842,0.0032292787944025836,0.0,0.04520990312163617,0.02906350914962325,0.031216361679224973,0.04305705059203445,0.0,0.010764262648008612,0.02798708288482239,0.03767491926803014,0.03444564047362755,0.010764262648008612,0.04198062432723358,0.02906350914962325,0.04090419806243272,0.0,0.0,0.002152852529601722,0.0,0.03659849300322928,0.0,0.006458557588805167,0.0,0.03444564047362755,0.0,0.015069967707212056,0.04305705059203445,0.0,0.0,0.038751345532831,0.0,0.0,0.0,0.0,0.04305705059203445,0.0,0.0,0.0,0.0,0.0,0.0,0.021528525296017224,0.00968783638320775,0.008611410118406888,0.04305705059203445,0.0,0.022604951560818085,0.011840688912809472,0.0
FC1,0.0,0.04467005076142132,0.0,0.0416243654822335,0.03959390862944162,0.04263959390862944,0.0,0.0,0.03857868020304569,0.0,0.03959390862944162,0.03553299492385787,0.0,0.0,0.03959390862944162,0.03248730964467005,0.03451776649746193,0.04467005076142132,0.0,0.007106598984771574,0.03147208121827411,0.04060913705583756,0.03248730964467005,0.007106598984771574,0.04467005076142132,0.03248730964467005,0.04365482233502538,0.0,0.0,0.0,0.0,0.03756345177664975,0.0,0.003045685279187817,0.0,0.03553299492385787,0.0,0.014213197969543147,0.03959390862944162,0.0,0.0,0.03959390862944162,0.0,0.0,0.0,0.0,0.04467005076142132,0.0,0.0,0.0,0.0,0.0,0.0,0.017258883248730966,0.009137055837563452,0.005076142131979695,0.04467005076142132,0.0,0.026395939086294416,0.01015228426395939,0.0
C3,0.0,0.0,0.0,0.0,0.0,0.0,0.0,0.0,0.0,0.0,0.0,0.0,0.0,0.0,0.0,0.0,0.0,0.0,0.0,0.0,0.0,0.0,0.0,0.0,0.0,0.0,0.0,0.0,0.0,0.0,0.0,0.0,0.0,0.0,0.0,0.0,0.0,0.0,0.0,0.0,0.0,0.0,0.0,0.0,0.0,0.0,0.0,0.0,0.0,0.0,0.0,0.0,0.0,0.0,0.0,0.0,0.0,0.0,0.0,0.0,0.0
T7,0.04849884526558892,0.0,0.0,0.0,0.0,0.0,0.0,0.046189376443418015,0.0,0.03926096997690531,0.0,0.0,0.025404157043879907,0.0,0.0,0.0,0.0,0.0,0.04849884526558892,0.0,0.0,0.0,0.0,0.0,0.0,0.0,0.0,0.0,0.0,0.04387990762124711,0.03464203233256351,0.0,0.04849884526558892,0.04157043879907621,0.04157043879907621,0.0,0.04387990762124711,0.0,0.0,0.04849884526558892,0.03695150115473441,0.0,0.0,0.04387990762124711,0.04849884526558892,0.04849884526558892,0.0,0.04849884526558892,0.04849884526558892,0.04849884526558892,0.018475750577367205,0.0,0.025404157043879907,0.0,0.0,0.03695150115473441,0.0,0.03695150115473441,0.0,0.0,0.04849884526558892
TP9,0.0,0.0435244161358811,0.0,0.03927813163481953,0.03821656050955414,0.0435244161358811,0.0,0.0,0.041401273885350316,0.0,0.04246284501061571,0.036093418259023353,0.0,0.0,0.037154989384288746,0.03503184713375796,0.037154989384288746,0.0435244161358811,0.0,0.005307855626326964,0.03397027600849257,0.0435244161358811,0.032908704883227176,0.005307855626326964,0.04246284501061571,0.03503184713375796,0.0435244161358811,0.0,0.0,0.0,0.0,0.03821656050955414,0.0,0.0010615711252653928,0.0,0.037154989384288746,0.0,0.014861995753715499,0.03821656050955414,0.0,0.0,0.03927813163481953,0.0,0.0,0.0,0.0,0.04246284501061571,0.0,0.0,0.0,0.0,0.0,0.0,0.01592356687898089,0.009554140127388535,0.0031847133757961785,0.0435244161358811,0.0,0.028662420382165606,0.008492569002123142,0.0
CP5,0.038,0.0,0.0,0.0,0.0,0.0,0.0,0.038,0.0,0.044,0.0,0.0,0.032,0.0,0.0,0.0,0.0,0.0,0.046,0.0,0.0,0.0,0.0,0.0,0.0,0.0,0.0,0.0,0.0,0.046,0.04,0.0,0.046,0.046,0.046,0.0,0.046,0.0,0.0,0.046,0.04,0.0,0.0,0.042,0.046,0.046,0.0,0.046,0.046,0.046,0.026,0.0,0.022,0.0,0.0,0.042,0.0,0.038,0.0,0.0,0.046
CP1,0.0,0.0431578947368421,0.0,0.04,0.03894736842105263,0.0431578947368421,0.0,0.0,0.04,0.0,0.04105263157894737,0.03684210526315789,0.0,0.0,0.037894736842105266,0.03368421052631579,0.035789473684210524,0.0431578947368421,0.0,0.00631578947368421,0.03263157894736842,0.042105263157894736,0.03368421052631579,0.00631578947368421,0.0431578947368421,0.03368421052631579,0.0431578947368421,0.0,0.0,0.0,0.0,0.03894736842105263,0.0,0.002105263157894737,0.0,0.03684210526315789,0.0,0.014736842105263158,0.03894736842105263,0.0,0.0,0.04,0.0,0.0,0.0,0.0,0.0431578947368421,0.0,0.0,0.0,0.0,0.0,0.0,0.016842105263157894,0.009473684210526316,0.004210526315789474,0.0431578947368421,0.0,0.02736842105263158,0.009473684210526316,0.0
Pz,0.0,0.04133180252583238,0.0,0.04133180252583238,0.04133180252583238,0.040183696900114814,0.0,0.0,0.03788748564867968,0.0,0.03903559127439724,0.03903559127439724,0.0,0.0,0.040183696900114814,0.03214695752009185,0.03444316877152698,0.04133180252583238,0.0,0.008036739380022962,0.030998851894374284,0.03903559127439724,0.03673938002296211,0.008036739380022962,0.04133180252583238,0.03214695752009185,0.040183696900114814,0.0,0.0,0.0,0.0,0.040183696900114814,0.0,0.003444316877152698,0.0,0.03788748564867968,0.0,0.016073478760045924,0.04133180252583238,0.0,0.0,0.04133180252583238,0.0,0.0,0.0,0.0,0.04133180252583238,0.0,0.0,0.0,0.0,0.0,0.0,0.01951779563719862,0.010332950631458095,0.0057405281285878304,0.04133180252583238,0.0,0.02525832376578645,0.011481056257175661,0.0
P3,0.024667931688804556,0.0,0.0,0.011385199240986717,0.0018975332068311196,0.0,0.0,0.024667931688804556,0.0,0.03415559772296015,0.0,0.0,0.051233396584440226,0.0,0.007590132827324478,0.0,0.0,0.0,0.04743833017077799,0.015180265654648957,0.0,0.0,0.0,0.020872865275142316,0.0,0.0,0.0,0.0,0.0,0.05313092979127135,0.04174573055028463,0.0,0.03795066413662239,0.05313092979127135,0.03795066413662239,0.0,0.04743833017077799,0.0,0.0018975332068311196,0.04743833017077799,0.030360531309297913,0.0,0.0,0.028462998102466792,0.04364326375711575,0.04364326375711575,0.0,0.04743833017077799,0.03795066413662239,0.04174573055028463,0.030360531309297913,0.0,0.009487666034155597,0.009487666034155597,0.0,0.05313092979127135,0.0,0.028462998102466792,0.0,0.0,0.036053130929791274
P7,0.0,0.0,0.0,0.0,0.0,0.0,0.0,0.0,0.0,0.0,0.0,0.0,0.0,0.0,0.0,0.0,0.0,0.0,0.0,0.0,0.0,0.0,0.0,0.0,0.0,0.0,0.0,0.0,0.0,0.0,0.0,0.0,0.0,0.0,0.0,0.0,0.0,0.0,0.0,0.0,0.0,0.0,0.0,0.0,0.0,0.0,0.0,0.0,0.0,0.0,0.0,0.0,0.0,0.0,0.0,0.0,0.0,0.0,0.0,0.0,0.0
O1,0.0,0.0430672268907563,0.0,0.04936974789915966,0.04096638655462185,0.037815126050420166,0.0,0.0,0.03361344537815126,0.0,0.03466386554621849,0.03361344537815126,0.0063025210084033615,0.0,0.04726890756302521,0.0273109243697479,0.029411764705882353,0.0430672268907563,0.0021008403361344537,0.01365546218487395,0.026260504201680673,0.03571428571428571,0.032563025210084036,0.01365546218487395,0.03991596638655462,0.0273109243697479,0.038865546218487396,0.0,0.0,0.005252100840336135,0.0,0.03466386554621849,0.0,0.009453781512605041,0.0,0.032563025210084036,0.0021008403361344537,0.014705882352941176,0.04096638655462185,0.0021008403361344537,0.0,0.03676470588235294,0.0,0.0,0.0,0.0,0.04201680672268908,0.0021008403361344537,0.0,0.0,0.0,0.0,0.0,0.02415966386554622,0.009453781512605041,0.011554621848739496,0.0430672268907563,0.0,0.02100840336134454,0.011554621848739496,0.0
Oz,0.0,0.04151404151404151,0.0,0.03785103785103785,0.03663003663003663,0.04151404151404151,0.0,0.0,0.04151404151404151,0.0,0.04151404151404151,0.03785103785103785,0.0,0.0,0.03540903540903541,0.03907203907203907,0.040293040293040296,0.04151404151404151,0.0,0.003663003663003663,0.03785103785103785,0.04151404151404151,0.03540903540903541,0.003663003663003663,0.04151404151404151,0.03907203907203907,0.04151404151404151,0.0,0.0,0.0,0.0,0.03907203907203907,0.0,0.0,0.0,0.03907203907203907,0.0,0.017094017094017096,0.03663003663003663,0.0,0.0,0.03907203907203907,0.0,0.0,0.0,0.0,0.04151404151404151,0.0,0.0,0.0,0.0,0.0,0.0,0.015873015873015872,0.01098901098901099,0.001221001221001221,0.04151404151404151,0.0,0.031746031746031744,0.007326007326007326,0.0
O2,0.0,0.04342857142857143,0.0,0.037714285714285714,0.036571428571428574,0.04228571428571429,0.0,0.0,0.04342857142857143,0.0,0.04228571428571429,0.036571428571428574,0.0,0.0,0.03542857142857143,0.037714285714285714,0.04114285714285714,0.04342857142857143,0.0,0.0034285714285714284,0.037714285714285714,0.04228571428571429,0.03314285714285714,0.0034285714285714284,0.04114285714285714,0.038857142857142854,0.04342857142857143,0.0,0.0,0.0,0.0,0.038857142857142854,0.0,0.0,0.0,0.037714285714285714,0.0,0.016,0.036571428571428574,0.0,0.0,0.038857142857142854,0.0,0.0,0.0,0.0,0.04114285714285714,0.0,0.0,0.0,0.0,0.0,0.0,0.014857142857142857,0.010285714285714285,0.001142857142857143,0.04228571428571429,0.0,0.032,0.006857142857142857,0.0
P4,0.0,0.04633204633204633,0.0,0.0444015444015444,0.03957528957528957,0.041505791505791506,0.0,0.0,0.037644787644787646,0.0,0.03861003861003861,0.033783783783783786,0.0019305019305019305,0.0,0.041505791505791506,0.03185328185328185,0.033783783783783786,0.04633204633204633,0.0,0.008687258687258687,0.03088803088803089,0.03957528957528957,0.03088803088803089,0.008687258687258687,0.04247104247104247,0.03185328185328185,0.04247104247104247,0.0,0.0,0.0009652509652509653,0.0,0.03571428571428571,0.0,0.004826254826254826,0.0,0.033783783783783786,0.0,0.013513513513513514,0.03957528957528957,0.0,0.0,0.037644787644787646,0.0,0.0,0.0,0.0,0.0444015444015444,0.0,0.0,0.0,0.0,0.0,0.0,0.01833976833976834,0.008687258687258687,0.006756756756756757,0.04633204633204633,0.0,0.026061776061776062,0.010617760617760617,0.0
P8,0.02668213457076566,0.0,0.0,0.002320185614849188,0.0,0.0,0.0,0.024361948955916472,0.0,0.02668213457076566,0.0,0.0,0.02668213457076566,0.0,0.0,0.0,0.0,0.0,0.06264501160092807,0.004640371229698376,0.0,0.0,0.0,0.008120649651972157,0.0,0.0,0.0,0.0,0.0,0.0568445475638051,0.029002320185614848,0.0,0.058004640371229696,0.05568445475638051,0.030162412993039442,0.0,0.048723897911832945,0.0,0.0,0.06264501160092807,0.02320185614849188,0.0,0.0,0.025522041763341066,0.06380510440835267,0.060324825986078884,0.0,0.06264501160092807,0.05104408352668213,0.052204176334106726,0.018561484918793503,0.0,0.012761020881670533,0.001160092807424594,0.0,0.04988399071925754,0.0,0.022041763341067284,0.0,0.0,0.033642691415313224
TP10,0.0,0.022813688212927757,0.0,0.049429657794676805,0.030418250950570342,0.019011406844106463,0.0,0.0,0.011406844106463879,0.0,0.015209125475285171,0.019011406844106463,0.03802281368821293,0.0,0.04182509505703422,0.0038022813688212928,0.0038022813688212928,0.026615969581749048,0.022813688212927757,0.057034220532319393,0.0038022813688212928,0.015209125475285171,0.019011406844106463,0.060836501901140684,0.022813688212927757,0.0,0.019011406844106463,0.0,0.0,0.034220532319391636,0.011406844106463879,0.019011406844106463,0.0038022813688212928,0.049429657794676805,0.0038022813688212928,0.015209125475285171,0.022813688212927757,0.0076045627376425855,0.030418250950570342,0.022813688212927757,0.0,0.022813688212927757,0.0,0.0,0.015209125475285171,0.015209125475285171,0.026615969581749048,0.022813688212927757,0.0038022813688212928,0.011406844106463879,0.0038022813688212928,0.0,0.0,0.045627376425855515,0.0,0.057034220532319393,0.026615969581749048,0.0,0.0,0.026615969581749048,0.0
CP6,0.0,0.04192355117139334,0.0,0.036991368680641186,0.035758323057953144,0.04192355117139334,0.0,0.0,0.04192355117139334,0.0,0.04192355117139334,0.036991368680641186,0.0,0.0,0.0345252774352651,0.040690505548705305,0.040690505548705305,0.04192355117139334,0.0,0.0036991368680641184,0.03945745992601726,0.04192355117139334,0.0345252774352651,0.0036991368680641184,0.040690505548705305,0.03945745992601726,0.04192355117139334,0.0,0.0,0.0,0.0,0.03822441430332922,0.0,0.0,0.0,0.03822441430332922,0.0,0.01726263871763255,0.035758323057953144,0.0,0.0,0.03822441430332922,0.0,0.0,0.0,0.0,0.040690505548705305,0.0,0.0,0.0,0.0,0.0,0.0,0.016029593094944512,0.011097410604192354,0.0012330456226880395,0.04192355117139334,0.0,0.03329223181257707,0.007398273736128237,0.0
CP2,0.0,0.043704474505723206,0.0,0.04058272632674298,0.03954214360041623,0.043704474505723206,0.0,0.0,0.03954214360041623,0.0,0.04058272632674298,0.036420395421436005,0.0,0.0,0.03850156087408949,0.03329864724245578,0.03537981269510926,0.043704474505723206,0.0,0.006243496357960458,0.03225806451612903,0.04162330905306972,0.03329864724245578,0.006243496357960458,0.043704474505723206,0.03329864724245578,0.043704474505723206,0.0,0.0,0.0,0.0,0.03850156087408949,0.0,0.002081165452653486,0.0,0.036420395421436005,0.0,0.014568158168574402,0.03954214360041623,0.0,0.0,0.03954214360041623,0.0,0.0,0.0,0.0,0.043704474505723206,0.0,0.0,0.0,0.0,0.0,0.0,0.01664932362122789,0.009365244536940686,0.004162330905306972,0.043704474505723206,0.0,0.027055150884495317,0.009365244536940686,0.0
Cz,0.0,0.0407911001236094,0.0,0.0407911001236094,0.0407911001236094,0.03955500618046971,0.0,0.0,0.037082818294190356,0.0,0.038318912237330034,0.03955500618046971,0.0,0.0,0.0407911001236094,0.032138442521631644,0.034610630407911,0.0407911001236094,0.0,0.00865265760197775,0.030902348578491966,0.038318912237330034,0.038318912237330034,0.00865265760197775,0.0407911001236094,0.032138442521631644,0.03955500618046971,0.0,0.0,0.0,0.0,0.03955500618046971,0.0,0.003708281829419036,0.0,0.038318912237330034,0.0,0.0173053152039555,0.0407911001236094,0.0,0.0,0.0407911001236094,0.0,0.0,0.0,0.0,0.0407911001236094,0.0,0.0,0.0,0.0,0.0,0.0,0.021013597033374538,0.011124845488257108,0.006180469715698393,0.0407911001236094,0.0,0.024721878862793572,0.012360939431396786,0.0
C4,0.0,0.018867924528301886,0.0,0.040880503144654086,0.025157232704402517,0.015723270440251572,0.0,0.0,0.009433962264150943,0.006289308176100629,0.012578616352201259,0.015723270440251572,0.040880503144654086,0.0,0.03459119496855346,0.0031446540880503146,0.0031446540880503146,0.0220125786163522,0.02830188679245283,0.04716981132075472,0.0031446540880503146,0.012578616352201259,0.015723270440251572,0.05660377358490566,0.018867924528301886,0.0,0.015723270440251572,0.0,0.0,0.03773584905660377,0.018867924528301886,0.015723270440251572,0.012578616352201259,0.050314465408805034,0.012578616352201259,0.012578616352201259,0.02830188679245283,0.006289308176100629,0.025157232704402517,0.02830188679245283,0.0,0.018867924528301886,0.0,0.0,0.0220125786163522,0.0220125786163522,0.0220125786163522,0.02830188679245283,0.012578616352201259,0.018867924528301886,0.012578616352201259,0.0,0.0,0.03773584905660377,0.0,0.05660377358490566,0.0220125786163522,0.0,0.0,0.0220125786163522,0.009433962264150943
T8,0.0,0.044444444444444446,0.0,0.043434343434343436,0.04040404040404041,0.04141414141414142,0.0,0.0,0.03737373737373737,0.0,0.03838383838383838,0.03535353535353535,0.00101010101010101,0.0,0.04141414141414142,0.031313131313131314,0.03333333333333333,0.045454545454545456,0.0,0.00808080808080808,0.030303030303030304,0.03939393939393939,0.03232323232323232,0.00808080808080808,0.043434343434343436,0.031313131313131314,0.04242424242424243,0.0,0.0,0.0,0.0,0.03737373737373737,0.0,0.00404040404040404,0.0,0.03535353535353535,0.0,0.014141414141414142,0.04040404040404041,0.0,0.0,0.03939393939393939,0.0,0.0,0.0,0.0,0.045454545454545456,0.0,0.0,0.0,0.0,0.0,0.0,0.01818181818181818,0.00909090909090909,0.006060606060606061,0.045454545454545456,0.0,0.025252525252525252,0.011111111111111112,0.0
FT10,0.0011876484560570072,0.04513064133016627,0.0,0.03681710213776722,0.035629453681710214,0.04156769596199525,0.0,0.0,0.04275534441805225,0.0,0.04156769596199525,0.03681710213776722,0.0,0.0,0.0344418052256532,0.039192399049881234,0.043942992874109264,0.04275534441805225,0.0,0.0023752969121140144,0.039192399049881234,0.04156769596199525,0.0332541567695962,0.0023752969121140144,0.040380047505938245,0.04275534441805225,0.04275534441805225,0.0,0.0,0.0,0.0,0.03800475059382423,0.0,0.0,0.0,0.03800475059382423,0.0,0.015439429928741092,0.035629453681710214,0.0,0.0,0.03800475059382423,0.0,0.0,0.0,0.0,0.040380047505938245,0.0,0.0,0.0,0.0,0.0,0.0,0.014251781472684086,0.010688836104513063,0.0,0.04156769596199525,0.0,0.035629453681710214,0.0059382422802850355,0.0
FC2,0.0,0.045816733067729085,0.0,0.04183266932270916,0.03884462151394422,0.04282868525896414,0.0,0.0,0.03884462151394422,0.0,0.0398406374501992,0.0348605577689243,0.0,0.0,0.0398406374501992,0.03286852589641434,0.0348605577689243,0.045816733067729085,0.0,0.0069721115537848604,0.03187250996015936,0.04083665338645418,0.03187250996015936,0.0069721115537848604,0.043824701195219126,0.03286852589641434,0.043824701195219126,0.0,0.0,0.0,0.0,0.036852589641434265,0.0,0.00298804780876494,0.0,0.0348605577689243,0.0,0.013944223107569721,0.03884462151394422,0.0,0.0,0.03884462151394422,0.0,0.0,0.0,0.0,0.044820717131474105,0.0,0.0,0.0,0.0,0.0,0.0,0.01693227091633466,0.008964143426294821,0.0049800796812749,0.045816733067729085,0.0,0.026892430278884463,0.0099601593625498,0.0
F4,0.0,0.0,0.0,0.0,0.0,0.0,0.0,0.0,0.0,0.0,0.0,0.0,0.0,0.0,0.0,0.0,0.0,0.0,0.0,0.0,0.0,0.0,0.0,0.0,0.0,0.0,0.0,0.0,0.0,0.0,0.0,0.0,0.0,0.0,0.0,0.0,0.0,0.0,0.0,0.0,0.0,0.0,0.0,0.0,0.0,0.0,0.0,0.0,0.0,0.0,0.0,0.0,0.0,0.0,0.0,0.0,0.0,0.0,0.0,0.0,0.0
F8,0.0,0.0,0.0,0.0,0.0,0.0,0.0,0.0,0.0,0.0,0.0,0.0,0.0,0.0,0.0,0.0,0.0,0.0,0.0,0.0,0.0,0.0,0.0,0.0,0.0,0.0,0.0,0.0,0.0,0.0,0.0,0.0,0.0,0.0,0.0,0.0,0.0,0.0,0.0,0.0,0.0,0.0,0.0,0.0,0.0,0.0,0.0,0.0,0.0,0.0,0.0,0.0,0.0,0.0,0.0,0.0,0.0,0.0,0.0,0.0,0.0
Fp2,0.024305555555555556,0.0,0.0,0.005787037037037037,0.0,0.0,0.0,0.024305555555555556,0.0,0.02662037037037037,0.0,0.0,0.03009259259259259,0.0,0.003472222222222222,0.0,0.0,0.0,0.06018518518518518,0.008101851851851851,0.0,0.0,0.0,0.011574074074074073,0.0,0.0,0.0,0.0,0.0,0.06018518518518518,0.028935185185185185,0.0,0.052083333333333336,0.059027777777777776,0.03009259259259259,0.0,0.04976851851851852,0.0,0.0,0.06018518518518518,0.023148148148148147,0.0,0.0,0.02546296296296296,0.05787037037037037,0.056712962962962965,0.0,0.06018518518518518,0.04861111111111111,0.05092592592592592,0.018518518518518517,0.0,0.01273148148148148,0.004629629629629629,0.0,0.05324074074074074,0.0,0.02199074074074074,0.0,0.0,0.03125
AF7,0.03189493433395872,0.0,0.0,0.0,0.0,0.0,0.0,0.03189493433395872,0.0,0.04127579737335835,0.0,0.0,0.0375234521575985,0.0,0.0,0.0,0.0,0.0,0.04690431519699812,0.001876172607879925,0.0,0.0,0.0,0.0075046904315197,0.0,0.0,0.0,0.0,0.0,0.04690431519699812,0.0450281425891182,0.0,0.0450281425891182,0.04690431519699812,0.0450281425891182,0.0,0.04690431519699812,0.0,0.0,0.04690431519699812,0.0375234521575985,0.0,0.0,0.03564727954971857,0.04690431519699812,0.04690431519699812,0.0,0.04690431519699812,0.0450281425891182,0.04690431519699812,0.0300187617260788,0.0,0.016885553470919325,0.0,0.0,0.04690431519699812,0.0,0.03564727954971857,0.0,0.0,0.043151969981238276
AF3,0.0,0.04194260485651214,0.0,0.04194260485651214,0.04083885209713024,0.04083885209713024,0.0,0.0,0.03863134657836645,0.0,0.039735099337748346,0.03863134657836645,0.0,0.0,0.039735099337748346,0.03200883002207505,0.03421633554083885,0.04194260485651214,0.0,0.00772626931567329,0.03090507726269316,0.039735099337748346,0.03532008830022075,0.00772626931567329,0.04194260485651214,0.03200883002207505,0.04083885209713024,0.0,0.0,0.0,0.0,0.039735099337748346,0.0,0.0033112582781456954,0.0,0.037527593818984545,0.0,0.01545253863134658,0.04083885209713024,0.0,0.0,0.04194260485651214,0.0,0.0,0.0,0.0,0.04194260485651214,0.0,0.0,0.0,0.0,0.0,0.0,0.018763796909492272,0.009933774834437087,0.005518763796909493,0.04194260485651214,0.0,0.025386313465783666,0.011037527593818985,0.0
AFz,0.034482758620689655,0.0,0.0,0.0,0.0,0.0,0.0,0.02681992337164751,0.0,0.02937420178799489,0.0,0.0,0.022988505747126436,0.0,0.0,0.0,0.0,0.0,0.05874840357598978,0.0,0.0,0.0,0.0,0.002554278416347382,0.0,0.001277139208173691,0.0,0.0,0.0,0.05236270753512133,0.0280970625798212,0.0,0.06896551724137931,0.05108556832694764,0.031928480204342274,0.0,0.04725415070242656,0.0,0.0,0.05874840357598978,0.02554278416347382,0.0,0.0,0.0280970625798212,0.06257982120051085,0.05874840357598978,0.0,0.05874840357598978,0.05491698595146871,0.05363984674329502,0.019157088122605363,0.0,0.0140485312899106,0.0,0.0,0.04469987228607918,0.0,0.024265644955300127,0.0038314176245210726,0.0,0.037037037037037035
F1,0.021528525296017224,0.002152852529601722,0.0,0.00968783638320775,0.004305705059203444,0.001076426264800861,0.0,0.021528525296017224,0.0,0.024757804090419805,0.0,0.001076426264800861,0.030139935414424113,0.0,0.007534983853606028,0.0,0.0,0.0032292787944025836,0.05597416576964478,0.011840688912809472,0.0,0.0,0.001076426264800861,0.015069967707212056,0.002152852529601722,0.0,0.001076426264800861,0.0,0.0,0.0581270182992465,0.02691065662002153,0.001076426264800861,0.04736275565123789,0.06458557588805167,0.02798708288482239,0.0,0.04628632938643703,0.0,0.004305705059203444,0.05597416576964478,0.021528525296017224,0.002152852529601722,0.0,0.023681377825618945,0.0527448869752422,0.05166846071044134,0.0032292787944025836,0.05597416576964478,0.04413347685683531,0.04628632938643703,0.017222820236813777,0.0,0.011840688912809472,0.008611410118406888,0.0,0.059203444564047365,0.0032292787944025836,0.02045209903121636,0.0,0.0032292787944025836,0.02798708288482239
FT7,0.036297640653357534,0.0,0.0,0.0,0.0,0.0,0.0,0.036297640653357534,0.0,0.041742286751361164,0.0,0.0,0.032667876588021776,0.0,0.0,0.0,0.0,0.0,0.047186932849364795,0.0,0.0,0.0,0.0,0.003629764065335753,0.0,0.0,0.0,0.0,0.0,0.047186932849364795,0.039927404718693285,0.0,0.047186932849364795,0.045372050816696916,0.045372050816696916,0.0,0.047186932849364795,0.0,0.0,0.047186932849364795,0.036297640653357534,0.0,0.0,0.039927404718693285,0.047186932849364795,0.047186932849364795,0.0,0.047186932849364795,0.047186932849364795,0.047186932849364795,0.02722323049001815,0.0,0.019963702359346643,0.0,0.0,0.041742286751361164,0.0,0.034482758620689655,0.0,0.0,0.047186932849364795
FC3,0.0,0.04114285714285714,0.0,0.04114285714285714,0.04,0.04114285714285714,0.0,0.0,0.038857142857142854,0.0,0.04,0.04,0.0,0.0,0.038857142857142854,0.03314285714285714,0.03542857142857143,0.04114285714285714,0.0,0.006857142857142857,0.032,0.04,0.036571428571428574,0.006857142857142857,0.04114285714285714,0.03314285714285714,0.04114285714285714,0.0,0.0,0.0,0.0,0.04114285714285714,0.0,0.002285714285714286,0.0,0.038857142857142854,0.0,0.016,0.04,0.0,0.0,0.04114285714285714,0.0,0.0,0.0,0.0,0.04114285714285714,0.0,0.0,0.0,0.0,0.0,0.0,0.018285714285714287,0.010285714285714285,0.004571428571428572,0.04114285714285714,0.0,0.026285714285714287,0.010285714285714285,0.0
C1,0.027559055118110236,0.0,0.0,0.0026246719160104987,0.0,0.0,0.0,0.027559055118110236,0.0,0.030183727034120734,0.0,0.0,0.030183727034120734,0.0,0.0,0.0,0.0,0.0,0.05643044619422572,0.005249343832020997,0.0,0.0,0.0,0.009186351706036745,0.0,0.0,0.0,0.0,0.0,0.05511811023622047,0.03280839895013123,0.0,0.051181102362204724,0.05380577427821522,0.03412073490813648,0.0,0.05380577427821522,0.0,0.0,0.05643044619422572,0.026246719160104987,0.0,0.0,0.028871391076115485,0.05511811023622047,0.05511811023622047,0.0,0.05643044619422572,0.051181102362204724,0.05380577427821522,0.02099737532808399,0.0,0.014435695538057743,0.0013123359580052493,0.0,0.049868766404199474,0.0,0.024934383202099737,0.0,0.0,0.03543307086614173
C5,0.0,0.0375,0.0,0.0375,0.0375,0.0375,0.0,0.0,0.0375,0.0,0.0375,0.0375,0.0,0.0,0.0375,0.0325,0.0325,0.0375,0.0,0.01,0.0325,0.0375,0.0375,0.01,0.0375,0.03,0.0375,0.0,0.0,0.0,0.0,0.0375,0.0,0.0,0.0,0.0375,0.0,0.035,0.0375,0.0,0.0,0.0375,0.0,0.0,0.0,0.0,0.0375,0.0,0.0,0.0,0.0,0.0,0.0,0.035,0.0225,0.005,0.0375,0.0,0.025,0.0175,0.0
TP7,0.0,0.04198062432723358,0.0,0.04520990312163617,0.04305705059203445,0.03982777179763186,0.0,0.0,0.03552206673842842,0.0,0.03659849300322928,0.03552206673842842,0.0032292787944025836,0.0,0.04520990312163617,0.02906350914962325,0.031216361679224973,0.04305705059203445,0.0,0.010764262648008612,0.02798708288482239,0.03767491926803014,0.03444564047362755,0.010764262648008612,0.04198062432723358,0.02906350914962325,0.04090419806243272,0.0,0.0,0.002152852529601722,0.0,0.03659849300322928,0.0,0.006458557588805167,0.0,0.03444564047362755,0.0,0.015069967707212056,0.04305705059203445,0.0,0.0,0.038751345532831,0.0,0.0,0.0,0.0,0.04305705059203445,0.0,0.0,0.0,0.0,0.0,0.0,0.021528525296017224,0.00968783638320775,0.008611410118406888,0.04305705059203445,0.0,0.022604951560818085,0.011840688912809472,0.0
CP3,0.02668213457076566,0.0,0.0,0.002320185614849188,0.0,0.0,0.0,0.024361948955916472,0.0,0.02668213457076566,0.0,0.0,0.02668213457076566,0.0,0.0,0.0,0.0,0.0,0.06264501160092807,0.004640371229698376,0.0,0.0,0.0,0.008120649651972157,0.0,0.0,0.0,0.0,0.0,0.0568445475638051,0.029002320185614848,0.0,0.058004640371229696,0.05568445475638051,0.030162412993039442,0.0,0.048723897911832945,0.0,0.0,0.06264501160092807,0.02320185614849188,0.0,0.0,0.025522041763341066,0.06380510440835267,0.060324825986078884,0.0,0.06264501160092807,0.05104408352668213,0.052204176334106726,0.018561484918793503,0.0,0.012761020881670533,0.001160092807424594,0.0,0.04988399071925754,0.0,0.022041763341067284,0.0,0.0,0.033642691415313224
P1,0.04035874439461883,0.0,0.0,0.0,0.0,0.0,0.0,0.04035874439461883,0.0,0.04484304932735426,0.0,0.0,0.03139013452914798,0.0,0.0,0.0,0.0,0.0,0.04484304932735426,0.0,0.0,0.0,0.0,0.0,0.0,0.0,0.0,0.0,0.0,0.04484304932735426,0.04035874439461883,0.0,0.04484304932735426,0.04484304932735426,0.04484304932735426,0.0,0.04484304932735426,0.0,0.0,0.04484304932735426,0.042600896860986545,0.0,0.0,0.04484304932735426,0.04484304932735426,0.04484304932735426,0.0,0.04484304932735426,0.04484304932735426,0.04484304932735426,0.02466367713004484,0.0,0.02242152466367713,0.0,0.0,0.042600896860986545,0.0,0.042600896860986545,0.0,0.0,0.04484304932735426
P5,0.0,0.04184549356223176,0.0,0.04291845493562232,0.04184549356223176,0.0407725321888412,0.0,0.0,0.03755364806866953,0.0,0.03862660944206009,0.03755364806866953,0.001072961373390558,0.0,0.0407725321888412,0.03111587982832618,0.033261802575107295,0.04291845493562232,0.0,0.008583690987124463,0.030042918454935622,0.03969957081545064,0.034334763948497854,0.008583690987124463,0.04184549356223176,0.03111587982832618,0.0407725321888412,0.0,0.0,0.0,0.0,0.03862660944206009,0.0,0.004291845493562232,0.0,0.03648068669527897,0.0,0.015021459227467811,0.04184549356223176,0.0,0.0,0.0407725321888412,0.0,0.0,0.0,0.0,0.04291845493562232,0.0,0.0,0.0,0.0,0.0,0.0,0.019313304721030045,0.009656652360515022,0.006437768240343348,0.04291845493562232,0.0,0.02467811158798283,0.011802575107296138,0.0
PO7,0.0,0.0,0.0,0.0,0.0,0.0,0.0,0.0,0.0,0.0,0.0,0.0,0.0,0.0,0.0,0.0,0.0,0.0,0.0,0.0,0.0,0.0,0.0,0.0,0.0,0.0,0.0,0.0,0.0,0.0,0.0,0.0,0.0,0.0,0.0,0.0,0.0,0.0,0.0,0.0,0.0,0.0,0.0,0.0,0.0,0.0,0.0,0.0,0.0,0.0,0.0,0.0,0.0,0.0,0.0,0.0,0.0,0.0,0.0,0.0,0.0
PO3,0.044967880085653104,0.0,0.0,0.0,0.0,0.0,0.0,0.044967880085653104,0.0,0.04068522483940043,0.0,0.0,0.027837259100642397,0.0,0.0,0.0,0.0,0.0,0.047109207708779445,0.0,0.0,0.0,0.0,0.0,0.0,0.0,0.0,0.0,0.0,0.044967880085653104,0.03640256959314775,0.0,0.047109207708779445,0.042826552462526764,0.042826552462526764,0.0,0.044967880085653104,0.0,0.0,0.047109207708779445,0.03854389721627409,0.0,0.0,0.044967880085653104,0.047109207708779445,0.047109207708779445,0.0,0.047109207708779445,0.047109207708779445,0.047109207708779445,0.021413276231263382,0.0,0.023554603854389723,0.0,0.0,0.03854389721627409,0.0,0.03854389721627409,0.0,0.0,0.047109207708779445
POz,0.02874251497005988,0.0,0.0,0.0,0.0,0.0,0.0,0.025149700598802394,0.0,0.027544910179640718,0.0,0.0,0.025149700598802394,0.0,0.0,0.0,0.0,0.0,0.06107784431137724,0.0023952095808383233,0.0,0.0,0.0,0.005988023952095809,0.0,0.0,0.0,0.0,0.0,0.055089820359281436,0.029940119760479042,0.0,0.06347305389221557,0.05389221556886228,0.031137724550898204,0.0,0.04790419161676647,0.0,0.0,0.06107784431137724,0.023952095808383235,0.0,0.0,0.026347305389221556,0.06467065868263473,0.06107784431137724,0.0,0.06107784431137724,0.05269461077844311,0.05389221556886228,0.019161676646706587,0.0,0.013173652694610778,0.0,0.0,0.04790419161676647,0.0,0.022754491017964073,0.0,0.0,0.03473053892215569
PO4,0.029197080291970802,0.0,0.0,0.0,0.0,0.0,0.0,0.025547445255474453,0.0,0.027980535279805353,0.0,0.0,0.025547445255474453,0.0,0.0,0.0,0.0,0.0,0.06082725060827251,0.0024330900243309003,0.0,0.0,0.0,0.006082725060827251,0.0,0.0,0.0,0.0,0.0,0.05474452554744526,0.030413625304136254,0.0,0.06082725060827251,0.0535279805352798,0.031630170316301706,0.0,0.04866180048661801,0.0,0.0,0.06082725060827251,0.024330900243309004,0.0,0.0,0.0267639902676399,0.06204379562043796,0.06082725060827251,0.0,0.06082725060827251,0.0535279805352798,0.05474452554744526,0.019464720194647202,0.0,0.01338199513381995,0.0,0.0,0.04744525547445255,0.0,0.023114355231143552,0.0,0.0,0.03527980535279805
PO8,0.0,0.04473161033797217,0.0,0.04473161033797217,0.040755467196819085,0.040755467196819085,0.0,0.0,0.036779324055666,0.0,0.03777335984095427,0.03479125248508946,0.0019880715705765406,0.0,0.042743538767395624,0.030815109343936383,0.032803180914512925,0.04572564612326044,0.0,0.008946322067594433,0.02982107355864811,0.03876739562624255,0.03180914512922465,0.008946322067594433,0.042743538767395624,0.030815109343936383,0.041749502982107355,0.0,0.0,0.0009940357852882703,0.0,0.036779324055666,0.0,0.004970178926441352,0.0,0.03479125248508946,0.0,0.013916500994035786,0.040755467196819085,0.0,0.0,0.03876739562624255,0.0,0.0,0.0,0.0,0.04473161033797217,0.0,0.0,0.0,0.0,0.0,0.0,0.018886679920477135,0.008946322067594433,0.006958250497017893,0.04572564612326044,0.0,0.02485089463220676,0.010934393638170975,0.0
P6,0.02668213457076566,0.0,0.0,0.002320185614849188,0.0,0.0,0.0,0.024361948955916472,0.0,0.02668213457076566,0.0,0.0,0.02668213457076566,0.0,0.0,0.0,0.0,0.0,0.06264501160092807,0.004640371229698376,0.0,0.0,0.0,0.008120649651972157,0.0,0.0,0.0,0.0,0.0,0.0568445475638051,0.029002320185614848,0.0,0.058004640371229696,0.05568445475638051,0.030162412993039442,0.0,0.048723897911832945,0.0,0.0,0.06264501160092807,0.02320185614849188,0.0,0.0,0.025522041763341066,0.06380510440835267,0.060324825986078884,0.0,0.06264501160092807,0.05104408352668213,0.052204176334106726,0.018561484918793503,0.0,0.012761020881670533,0.001160092807424594,0.0,0.04988399071925754,0.0,0.022041763341067284,0.0,0.0,0.033642691415313224
P2,0.03283173734610123,0.0,0.0,0.0,0.0,0.0,0.0,0.028727770177838577,0.0,0.03146374829001368,0.0,0.0,0.024623803009575923,0.0,0.0,0.0,0.0,0.0,0.057455540355677154,0.0,0.0,0.0,0.0,0.0027359781121751026,0.0,0.0,0.0,0.0,0.0,0.05198358413132695,0.030095759233926128,0.0,0.060191518467852256,0.0506155950752394,0.03419972640218878,0.0,0.047879616963064295,0.0,0.0,0.057455540355677154,0.027359781121751026,0.0,0.0,0.030095759233926128,0.058823529411764705,0.058823529411764705,0.0,0.057455540355677154,0.057455540355677154,0.05471956224350205,0.02051983584131327,0.0,0.015047879616963064,0.0,0.0,0.04377564979480164,0.0,0.025991792065663474,0.0,0.0,0.03967168262653899
CPz,0.030026109660574413,0.0,0.0,0.0,0.0,0.0,0.0,0.02741514360313316,0.0,0.030026109660574413,0.0,0.0,0.02610966057441253,0.0,0.0,0.0,0.0,0.0,0.057441253263707574,0.0013054830287206266,0.0,0.0,0.0,0.005221932114882507,0.0,0.0,0.0,0.0,0.0,0.05352480417754569,0.031331592689295036,0.0,0.057441253263707574,0.05221932114882506,0.033942558746736295,0.0,0.04960835509138381,0.0,0.0,0.057441253263707574,0.02610966057441253,0.0,0.0,0.028720626631853787,0.0587467362924282,0.0587467362924282,0.0,0.057441253263707574,0.057441253263707574,0.05613577023498695,0.020887728459530026,0.0,0.014360313315926894,0.0,0.0,0.04569190600522193,0.0,0.024804177545691905,0.0,0.0,0.037859007832898174
CP4,0.02881844380403458,0.0,0.0,0.0,0.0,0.0,0.0,0.02881844380403458,0.0,0.043227665706051875,0.0,0.0,0.04610951008645533,0.0,0.0,0.0,0.0,0.0,0.04610951008645533,0.0,0.0,0.0,0.0,0.005763688760806916,0.0,0.0,0.0,0.0,0.0,0.04610951008645533,0.04610951008645533,0.0,0.04610951008645533,0.04610951008645533,0.04610951008645533,0.0,0.04610951008645533,0.0,0.0,0.04610951008645533,0.037463976945244955,0.0,0.0,0.0345821325648415,0.04610951008645533,0.04610951008645533,0.0,0.04610951008645533,0.04610951008645533,0.04610951008645533,0.043227665706051875,0.0,0.005763688760806916,0.0,0.0,0.04610951008645533,0.0,0.0345821325648415,0.0,0.0,0.04610951008645533
TP8,0.0,0.0,0.0,0.0,0.0,0.0,0.0,0.0,0.0,0.0,0.0,0.0,0.0,0.0,0.0,0.0,0.0,0.0,0.0,0.0,0.0,0.0,0.0,0.0,0.0,0.0,0.0,0.0,0.0,0.0,0.0,0.0,0.0,0.0,0.0,0.0,0.0,0.0,0.0,0.0,0.0,0.0,0.0,0.0,0.0,0.0,0.0,0.0,0.0,0.0,0.0,0.0,0.0,0.0,0.0,0.0,0.0,0.0,0.0,0.0,0.0
C6,0.048458149779735685,0.0,0.0,0.0,0.0,0.0,0.0,0.048458149779735685,0.0,0.039647577092511016,0.0,0.0,0.013215859030837005,0.0,0.0,0.0,0.0,0.0,0.048458149779735685,0.0,0.0,0.0,0.0,0.0,0.0,0.0,0.0,0.0,0.0,0.048458149779735685,0.030837004405286344,0.0,0.048458149779735685,0.04405286343612335,0.04405286343612335,0.0,0.048458149779735685,0.0,0.0,0.048458149779735685,0.03524229074889868,0.0,0.0,0.048458149779735685,0.048458149779735685,0.048458149779735685,0.0,0.048458149779735685,0.048458149779735685,0.048458149779735685,0.0,0.0,0.04405286343612335,0.0,0.0,0.03524229074889868,0.0,0.03524229074889868,0.0,0.0,0.048458149779735685
C2,0.0,0.032719836400818,0.0,0.04703476482617587,0.03680981595092025,0.03067484662576687,0.0,0.0,0.026584867075664622,0.0,0.028629856850715747,0.03067484662576687,0.014314928425357873,0.0,0.04294478527607362,0.022494887525562373,0.022494887525562373,0.034764826175869123,0.006134969325153374,0.028629856850715747,0.022494887525562373,0.028629856850715747,0.03067484662576687,0.028629856850715747,0.032719836400818,0.02044989775051125,0.03067484662576687,0.0,0.0,0.012269938650306749,0.0,0.03067484662576687,0.0,0.02044989775051125,0.0,0.028629856850715747,0.006134969325153374,0.024539877300613498,0.03680981595092025,0.006134969325153374,0.0,0.032719836400818,0.0,0.0,0.002044989775051125,0.002044989775051125,0.034764826175869123,0.006134969325153374,0.0,0.0,0.0,0.0,0.0,0.044989775051124746,0.014314928425357873,0.024539877300613498,0.034764826175869123,0.0,0.016359918200409,0.022494887525562373,0.0
FC4,0.0,0.037037037037037035,0.0,0.037037037037037035,0.037037037037037035,0.037037037037037035,0.0,0.0,0.037037037037037035,0.0,0.037037037037037035,0.037037037037037035,0.0,0.0,0.037037037037037035,0.037037037037037035,0.037037037037037035,0.037037037037037035,0.0,0.0,0.037037037037037035,0.037037037037037035,0.037037037037037035,0.0,0.037037037037037035,0.037037037037037035,0.037037037037037035,0.0,0.0,0.0,0.0,0.037037037037037035,0.0,0.0,0.0,0.037037037037037035,0.0,0.037037037037037035,0.037037037037037035,0.0,0.0,0.037037037037037035,0.0,0.0,0.0,0.0,0.037037037037037035,0.0,0.0,0.0,0.0,0.0,0.0,0.03333333333333333,0.03333333333333333,0.0,0.037037037037037035,0.0,0.037037037037037035,0.007407407407407408,0.0
FT8,0.01958650707290533,0.004352557127312296,0.0,0.011969532100108813,0.006528835690968444,0.003264417845484222,0.0,0.01958650707290533,0.001088139281828074,0.025027203482045703,0.002176278563656148,0.003264417845484222,0.030467899891186073,0.0,0.009793253536452665,0.0,0.0,0.00544069640914037,0.051142546245919476,0.014145810663764961,0.0,0.002176278563656148,0.003264417845484222,0.017410228509249184,0.004352557127312296,0.0,0.003264417845484222,0.0,0.0,0.0544069640914037,0.02720348204570185,0.003264417845484222,0.042437431991294884,0.06311207834602829,0.02720348204570185,0.002176278563656148,0.04461371055495103,0.0,0.006528835690968444,0.051142546245919476,0.02176278563656148,0.004352557127312296,0.0,0.02176278563656148,0.04787812840043525,0.046789989118607184,0.00544069640914037,0.051142546245919476,0.03917301414581066,0.042437431991294884,0.017410228509249184,0.0,0.01088139281828074,0.01088139281828074,0.0,0.062023939064200215,0.00544069640914037,0.020674646354733407,0.0,0.00544069640914037,0.026115342763873776
F6,0.0,0.04594330400782014,0.0,0.044965786901270774,0.04007820136852395,0.04105571847507331,0.0,0.0,0.03714565004887586,0.0,0.03812316715542522,0.03421309872922776,0.0019550342130987292,0.0,0.042033235581622676,0.03128054740957967,0.033235581622678395,0.04594330400782014,0.0,0.008797653958944282,0.030303030303030304,0.039100684261974585,0.03128054740957967,0.008797653958944282,0.043010752688172046,0.03128054740957967,0.042033235581622676,0.0,0.0,0.0009775171065493646,0.0,0.03616813294232649,0.0,0.004887585532746823,0.0,0.03421309872922776,0.0,0.013685239491691105,0.04007820136852395,0.0,0.0,0.03812316715542522,0.0,0.0,0.0,0.0,0.044965786901270774,0.0,0.0,0.0,0.0,0.0,0.0,0.01857282502443793,0.008797653958944282,0.006842619745845552,0.04594330400782014,0.0,0.02541544477028348,0.010752688172043012,0.0
AF8,0.042352941176470586,0.0,0.0,0.0,0.0,0.0,0.0,0.042352941176470586,0.0,0.04470588235294118,0.0,0.0,0.03058823529411765,0.0,0.0,0.0,0.0,0.0,0.04470588235294118,0.0,0.0,0.0,0.0,0.0,0.0,0.0,0.0,0.0,0.0,0.04470588235294118,0.04,0.0,0.04470588235294118,0.04470588235294118,0.04470588235294118,0.0,0.04470588235294118,0.0,0.0,0.04470588235294118,0.042352941176470586,0.0,0.0,0.04470588235294118,0.04470588235294118,0.04470588235294118,0.0,0.04470588235294118,0.04470588235294118,0.04470588235294118,0.023529411764705882,0.0,0.023529411764705882,0.0,0.0,0.042352941176470586,0.0,0.042352941176470586,0.0,0.0,0.04470588235294118
AF4,0.00423728813559322,0.04519774011299435,0.0,0.03531073446327684,0.03389830508474576,0.04096045197740113,0.0,0.0,0.0423728813559322,0.0,0.04096045197740113,0.03531073446327684,0.0,0.0,0.03248587570621469,0.04096045197740113,0.043785310734463276,0.0423728813559322,0.0,0.0,0.0423728813559322,0.04096045197740113,0.03248587570621469,0.0,0.03954802259887006,0.046610169491525424,0.0423728813559322,0.0,0.0,0.0,0.0,0.03672316384180791,0.0014124293785310734,0.0,0.0,0.03672316384180791,0.0,0.015536723163841809,0.03389830508474576,0.0,0.0,0.03672316384180791,0.0,0.0,0.0,0.0,0.03954802259887006,0.0,0.0,0.0,0.0,0.0,0.0,0.014124293785310734,0.012711864406779662,0.0,0.04096045197740113,0.0,0.04519774011299435,0.00423728813559322,0.0
F2,0.0,0.037037037037037035,0.0,0.04526748971193416,0.04526748971193416,0.03292181069958848,0.0,0.0,0.024691358024691357,0.0,0.02880658436213992,0.03292181069958848,0.00823045267489712,0.0,0.04526748971193416,0.01646090534979424,0.01646090534979424,0.0411522633744856,0.0,0.037037037037037035,0.01646090534979424,0.02880658436213992,0.03292181069958848,0.037037037037037035,0.037037037037037035,0.012345679012345678,0.03292181069958848,0.0,0.0,0.00411522633744856,0.0,0.03292181069958848,0.0,0.0205761316872428,0.0,0.02880658436213992,0.0,0.0205761316872428,0.04526748971193416,0.0,0.0,0.037037037037037035,0.0,0.0,0.0,0.0,0.0411522633744856,0.0,0.0,0.0,0.0,0.0,0.0,0.04526748971193416,0.0,0.02880658436213992,0.0411522633744856,0.0,0.00411522633744856,0.0411522633744856,0.0
FCz,0.042704626334519574,0.0,0.0,0.0,0.0,0.0,0.0,0.037366548042704624,0.0,0.04092526690391459,0.0,0.0,0.030249110320284697,0.0,0.0,0.0,0.0,0.0,0.04804270462633452,0.0,0.0,0.0,0.0,0.0017793594306049821,0.0,0.0,0.0,0.0,0.0,0.04448398576512456,0.037366548042704624,0.0,0.051601423487544484,0.042704626334519574,0.042704626334519574,0.0,0.04448398576512456,0.0,0.0,0.04804270462633452,0.03558718861209965,0.0,0.0,0.03914590747330961,0.0498220640569395,0.0498220640569395,0.0,0.04804270462633452,0.0498220640569395,0.04804270462633452,0.02491103202846975,0.0,0.019572953736654804,0.0,0.0,0.03914590747330961,0.0,0.033807829181494664,0.0,0.0,0.0498220640569395
