,bankssts-lh,bankssts-rh,caudalanteriorcingulate-lh,caudalanteriorcingulate-rh,caudalmiddlefrontal-lh,caudalmiddlefrontal-rh,cuneus-lh,cuneus-rh,entorhinal-lh,entorhinal-rh,frontalpole-lh,frontalpole-rh,fusiform-lh,fusiform-rh,inferiorparietal-lh,inferiorparietal-rh,inferiortemporal-lh,inferiortemporal-rh,insula-lh,insula-rh,isthmuscingulate-lh,isthmuscingulate-rh,lateraloccipital-lh,lateraloccipital-rh,lateralorbitofrontal-lh,lateralorbitofrontal-rh,lingual-lh,lingual-rh,medialorbitofrontal-lh,medialorbitofrontal-rh,middletemporal-lh,middletemporal-rh,paracentral-lh,paracentral-rh,parahippocampal-lh,parahippocampal-rh,parsopercularis-lh,parsopercularis-rh,parsorbitalis-lh,parsorbitalis-rh,parstriangularis-lh,parstriangularis-rh,pericalcarine-lh,pericalcarine-rh,postcentral-lh,postcentral-rh,posteriorcingulate-lh,posteriorcingulate-rh,precentral-lh,precentral-rh,precuneus-lh,precuneus-rh,rostralanteriorcingulate-lh,rostralanteriorcingulate-rh,rostralmiddlefrontal-lh,rostralmiddlefrontal-rh,superiorfrontal-lh,superiorfrontal-rh,superiorparietal-lh,superiorparietal-rh,superiortemporal-lh,superiortemporal-rh,supramarginal-lh,supramarginal-rh,temporalpole-lh,temporalpole-rh,transversetemporal-lh,transversetemporal-rh
bankssts-lh,0.15567129629629628,0.0,0.013888888888888888,0.0,0.0,0.0,0.0,0.04938271604938271,0.0,0.0,0.0,0.0,0.021604938271604937,0.0,0.013888888888888888,0.0,0.0,0.0,0.026234567901234566,0.0,0.021604938271604937,0.0,0.04436728395061728,0.0,0.0,0.0,0.029320987654320986,0.01089891975308642,0.0,0.0,0.06172839506172839,0.0625,0.012345679012345678,0.0,0.012345679012345678,0.0,0.013888888888888888,0.023148148148148147,0.0,0.0,0.0,0.007716049382716049,0.013888888888888888,0.0,0.0,0.0234375,0.0,0.023148148148148147,0.0,0.020833333333333332,0.021604938271604937,0.010416666666666666,0.0,0.0,0.004629629629629629,0.010802469135802469,0.013888888888888888,0.0,0.029320987654320986,0.0,0.11689814814814814,0.0,0.027777777777777776,0.046875,0.0,0.0,0.05594135802469136,0.0
bankssts-rh,0.0,0.31215743715743716,0.0,0.0,0.1642884142884143,0.0,0.0,0.0,0.02182952182952183,0.02286902286902287,0.005197505197505198,0.0,0.0,0.02286902286902287,0.0,0.02702702702702703,0.0,0.0,0.0,0.02286902286902287,0.0,0.017671517671517672,0.0,0.02494802494802495,0.0,0.01975051975051975,0.0,0.013513513513513514,0.0,0.0,0.0,0.028066528066528068,0.0,0.002079002079002079,0.0640946890946891,0.018711018711018712,0.0,0.0,0.0,0.0,0.0,0.006237006237006237,0.0,0.011434511434511435,0.0,0.031185031185031187,0.0,0.0,0.0,0.02390852390852391,0.0,0.015592515592515593,0.0,0.0,0.005197505197505198,0.0,0.0,0.013513513513513514,0.0,0.02702702702702703,0.0,0.017671517671517672,0.0,0.014553014553014554,0.002079002079002079,0.01975051975051975,0.0,0.02390852390852391
caudalanteriorcingulate-lh,0.012944983818770227,0.0,0.21114555308613095,0.012048192771084338,0.0,0.0030120481927710845,0.0,0.0,0.0,0.04216867469879518,0.0030120481927710845,0.045180722891566265,0.014563106796116505,0.0016181229773462784,0.0372168284789644,0.024096385542168676,0.02710843373493976,0.04216867469879518,0.012944983818770227,0.0,0.019417475728155338,0.0,0.025889967637540454,0.0016181229773462784,0.0,0.0,0.019417475728155338,0.0048543689320388345,0.0,0.0,0.025889967637540454,0.0,0.012944983818770227,0.0,0.0,0.0016181229773462784,0.0372168284789644,0.0030120481927710845,0.0,0.0,0.0,0.0,0.043689320388349516,0.0,0.0,0.0,0.057677311186493545,0.02750809061488673,0.0,0.02108433734939759,0.0,0.003236245954692557,0.0,0.045180722891566265,0.05339805825242718,0.07403400007798183,0.021035598705501618,0.0,0.0,0.0,0.0,0.012048192771084338,0.0,0.0,0.0,0.0,0.0,0.0
caudalanteriorcingulate-rh,0.0,0.0,0.022598870056497175,0.25513123078023314,0.002109704641350211,0.0,0.0,0.0,0.010548523206751054,0.02824858757062147,0.046413502109704644,0.014767932489451477,0.0,0.0,0.0,0.0,0.004219409282700422,0.011299435028248588,0.0,0.0,0.0,0.008438818565400843,0.0,0.0,0.06962025316455696,0.016877637130801686,0.0,0.0,0.0379746835443038,0.0,0.0,0.0,0.05485232067510549,0.0,0.0,0.0,0.0,0.04519774011299435,0.0,0.0,0.04219409282700422,0.0,0.0,0.004219409282700422,0.0,0.0,0.022598870056497175,0.0,0.0,0.0,0.0,0.0,0.016877637130801686,0.0,0.0,0.0,0.0,0.005649717514124294,0.02531645569620253,0.0,0.0,0.11292283487091469,0.06779661016949153,0.004219409282700422,0.0,0.002109704641350211,0.0,0.06779661016949153
caudalmiddlefrontal-lh,0.0,0.04651741293532338,0.0,0.005555555555555556,0.21616915422885574,0.012437810945273632,0.0,0.0,0.05,0.011111111111111112,0.05779436152570481,0.02736318407960199,0.0,0.014925373134328358,0.0,0.011111111111111112,0.0,0.0,0.0,0.03888888888888889,0.0,0.0,0.0,0.005555555555555556,0.05779436152570481,0.016666666666666666,0.0,0.0,0.03482587064676617,0.03731343283582089,0.0,0.022222222222222223,0.0,0.0,0.017412935323383085,0.04228855721393035,0.0,0.0,0.0472636815920398,0.0,0.0,0.0,0.0,0.0,0.016666666666666666,0.03333333333333333,0.0,0.0,0.0,0.044444444444444446,0.0,0.0,0.0,0.029850746268656716,0.0024875621890547263,0.0,0.0,0.011111111111111112,0.0,0.016666666666666666,0.0,0.0,0.0,0.0,0.03333333333333333,0.0,0.0,0.03888888888888889
caudalmiddlefrontal-rh,0.0,0.0,0.0,0.0,0.009157509157509158,0.27494505494505495,0.0,0.0,0.0,0.0,0.05128205128205128,0.018315018315018316,0.0,0.0,0.0,0.014652014652014652,0.15,0.1,0.0,0.0,0.0,0.0,0.0,0.0,0.03663003663003663,0.01098901098901099,0.0,0.0,0.047619047619047616,0.05128205128205128,0.0,0.0,0.0,0.0,0.0,0.009157509157509158,0.0,0.0,0.040293040293040296,0.007326007326007326,0.0,0.009157509157509158,0.0,0.0,0.0,0.02564102564102564,0.0,0.0,0.0,0.02564102564102564,0.0,0.0,0.0,0.018315018315018316,0.01098901098901099,0.02197802197802198,0.0,0.0,0.0,0.0,0.0,0.0,0.0,0.03663003663003663,0.03,0.0,0.0,0.0
cuneus-lh,0.0,0.0,0.0,0.0,0.0,0.0,0.2535265700483092,0.036231884057971016,0.0,0.0,0.0,0.07246376811594203,0.0,0.02,0.02666666666666667,0.0,0.014492753623188406,0.014492753623188406,0.0,0.017777777777777778,0.01888888888888889,0.0,0.0,0.03,0.0,0.0,0.025555555555555557,0.012222222222222223,0.0,0.0,0.0,0.0,0.03,0.02666666666666667,0.0,0.008888888888888889,0.0,0.0,0.0,0.09420289855072464,0.0,0.0,0.027777777777777776,0.03,0.0,0.0,0.0,0.02666666666666667,0.023333333333333334,0.0,0.03,0.03,0.07014492753623189,0.0,0.0,0.005555555555555556,0.0,0.0,0.03,0.024444444444444446,0.0,0.0,0.0,0.0,0.0,0.0,0.0,0.0
cuneus-rh,0.13804347826086957,0.0,0.0,0.0,0.0,0.0,0.016304347826086956,0.3245169082125604,0.0,0.0,0.0,0.0,0.02717391304347826,0.0,0.0,0.0,0.0,0.05434782608695652,0.016666666666666666,0.0,0.0,0.0,0.0,0.0,0.0,0.0,0.0,0.027777777777777776,0.0,0.0,0.022222222222222223,0.027777777777777776,0.0,0.0,0.0,0.0,0.016666666666666666,0.08695652173913043,0.0,0.05434782608695652,0.0,0.0,0.0,0.0,0.0,0.0,0.0,0.0,0.0,0.0,0.0,0.022222222222222223,0.0,0.0,0.0,0.0,0.0,0.0,0.043478260869565216,0.0,0.07222222222222222,0.0,0.03260869565217391,0.0,0.0,0.011111111111111112,0.005555555555555556,0.0
entorhinal-lh,0.0,0.021788990825688075,0.0,0.005733944954128441,0.010321100917431193,0.0,0.0,0.0,0.222986748216106,0.021788990825688075,0.0045871559633027525,0.0022935779816513763,0.0,0.01834862385321101,0.0,0.020642201834862386,0.0,0.0,0.05555555555555555,0.02981651376146789,0.0,0.01261467889908257,0.0,0.01834862385321101,0.005733944954128441,0.02408256880733945,0.0,0.04160295616717635,0.0,0.0,0.0,0.02408256880733945,0.0,0.0,0.06358307849133538,0.013761467889908258,0.1736111111111111,0.0,0.0,0.0,0.0,0.0034403669724770644,0.0,0.008027522935779817,0.0,0.027522935779816515,0.0,0.0,0.0,0.03555045871559633,0.0,0.011467889908256881,0.0,0.0,0.0,0.0,0.0,0.014908256880733946,0.0,0.020642201834862386,0.0,0.014908256880733946,0.0,0.014908256880733946,0.009174311926605505,0.01834862385321101,0.0,0.02981651376146789
entorhinal-rh,0.0,0.024742268041237112,0.056338028169014086,0.02919994191955859,0.004123711340206186,0.0,0.0,0.0,0.02268041237113402,0.16971104980397853,0.005154639175257732,0.0,0.0,0.02268041237113402,0.0,0.023711340206185566,0.02464788732394366,0.1267605633802817,0.0,0.021649484536082474,0.0528169014084507,0.018556701030927835,0.0,0.02268041237113402,0.003092783505154639,0.02268041237113402,0.0,0.05007260055176419,0.0,0.0,0.0,0.02577319587628866,0.0,0.004123711340206186,0.012371134020618556,0.018556701030927835,0.0,0.0,0.0,0.0,0.0,0.008247422680412371,0.0,0.008247422680412371,0.0,0.02577319587628866,0.0,0.0,0.0,0.023711340206185566,0.0,0.015463917525773196,0.0,0.0,0.0,0.0,0.0,0.01752577319587629,0.0,0.020618556701030927,0.002061855670103093,0.0512777697110498,0.0,0.013402061855670102,0.0010309278350515464,0.026804123711340205,0.0,0.023711340206185566
frontalpole-lh,0.0,0.008670520231213872,0.0,0.07514450867052024,0.028465620980737103,0.0370843989769821,0.0,0.0,0.014450867052023121,0.014450867052023121,0.14841890513430805,0.032634566769658355,0.0,0.016343154502313616,0.0,0.018900699259346863,0.0,0.0,0.0,0.0,0.0,0.031791907514450865,0.0,0.008670520231213872,0.11829014088671408,0.0038363171355498722,0.0,0.002890173410404624,0.04475703324808184,0.049872122762148335,0.0,0.008670520231213872,0.0,0.0,0.0,0.03040965066599648,0.0,0.0,0.049872122762148335,0.0012787723785166241,0.0,0.00639386189258312,0.0,0.02601156069364162,0.0,0.025627189805301362,0.0,0.0,0.0,0.017902813299232736,0.0,0.0,0.0,0.028132992327365727,0.014731753470425615,0.015345268542199489,0.0,0.0,0.0,0.008670520231213872,0.0,0.04046242774566474,0.0,0.051587008263974096,0.0,0.02023121387283237,0.0,0.0
frontalpole-rh,0.0,0.0,0.01884057971014493,0.017391304347826087,0.01884057971014493,0.01884057971014493,0.05217391304347826,0.0,0.0,0.0,0.036231884057971016,0.25507246376811593,0.0,0.02608695652173913,0.0,0.02318840579710145,0.06956521739130435,0.0,0.0,0.0,0.0,0.017391304347826087,0.0,0.0,0.1101449275362319,0.0,0.0,0.0,0.014492753623188406,0.020289855072463767,0.0,0.0,0.0,0.0,0.0,0.01884057971014493,0.0,0.0,0.020289855072463767,0.013043478260869565,0.0,0.0,0.0,0.0,0.0,0.0,0.01884057971014493,0.0,0.0,0.02463768115942029,0.0,0.0,0.08260869565217391,0.06956521739130435,0.0,0.0391304347826087,0.0,0.0,0.0,0.0,0.0,0.0,0.0,0.014492753623188406,0.0,0.0,0.0,0.0
fusiform-lh,0.029880478087649404,0.0,0.017928286852589643,0.0,0.0,0.0,0.0,0.00597609561752988,0.0,0.0,0.0,0.0,0.26320803741555515,0.0,0.01195219123505976,0.0,0.17391304347826086,0.0,0.01195219123505976,0.0,0.035856573705179286,0.0,0.03386454183266932,0.0,0.0,0.0,0.027888446215139442,0.0,0.0,0.0,0.03187250996015936,0.0,0.0,0.0,0.00796812749003984,0.0,0.013944223107569721,0.025896414342629483,0.0,0.0,0.0,0.00199203187250996,0.01593625498007968,0.0,0.0,0.0,0.0,0.027888446215139442,0.10869565217391304,0.0,0.0199203187250996,0.0,0.0,0.0,0.017928286852589643,0.01593625498007968,0.00597609561752988,0.0,0.027888446215139442,0.0,0.017928286852589643,0.0,0.027888446215139442,0.0,0.0,0.0,0.0199203187250996,0.0
fusiform-rh,0.0,0.026418786692759294,0.0,0.0,0.011799466847465984,0.0,0.017716535433070866,0.0,0.018590998043052837,0.026418786692759294,0.012766383654098032,0.01968503937007874,0.0,0.07857258424888669,0.017716535433070866,0.026418786692759294,0.0,0.0,0.0009784735812133072,0.03040780005239071,0.01673228346456693,0.03828759418771284,0.0,0.045113795707043464,0.008858267716535433,0.018590998043052837,0.017716535433070866,0.02746082253416953,0.0,0.000984251968503937,0.0009784735812133072,0.025440313111545987,0.017716535433070866,0.022608903339137402,0.012720156555772993,0.04020987102639567,0.0,0.0,0.004921259842519685,0.0,0.0,0.008806262230919765,0.017716535433070866,0.02652279766399063,0.008858267716535433,0.026418786692759294,0.007874015748031496,0.017716535433070866,0.015748031496062992,0.019569471624266144,0.017716535433070866,0.03532905989491039,0.017716535433070866,0.018700787401574805,0.005870841487279843,0.011811023622047244,0.0,0.015655577299412915,0.027559055118110236,0.03923717583247299,0.0029354207436399216,0.015655577299412915,0.0,0.011741682974559686,0.0,0.02446183953033268,0.0009784735812133072,0.019569471624266144
inferiorparietal-lh,0.018367346938775512,0.0,0.05510204081632653,0.0,0.0,0.0,0.027122641509433963,0.0,0.0,0.0,0.0,0.0,0.0163265306122449,0.02122641509433962,0.0840392760877936,0.0,0.0,0.0,0.0163265306122449,0.018867924528301886,0.038414516750096266,0.0,0.0326530612244898,0.02830188679245283,0.0,0.0,0.051612437427801305,0.012971698113207548,0.0,0.0,0.02040816326530612,0.0,0.04462841740469773,0.024764150943396228,0.0,0.009433962264150943,0.05102040816326531,0.0,0.0,0.0,0.0,0.0,0.079004620716211,0.02830188679245283,0.0,0.0,0.0,0.0533355795148248,0.024764150943396228,0.0,0.02830188679245283,0.02830188679245283,0.02830188679245283,0.0,0.026530612244897958,0.048753369272237196,0.02857142857142857,0.0,0.02830188679245283,0.025943396226415096,0.0,0.0,0.0,0.0,0.0,0.0,0.0,0.0
inferiorparietal-rh,0.0,0.02854122621564482,0.022727272727272728,0.0,0.004228329809725159,0.03787878787878788,0.0,0.0,0.021141649048625793,0.023255813953488372,0.043164200140944325,0.06060606060606061,0.0,0.023255813953488372,0.0,0.08809020436927414,0.0,0.0,0.0,0.022198731501057084,0.0,0.017970401691331923,0.0,0.02536997885835095,0.022727272727272728,0.0200845665961945,0.0,0.013742071881606765,0.011363636363636364,0.022727272727272728,0.0,0.02748414376321353,0.0,0.0021141649048625794,0.007399577167019027,0.019027484143763214,0.0,0.0,0.007575757575757576,0.0,0.0,0.006342494714587738,0.0,0.011627906976744186,0.0,0.0306553911205074,0.0,0.0,0.0,0.08007399577167018,0.0,0.015856236786469344,0.0,0.06060606060606061,0.005285412262156448,0.06060606060606061,0.0,0.013742071881606765,0.0,0.035059901338971106,0.0,0.017970401691331923,0.0,0.04510218463706836,0.0010570824524312897,0.0200845665961945,0.0,0.023255813953488372
inferiortemporal-lh,0.0,0.0,0.0661764705882353,0.0,0.0,0.07142857142857142,0.02040816326530612,0.0,0.0,0.03676470588235294,0.0,0.08163265306122448,0.07352941176470588,0.0,0.0,0.0,0.33913565426170467,0.08778511404561826,0.0,0.0,0.0,0.0,0.0,0.0,0.04591836734693878,0.022058823529411766,0.0,0.0,0.0,0.0,0.0,0.0,0.0,0.0,0.0,0.0,0.0,0.0,0.0,0.029411764705882353,0.0,0.022058823529411766,0.0,0.0,0.0,0.0,0.0,0.0,0.022058823529411766,0.0,0.0,0.0,0.08163265306122448,0.0,0.0,0.0,0.0,0.0,0.0,0.0,0.0,0.0,0.0,0.0,0.0,0.0,0.0,0.0
inferiortemporal-rh,0.0,0.0,0.050724637681159424,0.007246376811594203,0.0,0.06557377049180328,0.01639344262295082,0.09836065573770492,0.0,0.11956521739130435,0.0,0.0,0.0,0.0,0.0,0.0,0.090936089332383,0.31705868377286767,0.0,0.0,0.07608695652173914,0.0,0.0,0.0,0.0,0.0,0.0,0.06521739130434782,0.0,0.0,0.0,0.0,0.0,0.0,0.0,0.0,0.0,0.06557377049180328,0.0,0.01639344262295082,0.0,0.0,0.0,0.0,0.0,0.0,0.0,0.0,0.0,0.0,0.0,0.0,0.0,0.0,0.0,0.0,0.0,0.0,0.0,0.0,0.0,0.010869565217391304,0.0,0.0,0.0,0.0,0.0,0.0
insula-lh,0.02181208053691275,0.0,0.013422818791946308,0.0,0.0,0.0,0.0,0.03205128205128205,0.038461538461538464,0.003355704697986577,0.0,0.0,0.010067114093959731,0.0050335570469798654,0.013422818791946308,0.0,0.0,0.0,0.22754259163655138,0.0,0.02181208053691275,0.0,0.028523489932885907,0.0016778523489932886,0.0,0.0,0.03355704697986577,0.026243331612459127,0.0,0.0,0.030201342281879196,0.0,0.008389261744966443,0.010067114093959731,0.02348993288590604,0.006711409395973154,0.1736792290483566,0.006711409395973154,0.0,0.0,0.0,0.018456375838926176,0.013422818791946308,0.0,0.0,0.0,0.0,0.030201342281879196,0.0,0.0,0.02181208053691275,0.0016778523489932886,0.0,0.0,0.008389261744966443,0.013422818791946308,0.013422818791946308,0.0,0.013422818791946308,0.0,0.025167785234899327,0.0,0.01174496644295302,0.0,0.0,0.06913612114954396,0.02348993288590604,0.0
insula-rh,0.0,0.02423469387755102,0.0,0.0,0.01020408163265306,0.0,0.027210884353741496,0.0,0.03571428571428571,0.021683673469387755,0.0,0.0,0.0,0.036564625850340135,0.027210884353741496,0.02295918367346939,0.0,0.0,0.0,0.058673469387755105,0.02040816326530612,0.015306122448979591,0.0,0.047619047619047616,0.0,0.02423469387755102,0.027210884353741496,0.025935374149659865,0.0,0.0,0.0,0.025510204081632654,0.027210884353741496,0.023809523809523808,0.006377551020408163,0.022959183673469385,0.0,0.0,0.0,0.0,0.0,0.00510204081632653,0.025510204081632654,0.036139455782312924,0.0,0.029336734693877552,0.0,0.023809523809523808,0.027210884353741496,0.03571428571428571,0.027210884353741496,0.04124149659863945,0.027210884353741496,0.0,0.0,0.008503401360544218,0.0,0.01403061224489796,0.027210884353741496,0.05144557823129252,0.0,0.016581632653061226,0.0,0.015306122448979591,0.007653061224489796,0.017857142857142856,0.0,0.03188775510204082
isthmuscingulate-lh,0.018092105263157895,0.0,0.019736842105263157,0.0,0.0,0.0,0.021518987341772152,0.0,0.0,0.016455696202531647,0.0,0.0,0.02631578947368421,0.0189873417721519,0.03303214523650899,0.0,0.0,0.02531645569620253,0.02138157894736842,0.017721518987341773,0.08504330446369088,0.0,0.03289473684210526,0.021518987341772152,0.0,0.0,0.05441372418387741,0.043287808127914724,0.0,0.0,0.04111842105263158,0.0,0.021518987341772152,0.024808461025982678,0.01644736842105263,0.010126582278481013,0.013157894736842105,0.011513157894736841,0.0,0.0,0.0,0.011513157894736841,0.03632161892071952,0.021518987341772152,0.0,0.0,0.0,0.05605846102598268,0.021518987341772152,0.0,0.044545303131245835,0.021518987341772152,0.021518987341772152,0.0,0.019736842105263157,0.021131745502998,0.006578947368421052,0.0,0.03961109260493005,0.021518987341772152,0.023026315789473683,0.0,0.01644736842105263,0.0,0.0,0.0,0.023026315789473683,0.0
isthmuscingulate-rh,0.0,0.02167630057803468,0.0,0.008670520231213872,0.0053475935828877,0.0,0.0,0.0,0.01878612716763006,0.024566473988439308,0.021243547340113134,0.0374331550802139,0.0,0.08830484374517017,0.0,0.02167630057803468,0.0,0.0,0.0,0.01878612716763006,0.0,0.1440913727550926,0.0,0.02023121387283237,0.019582084015950046,0.01878612716763006,0.0,0.010115606936416185,0.0,0.0,0.0,0.02167630057803468,0.0,0.0,0.0072254335260115606,0.021243547340113134,0.0,0.0213903743315508,0.0,0.0,0.0,0.005780346820809248,0.0,0.015895953757225433,0.06684491978609626,0.023121387283236993,0.0481283422459893,0.0,0.0,0.01878612716763006,0.0,0.015895953757225433,0.0,0.034759358288770054,0.001445086705202312,0.01871657754010695,0.0,0.008670520231213872,0.0481283422459893,0.02167630057803468,0.0,0.03468208092485549,0.0,0.023121387283236993,0.0,0.04472813823374857,0.0,0.01878612716763006
lateraloccipital-lh,0.03095238095238095,0.0,0.021164021164021163,0.0,0.0,0.0,0.0,0.0,0.0,0.0,0.0,0.0,0.022486772486772486,0.0,0.018518518518518517,0.0,0.0,0.0,0.02513227513227513,0.0,0.031746031746031744,0.0,0.14417989417989419,0.0,0.0,0.0,0.03439153439153439,0.003968253968253968,0.0,0.0,0.0947089947089947,0.06428571428571428,0.007936507936507936,0.0013227513227513227,0.011904761904761904,0.0,0.01984126984126984,0.010582010582010581,0.0,0.0,0.0,0.007936507936507936,0.021164021164021163,0.0,0.0,0.05714285714285714,0.0,0.03306878306878307,0.0,0.0,0.018518518518518517,0.0,0.0,0.0,0.015873015873015872,0.021164021164021163,0.01455026455026455,0.02857142857142857,0.015873015873015872,0.0,0.061375661375661375,0.0,0.01455026455026455,0.02142857142857143,0.0,0.0,0.12566137566137564,0.0
lateraloccipital-rh,0.0,0.029288702928870293,0.0,0.0,0.0031380753138075313,0.0,0.027663934426229508,0.0,0.01882845188284519,0.02405857740585774,0.005230125523012552,0.0,0.0,0.043547225461279926,0.02459016393442623,0.029288702928870293,0.0,0.0,0.0,0.03626791961039852,0.017418032786885244,0.01778242677824268,0.0,0.059983537965566915,0.0,0.01882845188284519,0.02459016393442623,0.026960868372316343,0.0,0.0,0.0,0.027196652719665274,0.031762295081967214,0.03080200974003704,0.008368200836820083,0.02911722340352562,0.0,0.0,0.0,0.0,0.0,0.007322175732217573,0.028688524590163935,0.04119795596405789,0.0,0.028242677824267783,0.0,0.027663934426229508,0.02459016393442623,0.02092050209205021,0.03381147540983607,0.04852013169627546,0.027663934426229508,0.0,0.006276150627615063,0.005122950819672131,0.0,0.014644351464435146,0.027663934426229508,0.048691611221620135,0.0010460251046025104,0.01778242677824268,0.0,0.013598326359832637,0.0,0.02092050209205021,0.0,0.02092050209205021
lateralorbitofrontal-lh,0.0,0.0,0.0,0.08806818181818182,0.03617424242424242,0.031746031746031744,0.0,0.0,0.014204545454545454,0.002840909090909091,0.11997655122655124,0.09107142857142857,0.0,0.011111111111111112,0.0,0.006349206349206349,0.03125,0.0,0.0,0.0,0.0,0.018632756132756133,0.0,0.0,0.1906655844155844,0.0,0.0,0.0,0.044444444444444446,0.049206349206349205,0.0,0.0,0.0,0.0,0.0,0.02857142857142857,0.0,0.0,0.050793650793650794,0.0,0.0,0.0015873015873015873,0.0,0.011363636363636364,0.0,0.009523809523809525,0.0,0.0,0.0,0.015873015873015872,0.0,0.0,0.028409090909090908,0.03015873015873016,0.0031746031746031746,0.012698412698412698,0.0,0.0,0.0,0.0,0.0,0.028409090909090908,0.0,0.035173160173160176,0.0,0.008522727272727272,0.0,0.0
lateralorbitofrontal-rh,0.0,0.022565320665083134,0.0,0.009501187648456057,0.0059382422802850355,0.009900990099009901,0.0,0.0,0.028503562945368172,0.023752969121140142,0.0024752475247524753,0.0,0.0,0.020190023752969122,0.0,0.021377672209026127,0.012376237623762377,0.0,0.0,0.02494061757719715,0.0,0.013064133016627079,0.0,0.019002375296912115,0.0,0.1359269537405047,0.0,0.00831353919239905,0.025740222478304837,0.01485148514851485,0.0,0.02494061757719715,0.009501187648456057,0.0,0.009501187648456057,0.015439429928741092,0.0,0.0,0.0049504950495049506,0.10396039603960396,0.009501187648456057,0.10009759883351756,0.0,0.004750593824228029,0.0,0.06573222642929376,0.0,0.0,0.0,0.026128266033254157,0.0,0.011876484560570071,0.0023752969121140144,0.0,0.07178217821782178,0.0,0.0,0.038904306107570376,0.007125890736342043,0.021377672209026127,0.0,0.014251781472684086,0.0,0.010688836104513063,0.0023752969121140144,0.020190023752969122,0.0,0.026128266033254157
lingual-lh,0.020833333333333332,0.0,0.016666666666666666,0.0,0.0,0.0,0.02599009900990099,0.0,0.0,0.0,0.0,0.0,0.019444444444444445,0.02119086908690869,0.042656765676567655,0.0,0.0,0.0,0.027777777777777776,0.019801980198019802,0.050206270627062705,0.0,0.03333333333333333,0.0297029702970297,0.0,0.0,0.06457645764576457,0.021947194719471947,0.0,0.0,0.03333333333333333,0.0,0.03402090209020902,0.02907040704070407,0.016666666666666666,0.01267876787678768,0.016666666666666666,0.009722222222222222,0.0,0.0,0.0,0.0125,0.041419141914191424,0.028465346534653466,0.0,0.0,0.0,0.054070407040704066,0.028465346534653466,0.0,0.05192519251925193,0.028465346534653466,0.0297029702970297,0.0,0.013888888888888888,0.022854785478547857,0.0125,0.0,0.042505500550055,0.027227722772277228,0.022222222222222223,0.0,0.013888888888888888,0.0,0.0,0.001388888888888889,0.022222222222222223,0.0
lingual-rh,0.0075075075075075074,0.020481927710843374,0.0012048192771084338,0.0,0.0,0.0,0.016516516516516516,0.010510510510510511,0.01655269727558884,0.03279062194724845,0.0036144578313253013,0.0,0.0,0.04422735989001049,0.016516516516516516,0.020481927710843374,0.0,0.024024024024024024,0.01323492166865661,0.027359890010492417,0.04295017909475741,0.01325301204819277,0.0012048192771084338,0.03940808278157676,0.0,0.01325301204819277,0.02133579362495025,0.10009768804949529,0.0,0.0,0.007228915662650603,0.018072289156626505,0.016516516516516516,0.027359890010492417,0.02289156626506024,0.03792467165961142,0.01951951951951952,0.0,0.0,0.0,0.0,0.01927710843373494,0.016516516516516516,0.022540612902058686,0.0,0.018072289156626505,0.0,0.018926155070733384,0.016516516516516516,0.012048192771084338,0.022540612902058686,0.0415029487318644,0.016516516516516516,0.0,0.00963855421686747,0.0075075075075075074,0.0,0.01566265060240964,0.016516516516516516,0.03458880567314302,0.00963855421686747,0.012048192771084338,0.0,0.007228915662650603,0.0,0.027396070769564743,0.007228915662650603,0.012048192771084338
medialorbitofrontal-lh,0.0,0.0,0.0,0.08888888888888889,0.018292682926829267,0.036585365853658534,0.0,0.0,0.0,0.0,0.04725609756097561,0.009146341463414634,0.0,0.0,0.0,0.001524390243902439,0.0,0.0,0.0,0.0,0.0,0.0,0.0,0.0,0.036585365853658534,0.034959349593495934,0.0,0.0,0.18624661246612467,0.06097560975609756,0.0,0.0,0.09444444444444444,0.0,0.0,0.013719512195121951,0.0,0.0,0.051829268292682924,0.013719512195121951,0.08333333333333333,0.024390243902439025,0.0,0.0,0.0,0.025914634146341462,0.0,0.0,0.0,0.010670731707317074,0.0,0.0,0.03888888888888889,0.010670731707317074,0.027439024390243903,0.007621951219512195,0.0,0.0,0.05555555555555555,0.0,0.0,0.0,0.0,0.021341463414634148,0.0,0.0,0.0,0.0
medialorbitofrontal-rh,0.0,0.0,0.0,0.0,0.018309859154929577,0.038028169014084505,0.0,0.0,0.0,0.0,0.04929577464788732,0.014084507042253521,0.0,0.0,0.0,0.005633802816901409,0.0,0.0,0.0,0.0,0.0,0.0,0.0,0.0,0.03943661971830986,0.014084507042253521,0.0,0.0,0.059154929577464786,0.30742637644046095,0.0,0.0,0.0,0.0,0.0,0.014084507042253521,0.0,0.0,0.04929577464788732,0.009859154929577466,0.0,0.01971830985915493,0.0,0.0,0.0,0.01971830985915493,0.0,0.0,0.0,0.014084507042253521,0.0,0.0,0.0,0.27003841229193337,0.022535211267605635,0.011267605633802818,0.0,0.0,0.0,0.0,0.0,0.0,0.0,0.023943661971830985,0.0,0.0,0.0,0.0
middletemporal-lh,0.04874865653308767,0.0,0.022792022792022793,0.0,0.0,0.0,0.0,0.005988023952095809,0.0,0.002849002849002849,0.0,0.0,0.019943019943019943,0.004273504273504274,0.011396011396011397,0.0,0.0,0.0,0.024216524216524215,0.0,0.03276353276353276,0.0,0.09293379053858096,0.0014245014245014246,0.0,0.0,0.02849002849002849,0.014245014245014245,0.0,0.0,0.13255540201647986,0.08682634730538923,0.0,0.008547008547008548,0.019943019943019943,0.005698005698005698,0.01282051282051282,0.007122507122507123,0.0,0.0,0.0,0.01566951566951567,0.014245014245014245,0.0,0.0,0.03293413173652695,0.0,0.03133903133903134,0.0,0.0,0.019943019943019943,0.002849002849002849,0.0,0.0,0.022792022792022793,0.014245014245014245,0.007122507122507123,0.0,0.01282051282051282,0.0,0.09464831021717249,0.0,0.011396011396011397,0.020958083832335328,0.0,0.004273504273504274,0.11118788064895849,0.0
middletemporal-rh,0.04926108374384237,0.02702702702702703,0.0,0.0,0.006237006237006237,0.0,0.0,0.007389162561576354,0.02390852390852391,0.02390852390852391,0.005197505197505198,0.0,0.0,0.02182952182952183,0.0,0.02598752598752599,0.0,0.0,0.0,0.02494802494802495,0.0,0.017671517671517672,0.04926108374384237,0.02390852390852391,0.0,0.02079002079002079,0.0,0.011434511434511435,0.0,0.0,0.07635467980295567,0.12166258717982856,0.0,0.002079002079002079,0.008316008316008316,0.017671517671517672,0.0,0.0,0.0,0.0,0.0,0.006237006237006237,0.0,0.009355509355509356,0.0,0.06566778980572084,0.0,0.0,0.0,0.02598752598752599,0.0,0.013513513513513514,0.0,0.0,0.0031185031185031187,0.0,0.0,0.017016068740206673,0.0,0.02494802494802495,0.07881773399014778,0.017671517671517672,0.0,0.04903577317370421,0.0031185031185031187,0.02079002079002079,0.07389162561576355,0.02598752598752599
paracentral-lh,0.01674641148325359,0.0,0.019138755980861243,0.05741626794258373,0.0,0.0,0.028183716075156576,0.0,0.0,0.0,0.0,0.0,0.0,0.018789144050104383,0.044190948047667086,0.0,0.0,0.0,0.01674641148325359,0.016701461377870562,0.02013764721159513,0.0,0.019138755980861243,0.032359081419624215,0.0,0.019138755980861243,0.03940625905245178,0.011482254697286013,0.045454545454545456,0.0,0.004784688995215311,0.0,0.10787026400695228,0.027139874739039668,0.0,0.008350730688935281,0.019138755980861243,0.0,0.0,0.0,0.04784688995215311,0.0,0.04732247205601782,0.031315240083507306,0.0,0.0,0.0,0.0414939417246856,0.024008350730688934,0.0,0.032359081419624215,0.031315240083507306,0.04388628622229326,0.0,0.007177033492822967,0.02196561816383814,0.019138755980861243,0.0,0.05689185004644844,0.022964509394572025,0.0,0.0,0.0,0.0,0.0,0.0,0.0,0.0
paracentral-rh,0.0,0.015267175572519083,0.0,0.0,0.0,0.0,0.029213483146067417,0.0,0.003816793893129771,0.022900763358778626,0.0,0.0,0.0,0.04694227635303199,0.025842696629213482,0.015267175572519083,0.0,0.0,0.015267175572519083,0.025611115876147183,0.019101123595505618,0.007633587786259542,0.0,0.04942104811733425,0.0,0.003816793893129771,0.03122909340423707,0.04671069559996569,0.0,0.0,0.015267175572519083,0.015267175572519083,0.030337078651685393,0.059747834291105584,0.03435114503816794,0.039523115189981986,0.0,0.0,0.0,0.0,0.0,0.03435114503816794,0.030337078651685393,0.030337078651685393,0.0,0.011450381679389313,0.0,0.029213483146067417,0.021348314606741574,0.011450381679389313,0.04178746033107471,0.04942104811733425,0.024719101123595506,0.0,0.0,0.0056179775280898875,0.0,0.015267175572519083,0.028089887640449437,0.03010549789861909,0.022900763358778626,0.007633587786259542,0.0,0.0,0.0,0.026717557251908396,0.015267175572519083,0.011450381679389313
parahippocampal-lh,0.0064794816414686825,0.03607259806312269,0.0,0.0,0.04032258064516129,0.0,0.0,0.0,0.0925242109663485,0.017278617710583154,0.0,0.0,0.0021598272138228943,0.0183585313174946,0.0,0.011879049676025918,0.0,0.0,0.012958963282937365,0.009719222462203024,0.008639308855291577,0.00755939524838013,0.00755939524838013,0.012958963282937365,0.0,0.012958963282937365,0.01079913606911447,0.02267818574514039,0.0,0.0,0.012958963282937365,0.012958963282937365,0.0,0.009719222462203024,0.3313592977077963,0.019438444924406047,0.056451612903225805,0.0021598272138228943,0.0,0.0,0.0,0.03023758099352052,0.0,0.0,0.0,0.011879049676025918,0.0,0.008639308855291577,0.0,0.011879049676025918,0.011879049676025918,0.01079913606911447,0.0,0.0,0.0,0.0,0.0,0.02591792656587473,0.0064794816414686825,0.00755939524838013,0.024838012958963283,0.00755939524838013,0.005399568034557235,0.0010799136069114472,0.008064516129032258,0.020518358531317494,0.019438444924406047,0.011879049676025918
parahippocampal-rh,0.0,0.025109170305676855,0.0,0.0,0.029315960912052116,0.008143322475570033,0.013029315960912053,0.0,0.016375545851528384,0.025109170305676855,0.03477447619589491,0.017915309446254073,0.0,0.05336898852111574,0.013029315960912053,0.025109170305676855,0.0,0.0,0.002183406113537118,0.028313158755671877,0.013029315960912053,0.016375545851528384,0.0,0.039230189323357464,0.029315960912052116,0.016375545851528384,0.013029315960912053,0.032679970982746116,0.017915309446254073,0.019543973941368076,0.002183406113537118,0.024017467248908297,0.013029315960912053,0.019579534301523406,0.015283842794759825,0.06747222735871869,0.0,0.0,0.026058631921824105,0.0,0.0,0.010917030567685589,0.013029315960912053,0.020671237358291964,0.0,0.025109170305676855,0.0,0.013029315960912053,0.013029315960912053,0.017467248908296942,0.014121019017680612,0.031588267925977555,0.013029315960912053,0.019543973941368076,0.006550218340611353,0.006514657980456026,0.0,0.015283842794759825,0.013029315960912053,0.03377167403951467,0.004366812227074236,0.015283842794759825,0.0,0.010917030567685589,0.0,0.026200873362445413,0.002183406113537118,0.017467248908296942
parsopercularis-lh,0.016853932584269662,0.0,0.05056179775280899,0.0,0.0,0.0,0.0,0.01937984496124031,0.08139534883720931,0.0,0.0,0.0,0.016853932584269662,0.0,0.04868913857677903,0.0,0.0,0.0,0.12350840519118543,0.0,0.018726591760299626,0.0,0.0299625468164794,0.0,0.0,0.0,0.02247191011235955,0.050387596899224806,0.0,0.0,0.020599250936329586,0.0,0.0149812734082397,0.0,0.01937984496124031,0.0,0.23835031791655778,0.0,0.0,0.0018726591760299626,0.0,0.0,0.05056179775280899,0.0,0.0,0.0,0.0,0.028089887640449437,0.0056179775280898875,0.0,0.0,0.0,0.0,0.0,0.024344569288389514,0.03932584269662921,0.033707865168539325,0.0,0.0,0.0,0.0,0.0,0.0056179775280898875,0.0,0.0,0.03875968992248062,0.0,0.0
parsopercularis-rh,0.04497354497354497,0.0,0.01171875,0.05859375,0.0,0.0,0.0,0.037037037037037035,0.0,0.0,0.0,0.0,0.037037037037037035,0.0,0.0,0.0,0.0,0.015873015873015872,0.015873015873015872,0.0,0.023809523809523808,0.0390625,0.026455026455026454,0.0,0.0,0.0,0.023809523809523808,0.0,0.0,0.0,0.018518518518518517,0.0,0.0,0.0,0.010582010582010581,0.0,0.0,0.2197420634920635,0.0,0.0,0.0,0.0026455026455026454,0.0,0.0,0.01953125,0.0,0.09765625,0.013227513227513227,0.0,0.0,0.026455026455026454,0.0,0.0,0.0,0.0,0.0,0.0,0.0,0.047619047619047616,0.0,0.023809523809523808,0.03515625,0.042328042328042326,0.0,0.0,0.02734375,0.026455026455026454,0.0546875
parsorbitalis-lh,0.0,0.0,0.0,0.0,0.027419354838709678,0.035483870967741936,0.0,0.0,0.0,0.0,0.056451612903225805,0.016129032258064516,0.0,0.004838709677419355,0.0,0.0,0.0,0.0,0.0,0.0,0.0,0.0,0.0,0.0,0.04516129032258064,0.0064516129032258064,0.0,0.0,0.05806451612903226,0.05967741935483871,0.0,0.0,0.0,0.0,0.0,0.02258064516129032,0.0,0.0,0.39462365591397847,0.0032258064516129032,0.08333333333333333,0.012903225806451613,0.0,0.0,0.0,0.01935483870967742,0.06666666666666667,0.0,0.016666666666666666,0.00967741935483871,0.0,0.0,0.0,0.017741935483870968,0.016129032258064516,0.0064516129032258064,0.0,0.0,0.0,0.0,0.0,0.0,0.0,0.020967741935483872,0.0,0.0,0.0,0.0
parsorbitalis-rh,0.0,0.0,0.0,0.0,0.0,0.005376344086021506,0.06944444444444445,0.06944444444444445,0.0,0.0,0.0,0.006944444444444444,0.0,0.0,0.0,0.0,0.016129032258064516,0.013888888888888888,0.0,0.0,0.0,0.0,0.0,0.0,0.0,0.10215053763440861,0.0,0.0,0.013440860215053764,0.008064516129032258,0.0,0.0,0.0,0.0,0.0,0.0,0.020833333333333332,0.0,0.0,0.3586469534050179,0.0,0.0967741935483871,0.0,0.0,0.0,0.03763440860215054,0.0,0.0,0.04861111111111111,0.0,0.0,0.0,0.0,0.0,0.06989247311827956,0.0,0.006944444444444444,0.03494623655913978,0.0,0.0,0.0,0.0,0.020833333333333332,0.0,0.0,0.0,0.0,0.0
parstriangularis-lh,0.0,0.0,0.0,0.08695652173913043,0.0,0.0,0.0,0.0,0.0,0.0,0.0,0.0,0.0,0.0,0.0,0.0,0.0,0.0,0.0,0.0,0.0,0.0,0.0,0.0,0.0,0.030434782608695653,0.0,0.0,0.07391304347826087,0.0,0.0,0.0,0.08695652173913043,0.0,0.0,0.0,0.0,0.0,0.030434782608695653,0.0,0.3965744400527009,0.0,0.0,0.0,0.0,0.0,0.0,0.0,0.0,0.0,0.0,0.0,0.030434782608695653,0.0,0.0,0.0,0.0,0.0,0.05217391304347826,0.0,0.0,0.0,0.0,0.0,0.21212121212121213,0.0,0.0,0.0
parstriangularis-rh,0.0045045045045045045,0.012012012012012012,0.0,0.0,0.0,0.007042253521126761,0.0,0.0,0.009009009009009009,0.016516516516516516,0.002347417840375587,0.0,0.0,0.018018018018018018,0.0,0.012012012012012012,0.011737089201877934,0.0,0.013513513513513514,0.009009009009009009,0.0075075075075075074,0.009009009009009009,0.006006006006006006,0.013513513513513514,0.0,0.10440722412553398,0.010510510510510511,0.03003003003003003,0.028169014084507043,0.023474178403755867,0.013513513513513514,0.012012012012012012,0.0,0.013513513513513514,0.042042042042042045,0.01951951951951952,0.0,0.0,0.009389671361502348,0.09389671361502347,0.0,0.13997800617518927,0.0,0.0,0.0,0.045721778116144314,0.0,0.0075075075075075074,0.0,0.010510510510510511,0.012012012012012012,0.013513513513513514,0.0,0.0,0.07746478873239436,0.0,0.0,0.04345895190965614,0.0045045045045045045,0.009009009009009009,0.024024024024024024,0.009009009009009009,0.003003003003003003,0.0,0.0,0.021021021021021023,0.016516516516516516,0.010510510510510511
pericalcarine-lh,0.01744186046511628,0.0,0.0562015503875969,0.0,0.0,0.0,0.02954048140043764,0.0,0.0,0.0,0.0,0.0,0.01744186046511628,0.019693654266958426,0.07083184910013061,0.0,0.0,0.0,0.015503875968992248,0.0175054704595186,0.03991739182060285,0.0,0.031007751937984496,0.030634573304157548,0.0,0.0,0.047325835835326444,0.012035010940919038,0.0,0.0,0.023255813953488372,0.0,0.04613844927314979,0.028446389496717725,0.0,0.0087527352297593,0.044573643410852716,0.0,0.0,0.0,0.0,0.0,0.08186606279578648,0.030634573304157548,0.0,0.0,0.0,0.05945414143470222,0.02188183807439825,0.0,0.030634573304157548,0.030634573304157548,0.02516411378555799,0.0,0.03294573643410853,0.05198208742557631,0.027131782945736434,0.0,0.028446389496717725,0.022975929978118162,0.0,0.0,0.0,0.0,0.0,0.0,0.0,0.0
pericalcarine-rh,0.0,0.01977401129943503,0.0,0.011299435028248588,0.0,0.0,0.028662420382165606,0.0,0.01977401129943503,0.01694915254237288,0.031073446327683617,0.0,0.0,0.0332325740400878,0.025477707006369428,0.01977401129943503,0.0,0.0,0.0,0.031109431789557017,0.018046709129511677,0.031073446327683617,0.0,0.04879628630033467,0.01694915254237288,0.005649717514124294,0.025477707006369428,0.02015185864910576,0.0,0.0,0.0,0.01977401129943503,0.03078556263269639,0.02653927813163482,0.0,0.022616862787433877,0.0,0.0,0.0,0.0,0.0,0.0,0.027600849256900213,0.07880816150275288,0.0,0.025423728813559324,0.0,0.02653927813163482,0.024416135881104035,0.01977401129943503,0.03184713375796178,0.03361042138975854,0.027600849256900213,0.0,0.011299435028248588,0.005307855626326964,0.0,0.0,0.028662420382165606,0.04595343481233581,0.0,0.031073446327683617,0.0,0.0480225988700565,0.0,0.01977401129943503,0.0,0.011299435028248588
postcentral-lh,0.0,0.0,0.0,0.0,0.03333333333333333,0.0,0.0,0.0,0.0,0.0,0.0,0.008264462809917356,0.0,0.05371900826446281,0.0,0.0,0.0,0.0,0.0,0.0,0.0,0.1115702479338843,0.0,0.0,0.0,0.0,0.0,0.0,0.0,0.0,0.0,0.0,0.0,0.0,0.0,0.0,0.0,0.012396694214876033,0.0,0.0,0.0,0.0,0.0,0.0,0.603030303030303,0.0,0.03305785123966942,0.0,0.01652892561983471,0.0,0.0,0.0,0.0,0.004132231404958678,0.0,0.0,0.0,0.0,0.07024793388429752,0.0,0.0,0.0,0.0,0.0,0.0,0.05371900826446281,0.0,0.0
postcentral-rh,0.012589928057553957,0.02584493041749503,0.0,0.0,0.007952286282306162,0.02158273381294964,0.0,0.0,0.02584493041749503,0.02286282306163022,0.022151265071441852,0.0,0.0,0.020874751491053677,0.0,0.02485089463220676,0.0,0.0,0.0,0.0268389662027833,0.0,0.017892644135188866,0.03237410071942446,0.02286282306163022,0.008188280389604818,0.052254816425189865,0.0,0.010934393638170975,0.02697841726618705,0.02158273381294964,0.019784172661870502,0.04842170001573294,0.0,0.0009940357852882703,0.006958250497017893,0.016898608349900597,0.0,0.0,0.017985611510791366,0.02877697841726619,0.0,0.035545718494786674,0.0,0.011928429423459244,0.0,0.11175036114249753,0.0,0.0,0.0,0.0268389662027833,0.0,0.012922465208747515,0.0,0.0,0.036350243860577544,0.0,0.0,0.021915270964143196,0.0,0.02485089463220676,0.023381294964028777,0.017892644135188866,0.0,0.04827867328403679,0.004970178926441352,0.019880715705765408,0.03237410071942446,0.0268389662027833
posteriorcingulate-lh,0.0,0.0,0.0830602035535622,0.016042780748663103,0.0,0.0,0.0,0.0,0.0,0.0,0.016129032258064516,0.045454545454545456,0.0,0.026737967914438502,0.0,0.0053475935828877,0.0,0.0,0.0,0.0,0.0,0.053475935828877004,0.0,0.0,0.0,0.0,0.0,0.0,0.0,0.0,0.0,0.0,0.0,0.0,0.0,0.0,0.0,0.05614973262032086,0.03225806451612903,0.0,0.0,0.0,0.0,0.0,0.0213903743315508,0.0,0.3676039330688287,0.0,0.08064516129032258,0.0,0.0,0.0,0.0,0.0427807486631016,0.08064516129032258,0.01871657754010695,0.016129032258064516,0.0,0.0,0.0,0.0,0.0053475935828877,0.0,0.0,0.0,0.01871657754010695,0.0,0.013368983957219251
posteriorcingulate-rh,0.01729559748427673,0.0,0.026729559748427674,0.0,0.0,0.0,0.028446389496717725,0.0,0.0,0.0,0.0,0.0,0.018867924528301886,0.019693654266958426,0.04403203831385988,0.0,0.0,0.0,0.025157232704402517,0.0175054704595186,0.05161843028776682,0.0,0.0330188679245283,0.03172866520787746,0.0,0.0,0.05599479790264646,0.018324319117019667,0.0,0.0,0.03773584905660377,0.0,0.03692388148025818,0.032685135488487956,0.015723270440251572,0.0087527352297593,0.020440251572327043,0.0047169811320754715,0.0,0.0,0.0,0.0110062893081761,0.05264715192050975,0.02954048140043764,0.0,0.0,0.0,0.0721309332122263,0.020787746170678335,0.0,0.04854602755184895,0.02954048140043764,0.024070021881838075,0.0,0.02358490566037736,0.027483038134951763,0.014150943396226415,0.0,0.03835858690117391,0.02188183807439825,0.015723270440251572,0.0,0.009433962264150943,0.0,0.0,0.0,0.015723270440251572,0.0
precentral-lh,0.0,0.0,0.0,0.0,0.0,0.0,0.023114355231143552,0.0,0.0,0.0,0.0,0.0,0.012578206465067777,0.0170316301703163,0.023114355231143552,0.0,0.0012165450121654502,0.0,0.0,0.019464720194647202,0.01824817518248175,0.0,0.0,0.0267639902676399,0.0,0.0,0.025547445255474453,0.01338199513381995,0.0,0.0,0.0,0.0,0.025547445255474453,0.02068126520681265,0.0,0.009732360097323601,0.044642857142857144,0.0,0.0,0.044642857142857144,0.0,0.0,0.021897810218978103,0.025547445255474453,0.0072992700729927005,0.0,0.026785714285714284,0.02068126520681265,0.26944299617657286,0.0,0.027980535279805353,0.025547445255474453,0.031630170316301706,0.0,0.0,0.006082725060827251,0.11607142857142858,0.0,0.024330900243309004,0.024330900243309004,0.0,0.0,0.03571428571428571,0.0,0.0,0.010948905109489052,0.0,0.0
precentral-rh,0.024154589371980676,0.02402745995423341,0.00966183574879227,0.0,0.009153318077803204,0.03864734299516908,0.0,0.0,0.036613272311212815,0.021739130434782608,0.03864734299516908,0.036231884057971016,0.0,0.018306636155606407,0.0,0.054284261378082885,0.0,0.0,0.0,0.032036613272311214,0.0,0.014874141876430207,0.0,0.020594965675057208,0.028985507246376812,0.02288329519450801,0.0,0.009153318077803204,0.021739130434782608,0.028985507246376812,0.0,0.027587083651156877,0.0,0.0011441647597254005,0.008009153318077803,0.013729977116704805,0.0,0.0,0.01932367149758454,0.0,0.0,0.005720823798627002,0.0,0.008009153318077803,0.0,0.033435036867531145,0.0,0.0,0.0,0.1114924993643529,0.0,0.013729977116704805,0.0,0.036231884057971016,0.0,0.04106280193236715,0.0,0.014874141876430207,0.0,0.02288329519450801,0.012077294685990338,0.016018306636155607,0.0,0.06559877955758964,0.009153318077803204,0.018306636155606407,0.0,0.030892448512585814
precuneus-lh,0.025974025974025976,0.0,0.0,0.0,0.0,0.0,0.02738336713995943,0.0,0.0,0.0021645021645021645,0.0,0.0,0.017316017316017316,0.022584582422310616,0.02434077079107505,0.0,0.0,0.0,0.032467532467532464,0.016227180527383367,0.04754440961337513,0.0,0.02813852813852814,0.033468559837728194,0.0,0.0,0.05897280542310968,0.026307701764091217,0.0,0.0,0.03463203463203463,0.0,0.03144016227180527,0.038205877962470255,0.02813852813852814,0.014607096757198177,0.0,0.017316017316017316,0.0,0.0,0.0,0.021645021645021644,0.028397565922920892,0.030425963488843813,0.0,0.0,0.0,0.05004258756794254,0.02535496957403651,0.0,0.07127929541722645,0.030425963488843813,0.028397565922920892,0.0,0.0,0.005070993914807302,0.0,0.0,0.05335739311398541,0.02231237322515213,0.03896103896103896,0.0,0.023809523809523808,0.0,0.0,0.004329004329004329,0.03896103896103896,0.0
precuneus-rh,0.004123711340206186,0.02753623188405797,0.0,0.0,0.0,0.0,0.027835051546391754,0.004123711340206186,0.017391304347826087,0.021739130434782608,0.0014492753623188406,0.0,0.0,0.046092932914985806,0.024742268041237112,0.02753623188405797,0.0,0.0,0.0,0.03533542507096967,0.01752577319587629,0.01884057971014493,0.0,0.05991334229792321,0.0,0.017391304347826087,0.024742268041237112,0.03411026445540116,0.0,0.0,0.0,0.02463768115942029,0.029896907216494847,0.03012102196324518,0.011594202898550725,0.03288510383983266,0.0,0.0,0.0,0.0,0.0,0.010144927536231883,0.026804123711340205,0.03714328402808905,0.0,0.02463768115942029,0.0,0.02577319587628866,0.023711340206185566,0.020289855072463767,0.030927835051546393,0.05907664724338861,0.026804123711340205,0.0,0.007246376811594203,0.005154639175257732,0.0,0.013043478260869565,0.027835051546391754,0.047318093530554314,0.0035111310324219334,0.01884057971014493,0.0,0.011594202898550725,0.0,0.020289855072463767,0.0,0.020289855072463767
rostralanteriorcingulate-lh,0.0,0.0,0.0,0.032407407407407406,0.0,0.0,0.0627981611588169,0.0,0.0,0.0,0.0,0.08796296296296297,0.0,0.01990632318501171,0.02576112412177986,0.0,0.06481481481481481,0.0,0.0,0.01873536299765808,0.01990632318501171,0.0,0.0,0.02927400468384075,0.037037037037037035,0.0,0.02810304449648712,0.01288056206088993,0.032407407407407406,0.0,0.0,0.0,0.06051045190389452,0.0234192037470726,0.0,0.00936768149882904,0.0,0.0,0.0,0.0,0.032407407407407406,0.0,0.02459016393442623,0.02810304449648712,0.0,0.0,0.0,0.0234192037470726,0.03044496487119438,0.0,0.03044496487119438,0.02810304449648712,0.14623991673172,0.0,0.0,0.00585480093676815,0.0,0.0,0.05933949171654089,0.02576112412177986,0.0,0.0,0.0,0.0,0.0,0.0,0.0,0.0
rostralanteriorcingulate-rh,0.0,0.0,0.01867816091954023,0.0,0.020114942528735632,0.020114942528735632,0.0,0.0,0.0,0.0,0.03735632183908046,0.06609195402298851,0.0,0.02442528735632184,0.0,0.022988505747126436,0.0,0.0,0.0,0.0,0.0,0.015804597701149427,0.0,0.0,0.033045977011494254,0.0,0.0,0.0,0.015804597701149427,0.2583938294010889,0.0,0.0,0.0,0.0,0.0,0.020114942528735632,0.0,0.0,0.021551724137931036,0.0,0.0,0.0,0.0,0.0,0.0,0.0,0.017241379310344827,0.0,0.0,0.02442528735632184,0.0,0.0,0.0,0.330686630369026,0.0,0.03879310344827586,0.0,0.0,0.0,0.0,0.0,0.0,0.0,0.014367816091954023,0.0,0.0,0.0,0.0
rostralmiddlefrontal-lh,0.0016835016835016834,0.011784511784511785,0.04882154882154882,0.0,0.0,0.010471204188481676,0.0,0.0,0.0,0.003367003367003367,0.014587409875367989,0.0,0.015151515151515152,0.013468013468013467,0.015151515151515152,0.011784511784511785,0.0,0.0,0.005050505050505051,0.0,0.020202020202020204,0.005050505050505051,0.016835016835016835,0.013468013468013467,0.0,0.08376963350785341,0.013468013468013467,0.013468013468013467,0.03664921465968586,0.031413612565445025,0.026936026936026935,0.008417508417508417,0.0016835016835016834,0.0,0.0,0.013468013468013467,0.016835016835016835,0.0,0.015706806282722512,0.07853403141361257,0.0,0.0968586387434555,0.021885521885521887,0.010101010101010102,0.0,0.05198582685493681,0.011784511784511785,0.021885521885521887,0.0,0.0,0.0,0.008417508417508417,0.0,0.0,0.1572796023057803,0.03198653198653199,0.010101010101010102,0.005235602094240838,0.0,0.011784511784511785,0.0,0.003367003367003367,0.0,0.006734006734006734,0.0,0.003367003367003367,0.0,0.0
rostralmiddlefrontal-rh,0.010638297872340425,0.0,0.07299245024021962,0.0,0.0,0.02258064516129032,0.008064516129032258,0.0,0.0,0.0,0.02258064516129032,0.04032258064516129,0.019148936170212766,0.01935483870967742,0.0442347288949897,0.025806451612903226,0.0,0.0,0.014893617021276596,0.008064516129032258,0.03146877144818119,0.01129032258064516,0.029787234042553193,0.008064516129032258,0.017741935483870968,0.0,0.03359643102264928,0.008064516129032258,0.01129032258064516,0.016129032258064516,0.02553191489361702,0.0,0.018702814001372685,0.008064516129032258,0.0,0.0032258064516129032,0.036170212765957444,0.0,0.00967741935483871,0.0,0.0,0.0,0.05274536719286205,0.008064516129032258,0.0,0.0,0.004838709677419355,0.04210706932052162,0.008064516129032258,0.03064516129032258,0.008064516129032258,0.008064516129032258,0.008064516129032258,0.04032258064516129,0.04893617021276596,0.10583390528483184,0.02127659574468085,0.0,0.008064516129032258,0.008064516129032258,0.0,0.0,0.0,0.01935483870967742,0.0,0.0,0.0,0.0
superiorfrontal-lh,0.022388059701492536,0.0,0.03731343283582089,0.0,0.0,0.0,0.0,0.0,0.0,0.0,0.0,0.0,0.012437810945273632,0.0,0.03980099502487562,0.0,0.0,0.0,0.01990049751243781,0.0,0.014925373134328358,0.0,0.03233830845771144,0.0,0.0,0.0,0.02736318407960199,0.0,0.0,0.0,0.017412935323383085,0.0,0.01990049751243781,0.0,0.0,0.0,0.04477611940298507,0.0,0.0,0.0,0.0,0.0,0.03980099502487562,0.0,0.0,0.0,0.0,0.02736318407960199,0.02736318407960199,0.0,0.0,0.0,0.0,0.0,0.01990049751243781,0.029850746268656716,0.5646766169154229,0.0,0.0,0.0,0.0,0.0,0.0024875621890547263,0.0,0.0,0.0,0.0,0.0
superiorfrontal-rh,0.0,0.022408963585434174,0.0,0.020618556701030927,0.0056022408963585435,0.0,0.0,0.0,0.023809523809523808,0.025210084033613446,0.0,0.0,0.0,0.022408963585434174,0.0,0.02100840336134454,0.0,0.0,0.0,0.02100840336134454,0.0,0.011204481792717087,0.030927835051546393,0.0196078431372549,0.0,0.061292558260417566,0.0,0.018207282913165267,0.0,0.0,0.0,0.023809523809523808,0.0,0.0028011204481792717,0.028011204481792718,0.0196078431372549,0.0,0.0,0.0,0.05670103092783505,0.0,0.0467815992376332,0.0,0.0,0.0,0.03411880216003927,0.0,0.0,0.0,0.023809523809523808,0.0,0.012605042016806723,0.0,0.0,0.0,0.0,0.0,0.24775477201189755,0.0,0.018207282913165267,0.0070028011204481795,0.011204481792717087,0.030927835051546393,0.0028011204481792717,0.0014005602240896359,0.025210084033613446,0.054347512200756586,0.04958271968581247
superiorparietal-lh,0.034482758620689655,0.0,0.0,0.020689655172413793,0.0,0.0,0.02446183953033268,0.010344827586206896,0.0,0.0,0.0,0.0,0.02413793103448276,0.029354207436399216,0.023483365949119372,0.0,0.0,0.0,0.017241379310344827,0.015655577299412915,0.0390478439840745,0.015655577299412915,0.02413793103448276,0.026418786692759294,0.0,0.006896551724137931,0.04589715905256765,0.014211485255415345,0.020689655172413793,0.0,0.01896551724137931,0.0,0.04710844186517309,0.022504892367906065,0.013793103448275862,0.007827788649706457,0.0,0.027586206896551724,0.0,0.0,0.020689655172413793,0.008620689655172414,0.023483365949119372,0.026418786692759294,0.014677103718199608,0.0,0.0,0.03802213374721641,0.021526418786692758,0.0,0.05055671772724205,0.026418786692759294,0.036530805047574055,0.0,0.0,0.004892367906066536,0.0,0.0,0.09650111343545448,0.021526418786692758,0.022413793103448276,0.0,0.03103448275862069,0.0,0.0,0.0019569471624266144,0.02413793103448276,0.0
superiorparietal-rh,0.0,0.027446300715990454,0.0,0.0,0.0059665871121718375,0.0,0.02531645569620253,0.0,0.02386634844868735,0.021479713603818614,0.0059665871121718375,0.0,0.0,0.04046705537597051,0.02531645569620253,0.026252983293556086,0.0,0.0,0.0,0.044119513005649376,0.020253164556962026,0.01909307875894988,0.0,0.051714449714510134,0.0,0.02028639618138425,0.027848101265822784,0.027050542279689435,0.0,0.0,0.0,0.027446300715990454,0.027848101265822784,0.02278481012658228,0.0059665871121718375,0.028026343614996528,0.0,0.0,0.0,0.0,0.0,0.00477326968973747,0.024050632911392405,0.0421679103350352,0.0,0.031026252983293555,0.0,0.02278481012658228,0.027848101265822784,0.02386634844868735,0.027848101265822784,0.04336122775746956,0.027848101265822784,0.0,0.0059665871121718375,0.006329113924050633,0.0,0.010739856801909307,0.026582278481012658,0.06914594725234888,0.0,0.01909307875894988,0.0,0.017899761336515514,0.002386634844868735,0.017899761336515514,0.0,0.02386634844868735
superiortemporal-lh,0.08891046386192017,0.003236245954692557,0.0,0.0,0.0,0.0,0.0,0.024444444444444446,0.0,0.006472491909385114,0.0,0.0,0.011326860841423949,0.008090614886731391,0.0,0.003236245954692557,0.0,0.0,0.024271844660194174,0.0,0.021035598705501618,0.0,0.054973031283710894,0.0048543689320388345,0.0,0.0,0.024271844660194174,0.016181229773462782,0.0,0.0,0.08811218985976267,0.07879180151024812,0.0,0.012944983818770227,0.043689320388349516,0.009708737864077669,0.0,0.011326860841423949,0.0,0.0,0.0,0.032362459546925564,0.0,0.0,0.0,0.03495145631067961,0.0,0.016181229773462782,0.0,0.008284789644012946,0.025889967637540454,0.0048543689320388345,0.0,0.0,0.0,0.0,0.0,0.014563106796116505,0.01779935275080906,0.0,0.1479395900755124,0.0,0.016181229773462782,0.04,0.0,0.008090614886731391,0.09540453074433658,0.0016181229773462784
superiortemporal-rh,0.0,0.0196078431372549,0.0234375,0.14291185224089636,0.0014005602240896359,0.0,0.0,0.0,0.023809523809523808,0.06537771358543418,0.0196078431372549,0.0,0.0,0.01680672268907563,0.0,0.0196078431372549,0.0,0.01953125,0.0,0.0196078431372549,0.0,0.029411764705882353,0.0,0.018207282913165267,0.01680672268907563,0.018207282913165267,0.0,0.00980392156862745,0.0,0.0,0.0,0.0196078431372549,0.0,0.0,0.0070028011204481795,0.014005602240896359,0.0,0.03515625,0.0,0.0,0.0,0.0056022408963585435,0.0,0.015406162464985995,0.0,0.022408963585434174,0.015625,0.0,0.0,0.0196078431372549,0.0,0.015406162464985995,0.0,0.0,0.0,0.0,0.0,0.008403361344537815,0.0,0.02100840336134454,0.0,0.16532081582633054,0.0625,0.022408963585434174,0.0,0.023809523809523808,0.0,0.0625765931372549
supramarginal-lh,0.04225352112676056,0.0,0.0,0.1414141414141414,0.0,0.0,0.0,0.009389671361502348,0.0,0.010101010101010102,0.0,0.0,0.03286384976525822,0.0,0.0,0.0,0.0,0.0,0.02112676056338028,0.0,0.028169014084507043,0.0,0.03051643192488263,0.0,0.0,0.0,0.028169014084507043,0.002347417840375587,0.0,0.0,0.023474178403755867,0.0,0.0,0.0,0.01643192488262911,0.0,0.009389671361502348,0.04296485986626832,0.0,0.002347417840375587,0.0,0.009389671361502348,0.0,0.0,0.0,0.0,0.0,0.018779342723004695,0.007042253521126761,0.0,0.03051643192488263,0.0,0.0,0.0,0.0,0.0,0.007042253521126761,0.020202020202020204,0.04225352112676056,0.0,0.028169014084507043,0.09090909090909091,0.20856451842367335,0.0,0.0,0.0,0.03051643192488263,0.06565656565656566
supramarginal-rh,0.027210884353741496,0.020161290322580645,0.0,0.008064516129032258,0.0,0.034013605442176874,0.0,0.0,0.02620967741935484,0.02217741935483871,0.05417489576475752,0.013605442176870748,0.0,0.016129032258064516,0.0,0.030365371955233707,0.0,0.0,0.0,0.020161290322580645,0.0,0.03225806451612903,0.013605442176870748,0.018145161290322582,0.037606978275181044,0.015813583497915295,0.0,0.004032258064516129,0.027210884353741496,0.03231292517006803,0.015306122448979591,0.04737217467632214,0.0,0.0,0.0,0.012096774193548387,0.0,0.0,0.025510204081632654,0.0,0.0,0.0,0.0,0.03225806451612903,0.0,0.06160851437349133,0.0,0.0,0.0,0.05310511301294711,0.0,0.010080645161290322,0.0,0.013605442176870748,0.005732938336624973,0.017006802721088437,0.0,0.0,0.0,0.02217741935483871,0.034013605442176874,0.03225806451612903,0.0,0.10866524028966426,0.0,0.024193548387096774,0.013605442176870748,0.018145161290322582
temporalpole-lh,0.0,0.0,0.0,0.0,0.030303030303030304,0.03787878787878788,0.0,0.0,0.045454545454545456,0.0,0.0,0.0,0.0,0.0,0.0,0.0,0.0,0.0,0.0,0.030303030303030304,0.0,0.0,0.0,0.0,0.0,0.0,0.0,0.0,0.0,0.0,0.0,0.007575757575757576,0.0,0.0,0.02727272727272727,0.0,0.0,0.0,0.0,0.0,0.10909090909090909,0.0,0.0,0.0,0.0,0.022727272727272728,0.0,0.0,0.0,0.045454545454545456,0.0,0.0,0.0,0.0,0.0,0.0,0.0,0.0,0.0,0.0,0.0,0.0,0.0,0.0,0.6136363636363636,0.0,0.0,0.030303030303030304
temporalpole-rh,0.0,0.02142857142857143,0.0,0.003061224489795918,0.0020408163265306124,0.0,0.0,0.018691588785046728,0.02040816326530612,0.02959183673469388,0.007142857142857143,0.0,0.0,0.024489795918367346,0.0,0.02142857142857143,0.0,0.0,0.047749380125882125,0.018367346938775512,0.0,0.07181003242418463,0.0,0.022448979591836733,0.00510204081632653,0.02142857142857143,0.0,0.018958611481975966,0.0,0.0,0.0010204081632653062,0.022448979591836733,0.0,0.00510204081632653,0.015306122448979591,0.02040816326530612,0.04672897196261682,0.03271028037383177,0.0,0.0,0.0,0.01020408163265306,0.0,0.009183673469387756,0.07009345794392523,0.022448979591836733,0.03271028037383177,0.0,0.03271028037383177,0.02040816326530612,0.0,0.015306122448979591,0.0,0.0,0.0,0.0,0.0,0.018367346938775512,0.018691588785046728,0.017346938775510204,0.003061224489795918,0.02040816326530612,0.0,0.014285714285714285,0.0,0.17547205798207133,0.0010204081632653062,0.02040816326530612
transversetemporal-lh,0.04260305819645793,0.0,0.0,0.0,0.0,0.0,0.0,0.0,0.0,0.0036101083032490976,0.0,0.0,0.01444043321299639,0.005415162454873646,0.0,0.0,0.0,0.0,0.02707581227436823,0.0,0.02527075812274368,0.0,0.10461753643185212,0.0018050541516245488,0.0,0.0,0.02888086642599278,0.01444043321299639,0.0,0.0,0.09694369365112368,0.06806282722513089,0.0,0.010830324909747292,0.039711191335740074,0.007220216606498195,0.0,0.01444043321299639,0.0,0.0,0.0,0.02707581227436823,0.0,0.0,0.0,0.041884816753926704,0.0,0.018050541516245487,0.0,0.0,0.030685920577617327,0.0018050541516245488,0.0,0.0,0.0,0.0,0.0,0.043869431266184054,0.021660649819494584,0.0,0.10470259133952028,0.0,0.019855595667870037,0.015706806282722512,0.0,0.005415162454873646,0.16391970816716123,0.0
transversetemporal-rh,0.0,0.024705882352941175,0.01,0.13,0.009411764705882352,0.0,0.0,0.0,0.03294117647058824,0.02235294117647059,0.0,0.0,0.0,0.018823529411764704,0.0,0.023529411764705882,0.0,0.0,0.0,0.03294117647058824,0.0,0.015294117647058824,0.0,0.021176470588235293,0.0,0.023529411764705882,0.0,0.009411764705882352,0.0,0.0,0.0,0.02588235294117647,0.0,0.001176470588235294,0.00823529411764706,0.01411764705882353,0.0,0.08,0.0,0.0,0.0,0.0058823529411764705,0.0,0.007058823529411765,0.0,0.029411764705882353,0.035,0.0,0.0,0.03411764705882353,0.0,0.01411764705882353,0.0,0.0,0.0,0.0,0.0,0.030294117647058826,0.0,0.023529411764705882,0.0,0.07147058823529412,0.055,0.012941176470588235,0.007058823529411765,0.018823529411764704,0.0,0.15176470588235294
