,S1_D1 hbo,S1_D3 hbo,S2_D1 hbo,S2_D2 hbo,S2_D4 hbo,S3_D1 hbo,S3_D3 hbo,S3_D4 hbo,S3_D5 hbo,S4_D2 hbo,S4_D4 hbo,S4_D6 hbo,S4_D11 hbo,S5_D3 hbo,S5_D5 hbo,S5_D7 hbo,S6_D4 hbo,S6_D5 hbo,S6_D6 hbo,S6_D8 hbo,S7_D5 hbo,S7_D7 hbo,S7_D8 hbo,S8_D6 hbo,S8_D8 hbo,S8_D15 hbo,S9_D2 hbo,S9_D9 hbo,S9_D11 hbo,S10_D9 hbo,S10_D10 hbo,S10_D12 hbo,S11_D9 hbo,S11_D11 hbo,S11_D12 hbo,S11_D13 hbo,S12_D10 hbo,S12_D12 hbo,S12_D14 hbo,S13_D6 hbo,S13_D11 hbo,S13_D13 hbo,S13_D15 hbo,S14_D12 hbo,S14_D13 hbo,S14_D14 hbo,S14_D16 hbo,S15_D13 hbo,S15_D15 hbo,S15_D16 hbo,S16_D14 hbo,S16_D16 hbo
S1_D1 hbo,-0.0692414628929921,0.051775147928994084,0.051775147928994084,0.028106508875739646,0.023668639053254437,-0.05929635702573608,-0.06521351678904969,0.028106508875739646,0.028106508875739646,0.028106508875739646,0.04437869822485207,0.03994082840236687,0.0014792899408284023,0.03994082840236687,0.013313609467455622,0.019230769230769232,0.022189349112426034,0.02514792899408284,0.0073964497041420114,0.013313609467455622,0.0,-0.07874099950096243,0.0,0.028106508875739646,0.023668639053254437,0.028106508875739646,0.028106508875739646,-0.07228915662650602,0.0,0.0,0.047337278106508875,0.0,-0.051579097454908386,0.01775147928994083,-0.07228915662650602,-0.01871390888999786,0.013313609467455622,-0.060454837099878804,0.0,0.004437869822485207,0.0,0.0,0.004437869822485207,-0.06626506024096386,-0.03678619804662436,0.022189349112426034,-0.012048192771084338,-0.03678619804662436,0.0,0.0,0.016272189349112426,0.0
S1_D3 hbo,0.05608974358974359,-0.2152014652014652,0.060897435897435896,0.03685897435897436,0.028846153846153848,0.035256410256410256,0.028846153846153848,0.03685897435897436,0.03685897435897436,0.030448717948717948,0.05128205128205128,0.04326923076923077,0.0016025641025641025,-0.12492368742368742,0.022435897435897436,0.020833333333333332,0.02403846153846154,0.027243589743589744,0.008012820512820512,0.014423076923076924,0.011217948717948718,-0.07936507936507936,-0.23809523809523808,0.03685897435897436,0.02564102564102564,0.03365384615384615,0.03685897435897436,0.0,0.0,0.0,0.028846153846153848,0.0,0.0016025641025641025,0.019230769230769232,0.00641025641025641,-0.03319597069597069,-0.15857753357753357,0.004807692307692308,0.0,0.004807692307692308,0.0,0.0,0.004807692307692308,0.0,0.014423076923076924,0.022435897435897436,0.0,0.014423076923076924,0.0,0.0,0.019230769230769232,0.0
S2_D1 hbo,0.05057803468208093,0.057803468208092484,-0.11657562091088104,0.031791907514450865,0.024566473988439308,0.024566473988439308,0.01878612716763006,0.03757225433526012,0.031791907514450865,0.02745664739884393,-0.013910944546782697,0.044797687861271675,0.0072254335260115606,0.01472082830464333,0.02167630057803468,-0.08011497173346883,0.02601156069364162,0.030346820809248554,0.01300578034682081,0.014450867052023121,0.008670520231213872,-0.03296703296703297,-0.06593406593406594,0.03757225433526012,0.02601156069364162,0.036127167630057806,0.031791907514450865,0.005780346820809248,0.005780346820809248,0.005780346820809248,-0.17901607063456773,-0.038175697135234714,0.0072254335260115606,0.023121387283236993,0.008670520231213872,-0.07114273010226768,-0.1006479070062885,0.010115606936416185,0.005780346820809248,0.010115606936416185,0.005780346820809248,0.005780346820809248,0.010115606936416185,-0.038175697135234714,-0.005208664168201742,0.02601156069364162,0.0,0.005780346820809248,0.005780346820809248,0.0,-0.017071079209807535,0.0
S2_D2 hbo,0.041474654377880185,0.05069124423963134,0.04838709677419355,-0.10818307905686547,-0.06664131358775893,-0.003534517471254082,0.0,0.055299539170506916,0.05044517023846808,-0.07626056999686814,-0.030021028141917587,-0.012415551876873515,-0.06664131358775893,0.029953917050691243,0.013824884792626729,-0.018589772269697106,0.010290367321372649,0.029953917050691243,-0.029618361594559522,0.020737327188940093,-0.0048543689320388345,-0.024271844660194174,0.0,0.014160440248758448,0.03686635944700461,0.04838709677419355,-0.0647398326696792,0.0,0.0,0.0,0.0,0.0,0.0,0.027649769585253458,0.0,0.0,0.0,0.0,0.020737327188940093,0.0,0.0,0.0,0.0069124423963133645,0.0,0.0,0.0,0.0,0.0,0.0,0.0,0.0,0.0
S2_D4 hbo,0.023415977961432508,0.023415977961432508,0.02066115702479339,-0.11316372278939124,-0.04602171447091233,0.025171501107329984,0.05096418732782369,0.013774104683195593,-0.006535947712418301,-0.11040890185275212,-0.09112515529627829,-0.05741911089504673,-0.08321179711554043,0.03856749311294766,0.03305785123966942,0.0,-0.018905633878895912,0.023415977961432508,-0.035758656079511696,0.011019283746556474,0.02514449305893156,0.0,0.0,-0.04677793982606817,0.012396694214876033,0.012396694214876033,-0.11040890185275212,0.009641873278236915,0.009641873278236915,0.009641873278236915,0.03168044077134986,0.009641873278236915,0.011019283746556474,0.009641873278236915,0.015151515151515152,0.026170798898071626,0.024793388429752067,0.02203856749311295,0.023415977961432508,0.015151515151515152,0.009641873278236915,0.009641873278236915,0.009641873278236915,0.009641873278236915,0.03305785123966942,0.027548209366391185,0.0,0.03305785123966942,0.009641873278236915,0.0,0.046831955922865015,0.0
S3_D1 hbo,-0.07114396887159533,0.03285603112840467,0.0311284046692607,-0.03243579766536965,0.02982101167315175,-0.0806692607003891,-0.07201556420233463,0.005836575875486381,-0.008,-0.02270817120622568,-0.012980544747081713,-0.02270817120622568,-0.014926070038910506,0.03285603112840467,0.03696498054474708,0.0,-0.03416342412451362,0.019455252918287938,-0.040217898832684826,0.005836575875486381,0.015346303501945525,-0.048,-0.008,-0.048,0.005836575875486381,0.0038910505836575876,-0.028544747081712063,0.0,0.0,0.0,0.04474708171206226,0.0,0.0019455252918287938,0.0,0.007782101167315175,0.04085603112840467,0.013400778210116732,0.019455252918287938,0.02529182879377432,0.007782101167315175,0.0,0.0,0.0,0.0,0.042801556420233464,0.029182879377431907,0.0,0.042801556420233464,0.0,0.0,0.048638132295719845,0.0
S3_D3 hbo,-0.2139830508474576,0.036016949152542374,0.025423728813559324,0.0,0.07415254237288135,-0.2315375302663438,-0.2397094430992736,0.006355932203389831,0.0,0.0,0.02754237288135593,0.019067796610169493,0.019067796610169493,0.046610169491525424,0.04025423728813559,0.0,0.023305084745762712,0.02754237288135593,0.025423728813559324,0.023305084745762712,0.02754237288135593,-0.10714285714285714,0.0,0.0,0.023305084745762712,0.00423728813559322,0.0,0.0,0.0,0.0,0.048728813559322036,0.0,0.00211864406779661,0.0,0.00847457627118644,0.04449152542372881,0.023305084745762712,0.0211864406779661,0.0,0.00847457627118644,0.0,0.0,0.0,0.0,0.05084745762711865,0.02754237288135593,0.0,0.05084745762711865,0.0,0.0,0.057203389830508475,0.0
S3_D4 hbo,0.022085889570552148,0.026993865030674847,0.029447852760736196,0.024475540543645598,0.008524620298246823,-0.0012913306219985753,0.0049079754601227,-0.022145630844879485,-0.024277934790101326,0.0195675650835229,0.019374554812619196,0.02305553640771122,0.0195675650835229,0.04049079754601227,0.020858895705521473,0.015950920245398775,-0.017949955194044253,0.0343558282208589,0.010978608028308173,-0.03525654281840951,0.015886583488430875,-0.0299625468164794,-0.033707865168539325,0.006911605891408747,-0.02169527354610418,0.014273569081592795,0.028156522138737625,0.0196319018404908,-0.017821281680108454,-0.017821281680108454,0.0,0.0009053100801911726,0.013496932515337423,-0.018078628707980056,0.008395946784311024,0.0,0.01717791411042945,0.0196319018404908,0.012141265136370948,0.020858895705521473,-0.0028400082718687512,-0.03402954895337883,-0.03900186117046943,0.0196319018404908,0.0,0.0196319018404908,-0.03745318352059925,0.0,-0.0402288550355001,-0.07116104868913857,0.0022609774591576485,-0.0749063670411985
S3_D5 hbo,0.03377110694183865,0.04127579737335835,0.039399624765478425,0.035021888680425266,-0.008130081300813009,-0.008130081300813009,0.0,-0.014071294559099438,0.0028142589118198835,0.027517198248905562,0.033145716072545336,0.02564102564102564,-0.008130081300813009,0.024390243902439025,0.00375234521575985,0.04127579737335835,-0.024702939337085682,0.024390243902439025,-0.0006253908692933092,-0.026891807379612255,-0.0040650406504065045,-0.021263289555972488,-0.036585365853658534,0.027517198248905562,-0.005941213258286435,0.02782989368355222,0.04252657911194496,0.0,-0.023452157598499057,-0.04065040650406504,0.0,-0.0034396497811131944,0.0075046904315197,-0.009380863039399626,0.0,0.0,0.0,0.0,0.008755472170106316,0.0,-0.0075046904315197,-0.04002501563477173,-0.038461538461538464,0.0,0.0,0.009380863039399626,-0.011569731081926202,0.0,-0.04409005628517823,-0.04409005628517823,0.009380863039399626,-0.04409005628517823
S4_D2 hbo,0.04017857142857143,0.044642857142857144,0.044642857142857144,-0.08885135135135136,-0.07720801158301159,-0.0002413127413127443,0.0,0.044642857142857144,0.03923745173745174,-0.061715733590733596,-0.04689913127413128,-0.021163127413127418,-0.059350868725868734,0.029017857142857144,0.013392857142857142,0.029017857142857144,0.006455115830115828,0.029017857142857144,-0.03431467181467182,0.020089285714285716,-0.005405405405405406,0.0,0.0,0.0013996138996138982,0.03571428571428571,0.044642857142857144,-0.10060328185328186,0.0,0.0,0.0,0.0,0.0,0.0,0.026785714285714284,0.0,0.0,0.0,0.0,0.04017857142857143,0.0,0.0,0.0,0.006696428571428571,0.0,0.0,0.0,0.0,0.0,0.0,0.0,0.0,0.0
S4_D4 hbo,0.03769140164899882,0.038869257950530034,0.010297829379101463,-0.0474748203168193,-0.04048941131222808,0.00550467536838057,0.01884570082449941,0.027172423739813947,0.02300906228215668,-0.05218624552294415,-0.06010432441527847,-0.026984928246917138,-0.056979399533665064,0.023090791086752722,0.027090694935217905,-0.0132592966515228,0.0007932501622557181,0.028268551236749116,-0.02205235451070888,0.011778563015312132,0.0076969303622509075,0.001177856301531213,-0.024489795918367346,-0.0008509410831470457,0.02120141342756184,0.03297997644287397,-0.0474748203168193,0.008244994110718492,0.004163361457657267,0.008244994110718492,-0.008547871445397946,-0.008081536501526407,0.01060070671378092,0.0142160044229706,-0.004547967596932767,-0.016792865556116438,-0.007370015143866732,0.016489988221436984,0.015312131919905771,0.011778563015312132,0.008244994110718492,0.008244994110718492,0.011778563015312132,-0.008081536501526407,0.0076969303622509075,0.020023557126030624,-0.012244897959183673,0.011778563015312132,0.008244994110718492,0.0,-0.0061921588423355205,-0.0163265306122449
S4_D6 hbo,0.03114571746384872,0.03225806451612903,0.035595105672969966,-0.06421276165436343,-0.06866214986348468,-0.015782326683327793,0.010011123470522803,0.02372043973823729,0.015753434552099738,-0.06421276165436343,-0.07034511650751918,-0.06144634008927668,-0.06866214986348468,0.041156840934371525,0.030033370411568408,0.01557285873192436,-0.012445285526486858,0.03114571746384872,-0.041936928477529146,0.012235817575083427,0.009079352238417866,0.0011123470522803114,0.0,-0.025251722693324475,0.021134593993325918,0.03337041156840934,-0.06421276165436343,0.01557285873192436,0.010191699290698178,0.01557285873192436,0.010011123470522803,0.01668520578420467,0.014460511679644048,0.01704635742455542,-0.010401167242101616,0.0,0.02224694104560623,0.01668520578420467,0.02224694104560623,0.018909899888765295,0.01668520578420467,0.01668520578420467,0.01668520578420467,0.01557285873192436,0.0,0.027808676307007785,-0.01836817242823917,0.0,0.01557285873192436,0.0011123470522803114,-0.015782326683327793,-0.03135518541525215
S4_D11 hbo,0.0029585798816568047,0.0029585798816568047,0.0073964497041420114,-0.07864187094956325,-0.05169061707523246,-0.0001408847562693709,0.016272189349112426,0.026627218934911243,-0.004761904761904762,-0.06384897154127923,-0.07124542124542124,-0.03379825302902226,-0.02390814313891236,0.038461538461538464,0.034023668639053255,0.0,0.002817695125387435,0.025979149056072133,-0.008509439278670053,0.014144829529444913,0.009382924767540152,0.0029585798816568047,0.005917159763313609,-0.036939983093829246,0.015624119470273316,0.01775147928994083,-0.07568329106790644,0.014144829529444913,0.014144829529444913,0.014144829529444913,-0.0018033248802479577,0.014144829529444913,0.008227669766131304,0.014144829529444913,0.014144829529444913,-0.009523809523809525,0.014144829529444913,0.015624119470273316,0.040772048464356156,0.027458438996900536,0.014144829529444913,0.01266553958861651,0.006748379825302901,0.014144829529444913,0.0,0.01710340941110172,-0.009523809523809525,-0.009523809523809525,0.009706959706959707,-0.009523809523809525,0.009706959706959707,-0.009523809523809525
S5_D3 hbo,0.029087261785356068,-0.10875483593638056,-0.01451974972536657,0.014042126379137413,0.026078234704112337,0.020060180541624874,0.023069207622868605,0.0320962888665998,0.014042126379137413,0.014042126379137413,-0.01953479486077279,0.03610832497492478,0.024072216649949848,-0.11049816115011701,0.029087261785356068,-0.03457993026699145,0.026078234704112337,0.033099297893681046,0.01805416248746239,0.01905717151454363,0.023069207622868605,0.0,-0.19047619047619047,0.01805416248746239,0.025075225677031094,0.026078234704112337,0.014042126379137413,0.01805416248746239,0.01805416248746239,0.01805416248746239,-0.033576921239910205,-0.03157090318574772,0.012036108324974924,0.03009027081243731,0.022066198595787363,-0.0426040024836414,-0.09698142045183168,0.01805416248746239,0.01805416248746239,0.022066198595787363,0.01805416248746239,0.015045135406218655,0.014042126379137413,-0.029564885131585228,-0.006889716769355686,0.03009027081243731,0.0,0.0050150451354062184,0.013039117352056168,0.0,-0.01665711419974208,0.0
S5_D5 hbo,0.014084507042253521,0.02176696542893726,0.019206145966709345,0.010243277848911651,0.03201024327784891,0.026888604353393086,0.02560819462227913,0.023047375160051217,0.0038412291933418692,0.010243277848911651,0.028169014084507043,0.03585147247119078,0.028169014084507043,0.03969270166453265,0.06017925736235595,0.0038412291933418692,0.015364916773367477,0.03585147247119078,0.01792573623559539,0.012804097311139564,0.028169014084507043,0.0076824583866837385,0.0,0.008962868117797696,0.012804097311139564,0.016645326504481434,0.010243277848911651,0.020486555697823303,0.020486555697823303,0.020486555697823303,0.01792573623559539,0.020486555697823303,0.015364916773367477,0.024327784891165175,0.02560819462227913,0.0076824583866837385,0.028169014084507043,0.024327784891165175,0.026888604353393086,0.03201024327784891,0.020486555697823303,0.019206145966709345,0.01792573623559539,0.020486555697823303,0.0076824583866837385,0.030729833546734954,0.0,0.0076824583866837385,0.016645326504481434,0.0,0.02560819462227913,0.0
S5_D7 hbo,0.026217228464419477,0.026217228464419477,-0.07687555504073515,-0.0665662766902197,0.0,0.0,0.0,0.026217228464419477,0.04119850187265917,0.026217228464419477,-0.03563844163867331,0.026217228464419477,0.0,-0.006583265763156879,0.003745318352059925,-0.12471523997065524,0.026217228464419477,0.024344569288389514,0.00749063670411985,0.0299625468164794,0.0,-0.04031043669639754,-0.061855670103092786,0.05805243445692884,0.05056179775280899,0.056179775280898875,0.026217228464419477,0.0,0.013108614232209739,0.00749063670411985,-0.10309278350515463,-0.013147225761612417,0.00749063670411985,0.054307116104868915,0.0,-0.07216494845360824,-0.10309278350515463,0.0,0.020599250936329586,0.0,0.024344569288389514,0.024344569288389514,0.03745318352059925,-0.041237113402061855,-0.010309278350515464,0.009363295880149813,0.031835205992509365,0.0,0.031835205992509365,0.031835205992509365,-0.021564539171396578,0.028089887640449437
S6_D4 hbo,0.023880597014925373,0.023880597014925373,0.028358208955223882,0.0013242060374817656,-0.00763101784311525,-0.015811917854337335,0.014925373134328358,-0.010784423745931991,-0.024991583436202443,0.0013242060374817656,0.007294355291213108,0.007294355291213108,0.0013242060374817656,0.03731343283582089,0.016417910447761194,0.019402985074626865,0.026416788239254863,0.04776119402985075,0.04759286275389968,0.026529009089888908,0.002210750757490742,-0.006194590954999437,-0.014431601391538547,-0.0152620356862305,0.02055885983615756,0.006520031421838178,0.0013242060374817656,0.005970149253731343,-0.02786443721243407,-0.03162383570867467,0.0,-0.012826843227471664,0.005970149253731343,-0.021232184939961842,0.005970149253731343,0.0,0.005970149253731343,0.005970149253731343,-0.0015486477387498592,0.026865671641791045,-0.016586241723712265,-0.03914263270115587,-0.03466502076085737,0.005970149253731343,0.0,0.005970149253731343,-0.02631578947368421,0.0,-0.03914263270115587,-0.045112781954887216,0.005970149253731343,-0.045112781954887216
S6_D5 hbo,0.022458628841607566,0.022458628841607566,0.026004728132387706,0.016548463356973995,0.02009456264775414,0.010638297872340425,0.018912529550827423,0.034278959810874705,0.016548463356973995,0.016548463356973995,0.02955082742316785,0.03664302600472813,0.02218676122931442,0.0425531914893617,0.034278959810874705,0.015366430260047281,0.041371158392434985,0.02055555555555555,0.031914893617021274,-0.006903073286052011,-0.025815602836879434,0.008274231678486997,0.00591016548463357,0.01627659574468085,0.007825059101654847,0.030732860520094562,0.016548463356973995,-0.005815602836879433,-0.025815602836879434,-0.025815602836879434,0.0009101654846335695,-0.025815602836879434,-0.025815602836879434,-0.011631205673758867,-0.025815602836879434,-0.04,0.010094562647754138,-0.02226950354609929,-0.020815602836879436,-0.008085106382978727,-0.025815602836879434,-0.025815602836879434,-0.023451536643026006,-0.010815602836879434,0.0,-0.019905437352245862,-0.03,-0.04,-0.025815602836879434,-0.04,-0.023451536643026006,-0.04
S6_D6 hbo,0.012477718360071301,0.0142602495543672,0.0196078431372549,-0.0654675093177767,-0.0494247285691136,-0.03240965807810728,0.023172905525846704,0.023172905525846704,0.0006481931615621456,-0.0654675093177767,-0.05120725976340949,-0.052989790957705396,-0.05055906660184735,0.0374331550802139,0.026737967914438502,0.008912655971479501,0.044239183276616426,0.03986387943607195,0.01944579484686436,0.07016690973910225,-0.005833738454059311,0.026737967914438502,0.024955436720142603,-0.0583373845405931,0.04877653540755145,0.0213903743315508,-0.0654675093177767,0.0006481931615621456,0.0006481931615621456,0.0006481931615621456,-0.0029168692270296554,0.0006481931615621456,0.002430724355858045,0.009560849133041647,0.002430724355858045,-0.0064819316156214555,0.005995786744449845,0.002430724355858045,0.0006481931615621456,0.029168692270296545,0.0006481931615621456,0.0006481931615621456,0.005995786744449845,0.0006481931615621456,0.0017825311942959,0.004213255550153946,-0.008264462809917356,-0.0064819316156214555,0.0006481931615621456,-0.008264462809917356,0.005995786744449845,-0.008264462809917356
S6_D8 hbo,0.015037593984962405,0.015037593984962405,0.01804511278195489,0.015037593984962405,0.012030075187969926,0.0030075187969924814,0.015037593984962405,-0.011457214464733266,-0.0046783625730994136,0.015037593984962405,0.01804511278195489,0.01804511278195489,0.018785057882802242,0.03007518796992481,0.013533834586466165,0.02706766917293233,0.048740899868719406,0.024728487886382627,0.06466165413533835,0.03733142379758921,-0.017400644468313638,0.008927079603771332,0.002148227712137487,0.014202172096908938,0.02759279150256594,0.017209690893901418,0.015037593984962405,-0.006062775987588018,-0.027282491944146076,-0.04007638142976489,-0.0022675736961451248,-0.01670843776106934,-0.011385606874328677,-0.017543859649122806,-0.017400644468313638,-0.02040816326530612,-0.0015276285952977682,-0.017400644468313638,-0.005370569280343716,0.0036519871106337302,-0.01897601145721447,-0.03711660102637546,-0.03487289652703186,-0.008330349683733142,0.0,-0.009881847475832437,-0.017448382861916696,-0.02040816326530612,-0.039384174722520586,-0.042391693519513066,-0.009881847475832437,-0.042391693519513066
S7_D5 hbo,0.0,0.009771986970684038,0.006514657980456026,-0.005434782608695652,0.028767171788698486,0.01248052683755842,0.019543973941368076,0.024429967426710098,-0.002717391304347826,-0.005434782608695652,0.007594533352216401,0.01573785582778643,0.016277793513666622,0.03420195439739414,0.03257328990228013,0.0,-0.0005487891233536329,-0.0011064296841807111,0.0010798753717603743,-0.0201104659396686,-0.02724472454326582,0.0,0.0,-0.0016375159325874517,-0.013047018835858943,0.016286644951140065,-0.005434782608695652,0.015180215266959354,-0.0011241325591275983,-0.009816244158051268,0.0032484775527545674,-0.014702237643393287,-0.020128168814615495,-0.0011241325591275983,-4.4257187367231776e-05,-0.02284556011896332,0.012471675400084975,-0.013073573148279283,0.013551550771845347,-0.006558915167823254,-0.006558915167823254,-0.016330902138507294,-0.020128168814615495,0.017357668885426995,0.03257328990228013,-3.540574989378126e-05,-0.016304347826086956,-0.006558915167823254,-0.016870839824387484,-0.035326086956521736,0.005930463107208607,-0.035326086956521736
S7_D7 hbo,-0.00426573798787952,-0.010554089709762533,-0.005277044854881266,-0.0158311345646438,0.0,-0.018469656992084433,-0.018469656992084433,-0.023746701846965697,-0.00357379118414149,0.0,0.0,0.0,0.002881844380403458,0.0,0.01440922190201729,0.004341776098180407,0.019480963859086178,0.01729106628242075,0.040345821325648415,0.02812649700029655,-0.002638522427440633,-0.028628348528282388,-0.023746701846965697,0.004341776098180407,0.010835430717875804,0.0017032536707397745,0.0,-0.0316622691292876,-0.00357379118414149,-0.023746701846965697,0.04420095351790318,0.006980298525621041,0.017329085337571187,-0.00357379118414149,-0.0316622691292876,0.034620151619991935,-0.021108179419525065,-0.0316622691292876,0.014895865807942941,0.01729106628242075,0.004341776098180407,-0.00357379118414149,-0.00357379118414149,-0.029023746701846966,0.017329085337571187,0.01440922190201729,-0.00357379118414149,0.023092774098378108,-0.00357379118414149,-0.00357379118414149,0.01440922190201729,-0.00357379118414149
S7_D8 hbo,0.0,-0.04827586206896552,-0.02413793103448276,0.0,0.0,0.0,0.0,-0.034482758620689655,-0.034482758620689655,0.0,-0.020689655172413793,0.0,0.039473684210526314,-0.04827586206896552,0.0,-0.02413793103448276,0.1234119782214156,0.05263157894736842,0.17105263157894737,0.14972776769509982,0.0,-0.027586206896551724,0.0967332123411978,-0.020689655172413793,0.05762250453720508,-0.02413793103448276,0.0,0.0,-0.03103448275862069,-0.034482758620689655,-0.02413793103448276,-0.03103448275862069,0.0,-0.034482758620689655,0.0,-0.02413793103448276,-0.04482758620689655,0.0,-0.006896551724137931,0.09210526315789473,-0.020689655172413793,-0.034482758620689655,-0.034482758620689655,-0.013793103448275862,-0.0034482758620689655,0.0,-0.02413793103448276,0.0,-0.034482758620689655,-0.034482758620689655,-0.010344827586206896,-0.034482758620689655
S8_D6 hbo,0.022332506203473945,0.02729528535980149,0.02977667493796526,-0.002932551319648098,-0.025265057523122043,-0.017482517482517484,0.0,0.011504624407850213,0.011730205278592375,-0.00789533047597564,0.0020302278366794435,-0.002932551319648098,-0.02876156101962554,0.022332506203473945,0.008684863523573201,0.034739454094292806,-0.019625535754568015,0.015339499210466952,-0.018046469659372885,-0.01037672005413941,-0.00428603654410106,-0.01703135574103316,-0.024475524475524476,0.004624407850214299,0.006993006993006992,0.02763365666591473,-0.001691856530566211,-0.0007895330475975633,-0.01658019399954884,-0.01658019399954884,-0.0034965034965034965,0.004060455673358897,0.004173246108729979,0.015677870516580192,-0.0007895330475975633,-0.006993006993006993,-0.0007895330475975633,-0.0007895330475975633,0.005865102639296188,-0.0007895330475975633,-0.00439882697947214,-0.00789533047597564,0.004511617414843218,-0.0007895330475975633,0.0,0.005413940897811866,-0.005413940897811869,-0.006993006993006993,0.0007895330475975598,-0.005413940897811869,0.005413940897811866,-0.011617414843221298
S8_D8 hbo,0.02028639618138425,0.02028639618138425,0.02386634844868735,0.02028639618138425,0.010739856801909307,0.002386634844868735,0.011933174224343675,-0.007818182911213577,-0.005431548066344844,0.02028639618138425,0.02386634844868735,0.02386634844868735,0.015380869648858084,0.028639618138424822,0.011933174224343675,0.031026252983293555,0.0259914754453148,0.019360598281863376,0.03937947494033413,0.00318919341360923,-0.014052289546298913,-0.005831324432047034,-0.013123485809441934,0.024133867971600848,0.021353468435702128,0.025327185394035213,0.02028639618138425,-0.00649561448332662,-0.028369092778175217,-0.03327461931070139,-0.0025188916876574307,-0.008746986648070554,-0.009279019856561443,-0.012059419392460156,-0.014052289546298913,-0.017632241813602016,-0.0014578311080117585,-0.014052289546298913,-0.007156898697270098,0.002654154367782234,-0.01723246544789982,-0.03738359894915927,-0.027837059569684325,-0.009014506170984052,0.0,-0.008085702434127075,-0.014845830603031084,-0.017632241813602016,-0.03141701183698743,-0.034996964104290526,-0.008085702434127075,-0.038576916371593634
S8_D15 hbo,0.01861427094105481,0.022750775594622543,0.02481902792140641,0.022750775594622543,0.009307135470527405,0.002068252326783868,0.0031023784901758012,-0.006487305112425901,-0.012692062092777505,0.01964839710444674,0.028955532574974147,0.02998965873836608,0.009013285413170133,0.027921406411582212,0.01344364012409514,0.028955532574974147,-0.021999197563304908,0.022456925537265273,0.011375387797311272,-0.028497804601013782,0.005910906922994332,-0.037511090014183915,-0.04371584699453552,0.007250185069026506,-0.01402003831352671,0.012420815885986175,0.022750775594622543,0.005910906922994332,-0.03056605692779765,-0.032634309254581516,-0.00546448087431694,-0.004865478834319429,0.010047411576562068,-0.006781155169783171,0.005910906922994332,-0.00546448087431694,0.005910906922994332,0.005910906922994332,0.0063573329716717225,0.006945033086386265,-0.01343233819881217,-0.024361299947446048,-0.016088290640310574,0.005910906922994332,0.0,0.011081537739954003,-0.02510157605348071,-0.00546448087431694,-0.01919066913048638,-0.03056605692779765,0.011081537739954003,-0.03366843541797345
S9_D2 hbo,0.03982300884955752,0.048672566371681415,0.046460176991150445,-0.08195356361214198,-0.07686268912360833,-0.0025454372442668197,0.0,0.05530973451327434,0.0521457798077838,-0.09491864116471595,-0.04241602436007232,-0.021219906746598148,-0.07243791036254639,0.028761061946902654,0.01327433628318584,0.028761061946902654,0.0063041202778570775,0.028761061946902654,-0.03416119516604815,0.01991150442477876,-0.005376344086021506,0.0,0.0,0.007874203064040346,0.035398230088495575,0.046460176991150445,-0.08354743553144925,0.0,0.0,0.0,0.0,0.0,0.0,0.02654867256637168,0.0,0.0,0.0,0.0,0.024336283185840708,0.0,0.0,0.0,0.00663716814159292,0.0,0.0,0.0,0.0,0.0,0.0,0.0,0.0,0.0
S9_D9 hbo,-0.03691275167785235,0.0,0.006276150627615063,0.0,0.012552301255230125,0.0,0.0,0.028025048440088737,0.0,0.0,0.009196596557243548,0.023840948021678698,0.028025048440088737,0.03556485355648536,0.03138075313807531,0.0,0.006276150627615063,0.006234028811322345,0.008368200836820083,-0.014686473280727865,0.018351071298194375,-0.03691275167785235,0.0,0.005012496138833505,-0.012594423071522844,0.02092050209205021,0.0,-0.0265788660807054,0.034259077251411085,0.02297043048496251,-0.010067114093959731,0.016694279857347446,-0.04410154165847631,0.03007497683300104,-0.01437757996124793,-0.04697986577181208,0.002443065344977676,-0.031549240403246186,0.02506248069416753,0.02715453090337255,0.03552273174019263,0.014602229648142426,0.006234028811322345,-0.013942321192889837,-0.06040268456375839,0.02506248069416753,-0.026845637583892617,-0.0738255033557047,0.010418129229732388,-0.016778523489932886,0.0028783241133357694,-0.026845637583892617
S9_D11 hbo,0.0015698587127158557,0.0,0.004709576138147566,0.0,0.009419152276295133,0.0,0.0,-0.0003565017793816863,-0.007361449023372756,0.0,0.0054350885312752124,0.0164240995202862,0.021555848818227877,0.026687598116169546,0.023547880690737835,0.012558869701726845,-0.015210742586952035,0.003324222732304689,0.006279434850863423,-0.023297704003452442,0.003508728039177667,-0.004947243991068691,-0.017928286852589643,0.0048940814450205445,-0.016173922833000808,0.01431323372131568,0.0,0.03441805775328826,0.005988604451894149,-0.017981449398637786,-0.00042217315979410446,-0.00017199647250871336,-0.002770706811685751,0.0004346819941583799,0.002664381719589458,-0.026318587502423586,0.01799395823300206,-0.0012008480989698957,0.026027757103454317,0.005078586751893526,0.01196470006942403,-0.011702014547774364,-0.017981449398637786,0.019867156179051458,0.0015698587127158557,0.015342085347776868,-0.01732160838592256,-0.026318587502423586,-0.014841731973206075,-0.03325786336600224,-0.006754770556705671,-0.03325786336600224
S10_D9 hbo,0.0,-0.001841620626151013,0.005434782608695652,0.0,0.010869565217391304,0.0,0.0,0.006916086155817118,-0.020257826887661142,0.0,0.010869565217391304,0.02355072463768116,0.02533229241732725,0.030797101449275364,0.02717391304347826,0.005434782608695652,-0.01482304427896549,0.007036191848826966,0.007246376811594203,-0.033179197693970694,0.010449195291856835,-0.016574585635359115,-0.016574585635359115,0.005224597645928418,-0.02043798542717592,0.012470974457522621,0.0,0.028865401553366962,-0.0042837697173512684,-0.006635839538794139,-0.001841620626151013,0.017425334294178876,-0.005855152534230124,0.004714148450636564,0.004924333413403793,-0.03130755064456722,0.019837456962126673,0.0013311714308591564,0.0196572984226119,0.003082712787252785,-0.007967010969653292,-0.03175794699335416,-0.00618544319000721,0.0252121867243174,0.0,0.014132436544158862,-0.005825126110977661,-0.027624309392265192,-0.007997037392905755,-0.02427135879574025,-0.005855152534230124,-0.03689246536952518
S10_D10 hbo,0.07339449541284404,0.0389908256880734,-0.062364704669621684,0.0,0.05504587155963303,0.05963302752293578,0.05733944954128441,0.0,0.0,0.0,-0.0038913514070714333,0.020642201834862386,-0.003324399546438511,0.015256159158849605,0.027522935779816515,-0.05056179775280899,0.0,-0.00206164312957427,0.0022935779816513763,-0.011235955056179775,-0.00412328625914854,0.017781671992578088,-0.033707865168539325,-0.0056179775280898875,-0.011235955056179775,0.0,0.0,-0.028089887640449437,-0.011235955056179775,-0.011235955056179775,-0.05535511802906917,-0.033707865168539325,0.020874136686939493,-0.011235955056179775,-0.00206164312957427,0.03200700958664056,-0.0927481702917225,0.007112668797031235,-0.011235955056179775,-0.004355221111225646,-0.011235955056179775,-0.011235955056179775,-0.011235955056179775,-0.033707865168539325,0.07007009586640553,-0.00950932893516132,-0.011235955056179775,0.0690392743016184,-0.011235955056179775,-0.011235955056179775,0.015488094010926712,-0.02247191011235955
S10_D12 hbo,0.0,0.0,-0.005633393595041322,0.0,0.008264462809917356,0.0,0.0,0.008942407024793389,-0.0006994662534435259,0.0,-0.0015011621900826444,0.01790633608815427,0.01870803202479339,0.017556602961432508,0.02066115702479339,0.010895532024793389,-0.007586518595041322,0.001479640151515152,0.005509641873278237,-0.016324466253443526,-0.0039277720385674925,-0.0034542871900826444,-0.021484375,0.016631155303030304,-0.002776342975206611,0.02409392217630854,0.0,0.015603477961432508,-0.004051523760330578,0.0032874913911845743,-0.01171875,0.0020123106060606077,-0.006682592975206611,0.012477401859504134,-0.009787147038567492,-0.041015625,0.00561187155647383,-0.007834022038567492,0.02098936811294766,-0.011740272038567492,-0.012789471418732781,-0.0135911673553719,0.007769455922865015,0.0058378529614325075,-0.001953125,0.006865530303030304,0.006865530303030304,-0.029296875,0.006392045454545456,-0.005428934228650137,-0.011164557506887052,-0.01391937844352617
S11_D9 hbo,0.003473141557774076,0.0034965034965034965,0.008741258741258742,0.0,0.013986013986013986,0.0034965034965034965,0.0034965034965034965,0.02097902097902098,0.008741258741258742,0.0,0.013986013986013986,0.024475524475524476,0.02050010123506783,0.024475524475524476,0.024475524475524476,0.008741258741258742,0.005244755244755245,0.007137072281838429,0.008741258741258742,-0.0073278614481287075,-0.010201379911847618,0.00871789680252932,0.0,0.013507094242060836,-0.001125266715467161,0.026223776223776224,0.0,-0.023564408865077015,0.0007670503216160238,-0.01242855140405252,0.025744856479823074,-0.00368729266279378,-0.013888672574641402,0.0007670503216160238,-0.03915460931051132,-0.02897659133739312,0.020021181491114676,-0.04408787203887427,0.014130079274845421,-0.008932047907549024,-0.00368729266279378,-0.00368729266279378,-0.003208372918840626,-0.014655722896257415,-0.011159219399753919,0.006490725310324418,-0.009076113196380456,-0.04456679178282741,-0.001460121170588878,-0.020211970657404953,0.0002881305776628734,-0.015757627672995156
S11_D11 hbo,0.012584704743465635,0.012584704743465635,0.015488867376573089,0.012584704743465635,0.005808325266214908,0.0,0.0,-0.0006722598687748729,-0.003744935642321895,0.012584704743465635,0.012837474454124986,0.019613853931375713,0.012668961313685417,0.02904162633107454,0.016456921587608905,0.027105517909002903,-0.004881502993797283,0.01027033810189667,0.007744433688286544,-0.022431967301279984,-0.006564841705209566,-0.009006489548599908,-0.016666666666666666,0.02188698863432649,-0.008079667276182284,0.02479115126743394,0.012584704743465635,0.016793947868488042,-0.011614857839446414,-0.020158832598329207,-0.001851851851851852,-0.00130328779893156,-0.011405112760388655,0.006147144240077444,-0.010184288838693482,-0.025925925925925925,0.009849055250797748,-0.00946900433831702,0.01334301387544369,-0.005596787494173746,0.0007170771933598663,-0.021842171309741493,-0.013213939980638918,0.009133770750421284,0.0,0.0019791330536732266,-0.006396328564769998,-0.025925925925925925,-0.014181994191674735,-0.024914847083288515,-0.01599261410490839,-0.032575024201355274
S11_D12 hbo,-0.022774327122153208,0.009363295880149813,0.00749063670411985,0.0,0.020599250936329586,0.009363295880149813,0.009363295880149813,0.023949100890967037,0.0,0.0,0.008770093284016098,0.01606299578942471,0.026019494265708237,0.03932584269662921,0.03745318352059925,0.0,0.0056179775280898875,0.00610649731314118,0.00749063670411985,-0.014690487821899646,0.017830972154372255,-0.022774327122153208,0.0,0.005420243329378649,-0.008677041896387279,0.018726591760299626,0.0,0.007874473678088724,0.014085653802312328,0.00038383697396886934,0.007292902505408612,-0.007304533928862215,-0.035301370181682834,0.012015260427571128,-0.019633842789680604,-0.04239653848838021,0.025821760066996997,-0.02820620187498546,0.022960429897410845,0.0020587619512875965,0.005804080303347524,-0.009177193104892178,-0.008386256310047226,0.0024542303487100695,-0.0175518179914858,0.012608463023704844,-0.022774327122153208,-0.04860771861260381,-0.004640937957987298,-0.026915113871635612,-0.009374927303603415,-0.033126293995859216
S11_D13 hbo,0.04256698357821953,0.011970613656006913,-0.009766637856525498,0.0,0.05337078651685393,0.056179775280898875,0.06179775280898876,-0.0019230769230769232,0.0,0.0,0.006201382886776144,-0.0019230769230769232,-0.0019230769230769232,0.005466724286949005,0.014044943820224719,-0.015384615384615385,0.0,-0.013461538461538462,0.0,-0.015384615384615385,0.0067847882454624,0.03487467588591184,-0.011538461538461539,-0.0019230769230769232,-0.011538461538461539,0.0,0.0,-0.026923076923076925,-0.026923076923076925,-0.032692307692307694,0.07538893690579085,-0.04038461538461539,-0.009636992221261888,-0.026923076923076925,-0.042610198789974074,0.05628781331028522,-0.012878133102852206,-0.030337078651685397,-0.013461538461538462,-0.032692307692307694,-0.032692307692307694,-0.032692307692307694,-0.026923076923076925,-0.03653846153846154,0.09120570440795159,-0.014649956784788247,-0.01730769230769231,0.06990060501296455,-0.026923076923076925,-0.025,0.029991356957649096,-0.023076923076923078
S12_D10 hbo,0.018581081081081082,-0.025953331874384502,-0.028312725681146733,0.0,0.033783783783783786,0.02364864864864865,0.02364864864864865,0.02533783783783784,0.0,0.0,0.006113907429696905,0.033783783783783786,0.02297844403107561,0.0017438997702155581,0.04222972972972973,-0.03643724696356275,0.005067567567567568,0.013192088849983588,0.008445945945945946,-0.010456559798665062,0.010162490425648322,-0.03643724696356275,-0.05263157894736842,0.00270817376080534,-0.008767370609475873,0.016891891891891893,0.0,-0.007050826129773497,0.013192088849983588,0.013192088849983588,-0.05327442827442828,-0.00300224313382208,0.00812452128241602,0.013192088849983588,0.018259656417551156,-0.04080725462304409,-0.1278107561002298,0.021638034795929535,0.013192088849983588,0.018259656417551156,0.013192088849983588,0.013192088849983588,0.006435332093226831,-0.00300224313382208,0.007775741328372908,0.009841065762118392,-0.012145748987854251,-0.00032142466352992616,0.00981371047160521,-0.012145748987854251,0.01118147499726447,-0.020242914979757085
S12_D12 hbo,-0.007940876153457812,0.005272407732864675,0.01054481546572935,0.0,0.026362038664323375,0.0210896309314587,0.022847100175746926,0.026362038664323375,0.0,0.0,0.022847100175746926,0.026362038664323375,0.025959680694788705,0.033391915641476276,0.0351493848857645,0.0,0.005272407732864675,0.013000717411851338,0.008787346221441126,-0.01552114846629493,0.0013968654036675306,-0.023758099352051837,0.0,0.004870049763330005,-0.009444024794360916,0.01757469244288225,0.0,-0.011562097879269831,0.003556692617490427,-0.005082616237801152,0.01365739598477113,-0.008597554726377604,-0.041545358269405225,0.003556692617490427,-0.031000542803675875,-0.03993592639126656,0.029072261213830487,-0.019502974032727653,0.016515655900427792,-0.0015676777492246996,-0.005082616237801152,-0.010355023970665827,-0.010905419306350046,-0.002922789023978259,-0.02049748146686051,0.014503866052754444,-0.017278617710583154,-0.05289488967420393,-0.007390480817773593,-0.028077753779697623,0.006669273136532202,-0.023758099352051837
S12_D14 hbo,0.0,0.0,0.00390625,0.010416666666666666,0.01953125,0.015625,0.0,0.008080868320610687,-0.0010337150127226469,0.024739583333333332,0.014322916666666666,0.022135416666666668,0.037849872773536894,0.022135416666666668,0.024739583333333332,0.015625,-0.007544131679389313,-0.01239464058524173,0.005208333333333333,-0.03156806615776082,-0.004492684478371499,-0.003637881679389313,-0.011450381679389313,0.005566157760814249,-0.020028228371501276,0.017195451653944017,0.013020833333333334,0.012076574427480917,-0.005526399491094146,-0.01724514949109415,-0.003816793893129771,-0.0068284828244274814,-0.011003101145038167,0.0009840171755725186,-0.0031906011450381667,-0.030534351145038167,0.010595578880407127,-0.008398934478371499,0.029450938295165388,-0.0031906011450381667,0.0009840171755725186,-0.0068284828244274814,-0.012036816157760814,0.005655613867684477,0.0,0.002017732188295169,-0.01872614503816794,-0.030534351145038167,-0.009432649491094146,-0.02635973282442748,-0.009701017811704835,-0.02635973282442748
S13_D6 hbo,0.0060882800608828,0.0060882800608828,0.0106544901065449,0.0,0.0182648401826484,0.0091324200913242,0.0091324200913242,0.0258751902587519,0.0,0.0,0.015220700152207,0.0258751902587519,0.030509349858664925,0.0350076103500761,0.0365296803652968,0.0,0.030441400304414,0.02026255707762557,0.0334855403348554,0.003587736464448793,-0.011225266362252663,0.0106544901065449,0.0121765601217656,0.0031120895846923242,0.006495977386388345,0.0182648401826484,0.0,0.021580778430093497,-0.00520493585562079,-0.021675907806044795,0.0031120895846923242,-0.03219449880408785,-0.023401826484018264,-0.00520493585562079,-0.017109697760382694,-0.047619047619047616,0.02144487932159165,-0.020221787345075015,0.00960806697108067,0.004267232006958034,-0.023062078712763646,-0.03371656881930855,-0.024923896499238964,0.014038377908240921,0.0,0.0008153946510110893,-0.017857142857142856,-0.044642857142857144,-0.021879756468797563,-0.03869047619047619,-0.020357686453576863,-0.03273809523809524
S13_D11 hbo,0.0,0.0,0.004261363636363636,0.0,0.008522727272727272,0.0,0.0,0.006693039476181438,-0.0032501423420003787,0.0,0.008522727272727272,0.018465909090909092,0.01921913550958436,0.024147727272727272,0.02130681818181818,0.017045454545454544,-0.010352415069273107,0.0010112212943632574,0.005681818181818182,-0.019951603719870942,-0.0008184665021825771,-0.0060910514329094705,-0.014613778705636743,0.00953394856709053,-0.011514874739039668,0.016636221294363256,0.0,0.028581087492882903,0.0051213465553235915,-0.02311574776997533,-0.0020876826722338203,-0.015927476750806607,-0.007920739229455305,0.013644073828050864,-0.004240605427974949,-0.033402922755741124,0.015710998291895997,-0.009255195483013852,0.02524494685898653,-0.0077487426456633104,-0.0009697048775858808,-0.013753795786676792,-0.006909517935092049,0.016550223002467262,0.0,0.010459171569557793,-0.005833056557221487,-0.031315240083507306,-0.004068608844182961,-0.020446835262858228,-0.006500284684000757,-0.016271469918390586
S13_D13 hbo,0.0,0.0,0.004524886877828055,0.0,0.00904977375565611,0.0,0.0,-0.003691355084543938,-0.012495038501230451,0.0,0.00904977375565611,0.0196078431372549,0.02087004842422799,0.024132730015082957,0.02262443438914027,0.01809954751131222,-0.014773358736207033,0.0043105501309835675,0.006033182503770739,-0.0265301262205287,-0.0004286734936889726,-0.0049853139636421365,-0.015789473684210527,0.013360323886639675,-0.0167420814479638,0.0209018020163531,0.0,0.017115186155433833,-0.003905691831388426,-0.030253234897197747,-0.0017543859649122807,-0.0048900531872668115,-0.001936969119631659,0.002897515281416213,-0.005691831388425814,-0.028070175438596492,0.017607366833373026,-0.0039374454235135345,0.024934508216241963,-0.007446217353338096,-0.0021195522743510387,-0.010613638167817727,-0.008644915456060963,0.015360800190521554,0.0,0.01062157656584901,0.005850599349051359,-0.02631578947368421,-0.004120028578232911,-0.018956894498690164,-0.0004286734936889726,-0.012431531316980236
S13_D15 hbo,0.005291005291005291,0.005291005291005291,0.009259259259259259,0.005291005291005291,0.007936507936507936,0.0,0.0,-0.008465608465608468,-0.010052910052910053,0.005291005291005291,0.013227513227513227,0.021164021164021163,0.014021164021164021,0.021164021164021163,0.018518518518518517,0.02513227513227513,-0.011111111111111113,0.006878306878306878,0.010582010582010581,-0.024867724867724872,-0.010052910052910053,-0.006878306878306879,-0.016666666666666666,0.02275132275132275,-0.010052910052910057,0.02671957671957672,0.005291005291005291,0.008465608465608464,-0.015608465608465613,-0.01455026455026455,-0.001851851851851852,0.009259259259259259,-0.006084656084656085,0.003968253968253968,-0.011904761904761904,-0.027777777777777776,0.012169312169312168,-0.011904761904761904,0.013756613756613755,-0.011904761904761904,-0.0044973544973545,-0.014021164021164025,0.0018518518518518476,0.006613756613756613,0.0,0.00026455026455026245,0.01296296296296296,-0.027777777777777776,-0.003439153439153443,-0.015343915343915347,-0.004761904761904762,-0.02354497354497355
S14_D12 hbo,-0.033950617283950615,0.0,-0.008780214064766909,0.0,0.013303769401330377,0.0,0.0,0.03325942350332594,0.0,0.0,-0.002128329364101721,0.028824833702882482,0.03017300375023952,0.028434754044510145,0.03325942350332594,-0.015432098765432098,0.0066518847006651885,0.005871725383920508,0.008869179600886918,-0.01630122361829679,0.025827379485916076,-0.033950617283950615,-0.015432098765432098,0.005782759847800498,-0.014083928718075059,0.022172949002217297,0.0,-0.00503681804494812,0.025827379485916076,0.023610084585694344,-0.018518518518518517,0.004612520872683476,-0.031165311653116527,0.025827379485916076,-0.01120965755112096,-0.06172839506172839,0.009437190331499277,-0.01786154225178615,0.025827379485916076,0.025827379485916076,0.025827379485916076,0.014740904984807422,0.005871725383920508,-0.01959979195751553,-0.040123456790123455,0.025827379485916076,-0.024691358024691357,-0.05555555555555555,0.010306315184363965,-0.018518518518518517,-0.003387533875338751,-0.018518518518518517
S14_D13 hbo,-0.011218677921955661,0.017902813299232736,-0.007154849136240252,0.0,0.056265984654731455,0.05115089514066496,0.056265984654731455,0.0,0.0,0.0,0.005632874648925987,0.0,0.0,-0.0020397596221737556,0.01278772378516624,-0.012269938650306749,0.0,0.0,0.0,0.0,0.05115089514066496,-0.02144885695008865,-0.012269938650306749,0.0,0.0,0.0,0.0,-0.10429447852760736,0.0,0.0,0.0695714935747572,-0.012269938650306749,-0.05877645803586838,0.0,-0.06338945287370751,0.032259582947609555,0.0005177851348594914,-0.07412172657806787,0.0,0.0,0.0,0.0,0.0,-0.07975460122699386,0.006715516294541285,0.0076726342710997444,-0.012269938650306749,0.03381293835218803,0.0,0.0,0.0695714935747572,0.0
S14_D14 hbo,0.021879021879021878,0.018018018018018018,0.021879021879021878,0.0,0.02445302445302445,0.021879021879021878,0.01673101673101673,0.01614046234299399,0.007722007722007722,0.0,0.017427463629995275,0.025149471352003,0.017427463629995275,0.03861003861003861,0.028314028314028315,0.007722007722007722,0.003861003861003861,-0.0028468794291579107,0.006435006435006435,-0.01630744668719352,-0.015399214766303373,0.007722007722007722,0.0,0.009705455907987553,-0.008691331476141604,0.02059202059202059,0.0,0.014368799178925763,-0.009554762719319682,-0.01668621605330466,0.0009082319208901478,-0.012825212192300796,-0.02054721991430852,-0.009554762719319682,-0.017276770441327402,-0.035991235358323964,0.004284573904827071,-0.012825212192300796,0.011310134727856247,-0.010251209618298222,-0.006390205757294362,-0.014112213479302083,-0.019260218627307233,0.008630239642897868,0.005148005148005148,-0.0023174168743789053,-0.014429891012169493,-0.035991235358323964,-0.01668621605330466,-0.03341723278432139,-0.014702767867324829,-0.030252675822296078
S14_D16 hbo,-0.007653061224489796,0.0,0.0026666666666666666,0.0,0.0026666666666666666,0.0,0.0,-0.022843537414965986,0.0009251700680272118,0.0,-0.00498639455782313,-0.007537414965986394,0.00011564625850340148,0.0026666666666666666,0.0026666666666666666,0.04,-0.017741496598639453,-0.01519047619047619,0.0026666666666666666,-0.016931972789115648,-0.01519047619047619,-0.012061224489795918,-0.02040816326530612,0.03547619047619048,0.0016190476190476241,0.02747619047619048,0.0,-0.01519047619047619,-0.01948299319727891,-0.00626530612244898,-0.002551020408163265,0.030721088435374147,-0.01217687074829932,0.01796598639455782,-0.03304761904761905,-0.025510204081632654,-0.0024353741496598636,-0.022843537414965986,0.009040816326530612,-0.01519047619047619,0.00683673469387755,0.01773469387755102,0.03906802721088436,-0.017741496598639453,-0.007653061224489796,-0.0018571428571428558,0.03141496598639456,-0.025510204081632654,0.033734693877551014,0.044401360544217686,-0.012061224489795918,0.010197278911564626
S15_D13 hbo,0.03155444576186912,0.017632241813602016,0.005037783375314861,0.0,0.055415617128463476,0.05037783375314862,0.055415617128463476,0.0,0.0,0.0,0.017632241813602016,0.0,-0.0021691973969631237,0.010075566750629723,0.012594458438287154,0.0,0.0,-0.015184381778741865,0.0,-0.01735357917570499,0.020009070195664887,0.026516662386554257,0.0,-0.0021691973969631237,-0.013015184381778741,0.0,0.0,-0.0455531453362256,-0.028199566160520606,-0.03470715835140998,0.08095422829573208,-0.03470715835140998,-0.030161132572383995,-0.028199566160520606,-0.05066196036433773,0.04904462426987657,0.008256063644360906,-0.04961287749225482,-0.015184381778741865,-0.03470715835140998,-0.03470715835140998,-0.03470715835140998,-0.03036876355748373,-0.03470715835140998,0.09445570630050759,-0.01847369370058519,-0.01735357917570499,0.06912472611833874,-0.03036876355748373,-0.028199566160520606,0.05023577044755405,-0.02386117136659436
S15_D15 hbo,0.0,0.0,0.004261363636363636,0.0,0.008522727272727272,0.0,0.0,-0.009743265993265995,-0.014562289562289561,0.0,0.008522727272727272,0.018465909090909092,0.018034511784511785,0.019886363636363636,0.019886363636363636,0.02130681818181818,-0.016109006734006736,0.0026620370370370374,0.005681818181818182,-0.02937710437710438,-0.006039562289562289,-0.006292087542087543,-0.016666666666666666,0.019707491582491583,-0.013878367003367007,0.023968855218855223,0.0,0.012478956228956228,-0.010911195286195288,-0.01362584175084175,-0.001851851851851852,0.01125841750841751,-0.004619107744107745,0.004840067340067346,-0.00789141414141414,-0.027777777777777776,0.01618265993265993,-0.00789141414141414,0.018844696969696973,-0.00789141414141414,0.0008838383838383826,-0.006828703703703705,-0.0011468855218855212,0.010627104377104377,0.0,0.004766414141414141,0.015698653198653198,-0.027777777777777776,0.0016940235690235672,-0.013930976430976433,-0.0031986531986531973,-0.020170454545454547
S15_D16 hbo,0.0,0.0,0.0,0.0,0.0,0.0,0.0,-0.03345724907063197,-0.0028338990356123056,0.0,0.0,0.0,-0.0018587360594795538,0.0,0.0,0.043478260869565216,-0.020446096654275093,-0.013011152416356878,0.0,-0.02060233823608642,-0.026022304832713755,0.0025214158719896566,-0.016728624535315983,0.04206131135175906,0.0023651742901783304,0.03336565917784602,0.0,-0.007434944237918215,-0.02060233823608642,-0.009827056731857117,-0.0018587360594795538,0.03135068153655514,-0.01442810193416303,0.01729971445504014,-0.026022304832713755,-0.026022304832713755,-0.0037174721189591076,-0.026022304832713755,0.015155433435698508,-0.026022304832713755,0.0034049889553364535,0.008824955551963796,0.027256074564948003,-0.00929368029739777,0.0,-0.00781207909056624,0.05989440224125855,-0.026022304832713755,0.02145897311567265,0.028516782500942833,-0.01152955120952535,0.014622057001239155
S16_D14 hbo,0.01397712833545108,0.01397712833545108,0.0015592890645834308,0.0,0.04066073697585769,0.030495552731893267,0.03303684879288437,0.010309504761008361,0.007623888182973317,0.0,0.004317065901140449,0.010453825278052302,0.01404928859397305,0.018005553202503646,0.026683608640406607,-0.0022526550269032263,0.0038119440914866584,0.0017757698401493424,0.0063532401524777635,-0.010858550206284217,0.002280891649803128,0.007623888182973317,-0.009876543209876543,0.010237344502486392,-0.004649630570850393,0.020330368487928845,0.0,0.0053712331560700904,-0.01169623668564795,-0.021789260671090403,0.01052598553657427,-0.024041915697993636,-0.014237532746639053,-0.014165372488117087,-0.02658321175898474,-0.020229971606506976,0.011868793825591792,-0.011624076427125981,0.005587713931635999,-0.017977316579603744,-0.014165372488117087,-0.014165372488117087,-0.0129668847161435,-0.00697444585627559,0.0394622492038841,0.0008659231022636361,-0.014598334039248907,0.0036236999388206542,-0.01169623668564795,-0.024474877249125452,-0.019147567728677428,-0.04669709947134767
S16_D16 hbo,0.0,0.0,0.0,0.0,0.0,0.0,0.0,-0.03577817531305903,0.0019823043078857037,0.0,-0.005366726296958855,-0.007155635062611807,-0.0017889087656529517,0.0,0.0,0.05067567567567568,-0.01967799642218247,-0.012522361359570662,0.0,-0.01570734419571629,-0.025044722719141325,0.005959000145046658,-0.016100178890876567,0.041531692694483396,0.00655127399313446,0.03815331431610502,0.0,-0.012522361359570662,-0.01570734419571629,-0.029220857709229803,-0.005366726296958855,0.01688584828119712,-0.007953391674321904,0.01429918290383407,-0.028622540250447227,-0.02146690518783542,-0.008944543828264758,-0.02146690518783542,0.021061983271285598,-0.02146690518783542,0.015096939515544167,0.0244343180389692,0.019267030894937878,-0.008944543828264758,0.0,-0.004575013295943526,0.0457017840738771,-0.02146690518783542,0.02264540927331625,0.02403543973311415,-0.026041918483778945,0.024627713581201957
