,Fz,F3,F7,FT9,FC5,FC1,C3,T7,TP9,CP5,CP1,Pz,P3,P7,O1,Oz,O2,P4,P8,TP10,CP6,CP2,Cz,C4,T8,FT10,FC6,FC2,F4,F8,Fp2,AF7,AF3,AFz,F1,F5,FT7,FC3,C1,C5,TP7,CP3,P1,P5,PO7,PO3,POz,PO4,PO8,P6,P2,CPz,CP4,TP8,C6,C2,FC4,FT8,F6,AF8,AF4,F2,FCz
Fz,-0.576278828785911,0.4404979056084656,0.05126667421592975,0.26508877353530386,-0.255339633269812,0.08152726239866473,-0.1273179972087986,0.09414063294012039,-0.16872951022003566,0.029316125224769913,-0.10603306054279657,-0.11420212828652694,0.000441100067661765,-0.09123583928292879,0.17356619822896885,0.35587087495863334,0.004076405408442901,-0.16575517335879306,-0.07737851743170254,0.24590904250886803,-0.05476000090161081,-0.42048225532493205,-0.3107083554217134,-0.10952483780487185,-0.20113255763417476,-0.029636130538037254,0.15132053088966893,0.3287122672983299,0.344572095935939,0.36548377982345653,-0.20325022147471977,-0.1477171995945086,-0.14936663876052414,-0.13079430443394754,0.017845039962375304,0.21863007752582564,0.23103162104306937,-0.11452680521976269,0.15022016333794191,0.15722568608856247,-0.033998709321444,-0.14977848603984964,-0.30871655193367215,-0.2371910057539377,0.04756573779294996,-0.07919276405306067,-0.18802145012955584,-0.20940671014509032,-0.18292150887101763,-0.05970381687366888,-0.14308872061976524,0.4032505127272428,0.013022959257465029,0.2886093836352882,0.0934846418773096,0.145671841067907,-0.23157757439670998,0.34038504071162085,0.19432086695004253,-0.08578771270213517,-0.04776522140179657,0.23899242065074383,0.039274566066244174
F3,0.2982736208547219,-0.08626752176855305,-0.09621840133125598,0.21844400901849728,-0.10813469573012455,-0.032086615496682305,-0.07199715118901583,0.028917695210392856,-0.2806731415485859,0.034754409456988614,0.049916323057864226,-0.15412676056384433,-0.18529097667559932,-0.06664451674072086,0.07915022149220244,-0.25932172698111305,-0.029807216233011004,0.11998907064005022,0.2919961320437735,0.22369898027374321,0.1087923727257185,-0.16091718168134986,-0.21525011618543055,0.21717048323260382,-0.08100053853080537,0.004222571271829235,0.05062817186822061,-0.14239049180186739,0.10349706538220571,0.07016646365828702,-0.024293824229292386,0.1397370480415132,-0.051382842918765784,-0.01555064197420835,-0.06581790753948828,0.1717070306445225,0.10705341642734337,-0.0965992032194082,-0.020336124537218638,-0.07153556251039704,0.10515150168940754,-0.12712133766121403,-0.027377680281540123,-0.017411998803766926,-0.023321313281282677,-0.2528667091675479,0.028336632390440375,-0.0005269530258861587,0.045684648102218,0.15379906422798437,0.09320429343002426,0.3090333264697121,0.0064182996671247215,-0.0794779464237746,-0.2288645621618241,0.16115949176252295,-0.06182176117940947,0.24293970453609443,-0.013589353140407615,-0.07819036424278014,-0.0760962627694455,0.015445084748319368,-0.17697773079870938
F7,0.1258279215478076,0.058496903246686445,0.040300130730076086,-0.027170841955898993,-0.14276772733960086,-0.3346925897277296,-0.16104781852355302,-0.10411618185955426,-0.008434871734974814,-0.0021189030689081527,-0.08889084922205684,-0.27327064737432305,0.03037134782335519,0.13738716050424646,0.00240362939113599,-0.2236743135242792,-0.07925283324125616,0.13847067724380915,0.19564616725383266,0.00036703527792813687,0.0638721467514449,0.03963304850842327,-0.24128219805049095,0.12524472845192472,-0.2031553780248162,-0.23212602245845607,0.1293811200280123,0.06822211503095595,-0.13366119031361923,0.23751947447605337,0.04727207236993487,0.04821452307213744,-0.11297214347543777,-0.0006731875056975574,0.04187022920355002,0.20501419850599123,0.13434556338130804,0.022917448917237786,0.050504117844762,-0.05972202329341301,0.05930425928587193,-0.10959913121017198,0.052824324889939094,0.0940917068227617,-0.15027006347360353,-0.14510245692145216,0.20780532119296122,0.1299998597052073,-0.06884441217304482,0.12404052577282215,0.21764465831403812,0.13649219930469716,0.04481496603632851,-0.14615770478287668,-0.0438545762716872,0.11047494354638775,0.0730555988466388,0.09932026277727797,0.21700980453487503,-0.12000535142905262,-0.2203134012508566,-0.014463696031577296,-0.06251967635203082
FT9,0.05492455310015958,0.1164269026824423,-0.23345478074122855,-0.23860991032544174,0.16587763344213768,0.3525818128176564,-0.06125790838438027,-0.2228303419133959,0.12403588684092733,-0.1245945662192449,-0.093140314672446,0.09544884051461876,-0.26673467537815504,0.13438582109559571,0.017958796173747314,0.27989432789950425,-0.0074831173425785056,-0.10016744253904006,-0.12335334353976608,0.01098868784744083,0.1949087783398169,-0.39587223874604827,-0.3020323482269267,0.09739361077412259,-0.08369721845075877,0.37557779446565914,-0.04290950096126992,0.24649076427152644,0.026066983267062173,0.45603782936199083,-0.1252402950747293,-0.018390634011917168,-0.13797576974330913,-0.1656297581668986,0.21608154663124632,-0.4241388468809243,-0.02892592576263612,-0.24542589245901061,-0.11220083288514478,-0.06403860286850567,0.20791056156061113,0.04102240887988538,0.023020388293803228,0.05065917570283103,0.0669020247671848,0.11572244780789549,-0.32812100500129754,-0.11741349728828453,-0.2894063953641992,-0.14805899462868888,0.22270843097371895,0.31370729156013805,-0.12075171990922816,0.1466761558721158,0.0019897596063435667,0.19589542170548688,0.1560402362494652,0.2272338205848969,0.2725974936545133,-0.032219587493855145,-0.14061692218060515,-0.05489696457223694,-0.15757683501239222
FC5,-0.16199869819336424,-0.060172705551704606,-0.09423096104578586,0.22015690555833917,0.15501778198246546,0.01603743377237781,-0.0002888666674775403,0.14319703301747458,-0.385437629269563,0.19581889368795885,0.2481579002716359,-0.017660815185346353,0.0268289396384361,-0.3631334359715751,-0.17414979290084825,-0.4019124223359937,-0.2687135670190641,-0.21130410834390762,0.42786841437586115,0.09153766523848578,0.025529998445475346,0.4157966428370008,0.22919059017005017,-0.02287032062358125,-0.03466148606648252,-0.12248988007835926,-0.15449938014901915,0.026039957514719925,-0.04212653104477345,0.054150058979248065,0.3853452390758928,0.510711962389292,-0.08752530381484991,0.3898230532765169,0.011799579183633505,-0.008970843817756216,0.033129591333899186,0.044763087606521736,-0.22400957132222346,-0.13257218740105606,-0.15344377391600597,-0.008570739582724468,-0.2692416650343349,-0.07741789746108471,-0.10125066996403745,-0.03208463636969473,0.19083204000836534,-0.018492528746063296,-0.2379927099784744,0.13839463776271477,0.1947642033033166,0.042893973939262024,0.09423759257126786,-0.29019338998133404,0.014598750846315865,0.08702933919116719,0.034194106745839295,0.10278153928134705,-0.017297425817112785,-0.08127376706574273,-0.13291999042409688,-0.06486158558546525,-0.09685762527597802
FC1,0.00889132676143283,-0.15350619724070236,-0.6724460339011854,0.4175990926562619,-0.10072863574094323,0.008996686388665524,-0.15285036144134834,0.39761128236757626,-0.4473163648097362,0.016008546917204672,0.13842183795876611,-0.020959269593595342,-0.030966011805135054,-0.05158777942329722,0.009445530040269799,-0.1441936684185724,-0.22285350884024674,-0.23362378551816315,0.26814685388143333,0.29399233143329306,0.026510821556337848,0.1333361744878948,0.0024107466780316205,0.34593235931012917,0.044716604985240216,-0.17368807759826901,-0.024527199723531734,0.3108566739431664,-0.35654163119381455,-0.29615396846934683,0.5779490643722724,0.844998876446383,-0.0334285362284842,0.46699528991051453,-0.05481540356377534,-0.23099784519892783,-0.061352352327491755,0.06039514451337077,-0.20762112199388982,0.40493679483169,-0.2457343252921025,0.25466092443229715,-0.19851721257698343,0.07440358830261916,-0.20785341562630222,0.07552518918980404,-0.1041015778892303,-0.04226493204284564,0.04487187865208213,0.12549555543014773,0.07102275728444699,-0.017511961580706736,0.014554847780392505,-0.3401519822826088,-0.213373108017573,0.3241841631168479,0.061402185011844405,0.32405627219712957,-0.21320630384285408,-0.2233160156043637,-0.11951287438960044,-0.1220466321954882,-0.4305813064664307
C3,-0.1068511231073223,-0.01089366020504446,-0.19858340957908047,-0.029875307189346098,0.05074716442242756,-0.009899873666144162,0.634808687486555,0.09562518459004064,0.18455348488584583,0.1122083424862785,0.18636419148681505,0.04496564954200685,0.11362704510919316,0.1780093230900935,-0.0948844983923078,-0.1986991156219443,-0.07694809208368836,-0.06913105478655758,0.2415914934408085,0.09055906262657684,0.2708876473951174,-0.23124815269487126,-0.1506354859197845,0.25443902720192885,-0.3071546249700547,-0.5403280718022698,-0.033776543529939036,-0.10740634589752306,-0.15966781005054925,0.11910459144722045,0.17361304757560317,0.4709906204971624,-0.36488151472732716,0.17491994028575786,0.26989531555482854,-0.035830969839127425,-0.10744059138135037,0.06481892382906347,-0.18921140865877387,0.07580369058630572,-0.15720548555803185,-0.2610616479342237,-0.0757631212946507,0.2234700374130146,0.015696366788350208,0.17854268166413842,-0.2458635810757719,0.20037826053534152,-0.14477213669040276,-0.18810608325638561,-0.11381794785719433,0.23346731907055468,-0.008902033553998013,-0.21148450501698352,-0.2547627261257721,-0.015178937566710484,0.28007666202416254,0.08774997381491753,0.004294210484488931,-0.15566665766881324,0.1931399028184588,-0.15413155373752052,-0.21428377671359145
T7,-0.008152012744240109,0.0017110308001240604,-0.1939825409608499,-0.04051085992365076,0.11947171310078436,0.44854523861169554,0.04202588525591153,-0.054927999714491575,-0.006416935676857137,-0.2094930836186123,-0.19174026971029492,0.19093411147119524,-0.0936936236364185,0.0,0.005709307417782795,0.16015961595692743,0.07550285024250175,0.0023220258377425152,-0.41886637917647285,-0.08810981622557369,0.07266290315649036,-0.30299111634218506,-0.177760926733632,-0.1330079817009961,-0.15298256686836892,0.16541129725705958,0.1023908177790553,0.4781540384887238,0.23444225694978602,0.33963925157871816,0.02535954046250446,0.04439921102724203,0.04984554710414308,-0.012361011665518144,0.03408965163762793,-0.17939238787002043,-0.07759752296528867,-0.10328456913041321,-0.02906533031374929,-0.1859148850052194,0.1517798822811601,0.09871275420236755,0.12605683246372387,-0.14050171149671933,-0.20512766698905402,0.1499082366378649,-0.37757479155417445,-0.39174311500418296,0.05556152767215697,-0.6034458316340102,0.1456870978312174,0.29341779808319957,-0.09161087935880179,0.3914255719976873,0.02387945336840621,0.3456328865372174,0.23582294731106124,0.18292485206133496,0.07655384619309359,-0.05456556246156108,-0.061822192528619896,-0.2367387967904464,-0.046757612976084
TP9,-0.07686891967882421,-0.23233170091481609,0.09188007804428124,0.1963843769298511,-0.3642859029486484,-0.24798585356877967,0.3803230310854379,0.0,0.3015260047797473,0.11656947268526943,0.3137512799311372,0.21060961893398697,0.15749238835553453,-0.09426447203989372,0.04811190162129444,-0.10599858240426835,0.2031685438669674,-0.024449925353833335,0.2404943151333638,0.02448826893211416,0.2720865670939843,0.1915381721980278,0.020953023959803,0.09001505461464639,0.23750549618037098,0.042903795811210316,-0.0008513114784754977,-0.22211297505018016,0.046595373479171455,-0.267715141019346,-0.04894760551399012,0.009615939008387687,0.19996055891845707,-0.055975635420158994,-0.02497075640331545,-0.06304677693528837,0.029087613687492218,0.21708195829249574,-0.0795647582346189,0.31768433996205747,-0.17618708936137217,-0.0039579748673681725,-0.0720541826149613,0.36510951119574764,-0.08814879966601882,-0.14103242882335437,0.044650508818908224,0.06395718397551733,-0.30207190406187495,0.001381015413316012,0.07137716982081117,-0.07102501720884581,-0.2112823110287769,-0.030872180066004323,-0.5529392560551628,0.05986349899047241,-0.2432000915005709,-0.12149077774249624,-0.2460319173957676,0.12774210330719118,-0.33851418141495915,-0.1428171784312915,-0.042912557823791164
CP5,0.13844139296944746,0.10102571590571442,-0.021371550790206577,-0.031624656002175636,0.3122151476466717,0.1368035047531935,0.14131079491416448,-0.10511329987766654,0.16625894083020681,0.05330424086572401,0.3760841366694562,0.21335412528733802,0.06833897499866994,-0.005147735213333479,0.011208082328599683,0.01468002169239732,0.15121457132624408,-0.17498484117879665,-0.27005307776861825,-0.14515810054577558,-0.3505194698615938,-0.18456251785893893,-0.04199348202821855,-0.37518107268007883,-0.09677114648923776,-0.055743930316043334,0.07187333605004026,-0.06975424165015907,0.14466249454574806,0.08239602303727327,-0.16677733479962373,-0.2415925229889106,0.08476091228591473,0.03349331259487275,-0.08755869981778651,0.0011813887442206855,0.037613257023325325,0.09766255671931988,-0.25550372764564355,-0.17571147145716848,0.29689783010892223,0.03137335920558647,-0.11040465149986317,-0.03807898716928846,-0.12490357414090661,0.027005105018267864,-0.12546954178298425,-0.29484998628747316,-0.17258241523123527,-0.4820247057439868,0.07081741041727951,0.25810135861040057,0.24081938105924414,0.08553741373484779,0.18634680021566555,0.12546044260997954,0.457648409360036,-0.06467503334007721,0.0365086752224873,0.4215673244970881,-0.23714255589793531,-0.04429498994766563,-0.12641712123695587
CP1,-0.16660063789153198,0.09690021429829539,-0.2164463943952726,-0.0596870103316336,0.19012038154559435,0.14326733004821562,0.14186569606676716,-0.3114556563053427,0.3112127203380209,0.1512509498990126,0.04705484937319315,0.1793503675805707,0.11650903961691497,0.24907024915143197,0.17022091379906082,0.10030864471220939,-0.1195975888610801,-0.04772044459054723,-0.04979800537417788,-0.226350288622848,0.07353037274814161,0.4144784819396518,-0.5429166100313265,-0.004001227971766254,-0.06641997181047637,0.19022379572362158,0.12930782627776072,0.02222743088691453,0.007847297113948413,0.11140470967603047,-0.022323794619044487,0.2448573795970009,0.13394838643263918,0.015068451863614008,-0.05043686273193383,0.02334519994153261,0.31182479023621773,-0.2680524593108204,-0.3057731431015039,0.053220526527847645,0.3199647488735624,-0.03427253889115595,-0.09599951091562836,-0.15655239646560512,-0.6267768965819093,-0.2423351276087971,-0.23645244085534736,0.029671923528142012,-0.1686281859614199,-0.3361115160685481,-0.27427482312950585,0.08373200654890658,-0.12713038625600281,-0.23049683577816352,0.0214956371253178,0.20180214895239987,0.30086383556575774,0.2884115095624544,0.18505727381310993,0.2951786326517612,-0.28982804093565356,0.1590475738365816,-0.237202500455159
Pz,-0.08857360268285938,-0.15419211473171257,-0.3993674646052759,0.13660096468471525,-0.04166981798641595,0.07051876949531954,-0.038212426061655244,0.15288383908847325,0.12079852825274723,0.15182233727305394,0.385036658970345,0.21343661571561398,0.014543869782952468,-0.027132517845633215,0.1680179585123682,-0.0714483822892939,0.26507545565697327,0.020847517943240405,0.19712091415224262,-0.08254088058968213,0.15259240716552028,0.26709322411026454,-0.3553244388789073,0.09683226701145918,-0.21693732286896888,-0.0017660888413107486,0.24374895609620617,-0.12646744141481692,0.1007355117502813,-0.0937938970425793,0.09326100521444287,0.3977475006911486,0.059284558619904476,0.3156165695745197,-0.11009344387457004,-0.15589269584995014,0.002878150321539828,0.00844824062864484,-0.20712113980764343,0.056214095783759584,-0.08868910846709713,-0.2583569137924041,-0.1333047293353129,0.020655859269754835,-0.3090241142939852,-0.028586007531432787,-0.21982746821632265,0.1308117061483264,0.029470038297577907,0.1338552786279888,-0.04107894914615775,0.24586050340016355,-0.14102951489683788,0.08876593810217687,-0.2759977622085001,-0.010049533331010305,0.2044033540002044,0.028871944071398828,-0.22271653248463225,0.06308286787324535,-0.3647570309445908,-0.028846691529530115,-0.34413537473748396
P3,0.09671730227590809,-0.18139747316491822,-0.02732885180983513,-0.11042449884076179,0.0054309159832145034,0.02348725889974691,0.1600469045704634,-0.07771612449010122,0.2340898010936981,0.056708368569321266,0.16836194167644516,-0.037121142723774175,0.07505637332328553,-0.05266835278854259,0.04217956833664451,0.10387337533971398,0.08029025352061951,0.12563706155726057,0.1778957896693695,-0.04210321841985864,0.03308632078519962,-0.23741599797483945,-0.18134763703237222,-0.010990919706199243,-0.11147948363857983,0.11106655781723766,-0.1914777211598623,-0.44530902997802446,0.09810228771996914,-0.0853552948000161,-0.17188598804094404,-0.04323533935121761,-0.05871411929497813,-0.1994441190658792,-0.1687490495020416,-0.18854540579569062,0.16328251397523558,-0.02599276229967839,-0.10865817050463962,0.09565580634383834,0.13923805398744607,-0.017728366139189263,0.03704321958912984,0.026650679307032566,0.13010934262125462,-0.23413973917016803,0.11907040929486792,-0.12711864831355182,0.050436560652981355,0.15297659874031172,0.12501698347197657,0.22539040543936822,-0.09005927806734967,0.07402812924314268,-0.06658286144618683,0.4191086971284377,0.04046791418762694,0.040102279109430296,0.09673923567835901,0.05362851720175313,-0.5000073229735364,0.15212467351120132,0.05989681587124533
P7,-0.23953265774097368,-0.16765250095834586,0.15875695037382992,0.13617941753209284,-0.4830320196957944,-0.12587600636892915,0.2076763874606641,0.0,-0.5318926534809774,-0.017179464157277606,0.19086838073469797,0.01609127888064767,-0.28627941915801036,-0.06760013811500323,0.0714951332568803,0.04862904208276311,0.41785461483472797,-0.18848553881546448,0.2206389982522705,0.01238867633852451,0.06307413383217166,0.13987223605140892,0.11106581204812807,0.2734139941246111,0.37779365673720605,0.20887887803283153,-0.21453411958874388,-0.0311149555060075,-0.0028562901107447134,-0.12827733490556079,0.0619901233984667,0.06793119073542647,0.239058857445123,-0.0439351130330747,-0.2203961985579259,0.05644457818658027,0.141840117263881,0.05410305595068568,-0.12297119409936484,0.056710395825105855,-0.24653341707394466,0.16313777044959243,0.02879956764381896,0.2753872455203912,-0.13528651716959222,-0.1472561866179547,0.33583584727163274,0.04443798135429764,-0.1761768175563654,0.22432607374826039,-0.04915798270472238,-0.009058021555015066,0.030686878365155674,-0.2217022548634167,-0.3626861505887049,0.23920251641788431,-0.445001051799679,0.05197865986801627,0.012894483495333415,-0.04012223582705532,-0.06769852797262994,0.07653716962063696,-0.04368533511246611
O1,0.15657057603816618,0.05284955882509249,-0.07772042000951394,0.07529193137882206,-0.22512755185540262,0.03717832496474268,-0.09053220194216148,-0.03797920166881126,-0.10800565933459279,-0.05457481510038929,0.09279806743053187,0.026957181410435994,-0.08601751978184019,0.01648268600464814,-0.021199642449609056,-0.10981679198870241,-0.2217280845798619,-0.04988151397158794,0.318758624687111,0.157912655958128,-0.21050509452804983,-0.0015455377813274195,-0.08957115484089606,0.11409760100662299,-0.2492128852080457,-0.025989783504225275,-0.10868388236144365,-0.029400987414378646,0.2914144549421684,0.14562480054301852,-0.07744026378548972,0.16358191576011322,-0.10100958958664956,-0.07061126300865542,0.04024630608445698,0.14971840105608666,0.14108586055216996,0.005311789459097717,-0.11927965124976676,0.038321414441720096,-0.15916166871616516,0.02737149188038946,-0.027832008164240973,0.05205826896952581,-0.09693608440288508,-0.057433937231614725,-0.042907534803608184,0.04171179936361908,0.15375918267590505,0.27132983924712195,0.14259224639550502,0.13257600272993125,-0.10411661387759163,0.06705057453886092,-0.2969747099287815,0.2008053948113629,-0.38588208062029994,0.271558950032302,0.1348565578964896,-0.1367225323697833,-0.025557424112324634,0.08178842856743379,-0.10230279747288414
Oz,0.37763831606530396,-0.16196731784771465,-0.25255987619539166,0.3429849961931468,-0.3299345706865905,-0.042877301710726484,-0.17907094606235632,0.12788881757844262,-0.180274001700496,0.007397094648348931,0.11028577194919277,-0.09583949827041265,0.08207020966907717,0.007672739266438528,-0.01893824124893501,-0.011241091838178905,-0.031830891622583235,0.13520111956438177,0.27054244346571904,0.3859929143806082,0.20018017074417419,0.1600833469940704,-0.052992990350674965,0.07485210447898259,-0.16424612016048568,-0.0521760945967729,-0.06593672959935311,-0.310058893378825,0.10958109969526462,-0.2615038695980518,0.02670907506035885,0.35484640128877054,-0.21293725450867448,0.01074951307326772,-0.09224781526468288,0.007107648894890703,0.14348822246614898,0.09804614948381796,-0.21938351574540566,0.18246144573794304,-0.18569823846553574,-0.09435971770613981,-0.040280477100394035,0.026530534876246535,-0.02131908719534192,-0.1174709662651987,0.01815848369842565,0.16448059373516083,0.3460906466502416,0.2218297691195086,0.1201601513671055,0.27862911688662517,-0.24435748511958114,0.22212308820996973,-0.4551559477789858,0.16216602914611253,-0.22424745607806407,0.21961058433631025,-0.19428515422651846,-0.2497693021379149,-0.15307083794229914,-0.015906186935933965,-0.26362072138583564
O2,0.006680315217955389,0.003432285372108661,-0.07005534709346048,-0.07697788864665168,-0.31941302328197657,-0.109335804488147,-0.11849461622048925,0.05857396796966643,-0.05052208267692743,0.028383674883845144,-0.10319872023683813,0.17127667040508335,0.022538227278942037,0.2599803961993863,-0.24854749249035477,-0.08836279293172003,0.14314695518348566,-0.16637273563356317,0.22732331600255248,-0.25109265015897136,-0.19164167289959758,0.19879573230155673,-0.028631981502094346,-0.052222338945022415,-0.0011830713517621085,-0.021219523320742343,0.08360026574034632,0.13015223178103252,0.14097878654066573,0.013325871903876641,-0.03693536107275993,0.03375936530666173,0.007206182898263421,-0.13551934538990615,-0.11897879221136827,-0.09314902108893143,0.10570320302521817,0.03602203209278415,0.01743488738937214,0.32137563264666846,-0.4063666239759325,0.12904712196914994,0.17060294776159882,0.26777792333418426,0.12959030639940655,-0.09913415339633014,0.06543895886975445,0.1901645880585987,0.05190328474005818,0.2058881547315373,0.06717958930124598,0.05980363301432972,0.03602399658824475,0.03334191712847491,-0.10902555889204313,-0.15255346633250658,-0.11886495775241042,0.02062448177459412,0.0845757531795216,-0.006652377937500217,-0.24631817628980995,-0.08195445261313827,-0.018928628159215175
P4,-0.04355659529080276,0.28462297647291307,0.15076497509165357,-0.022406642009196186,-0.27616921500894775,-0.10834112226184618,-0.05237216632891969,0.01031321536460316,-0.08262681811165103,-0.14974916534552588,-0.025124064107577504,-0.031805728098488736,0.09498402045109891,-0.03052046015770279,0.05766175054912424,0.18561539588797318,-0.12366633499206105,0.07697257650803392,0.007312523121955498,0.3104079080236182,-0.1536078955692549,0.00834460037041302,-0.13225259471877981,0.16451617093773627,-0.12092077248786649,0.038093953440493475,0.00961132601628544,-0.1004689321667356,0.33122865849374694,-0.03734049956272602,-0.11031483329419375,-0.020643141675115377,-0.16942101954216235,-0.20297929326131653,-0.309850508614015,0.13214872369678077,0.19232120889755042,-0.08056387731938269,0.10055333750091063,0.14123496409288033,0.09998696033779891,-0.0523723105833053,-0.12838370044196618,-0.06303154197634889,0.0008148744623354238,-0.14499895909089522,0.1264238979809895,-0.010131283505533498,0.13817278611852277,0.0827280498845332,0.062203660631286406,-0.10357123877147692,0.004029503617146819,0.05854809341795672,-0.22377220308147164,0.18726409981487313,-0.2635922359531136,0.275758897824226,0.11821063838685462,-0.27567411436532463,-0.16011897415591803,0.18881802557114544,0.17068046888418223
P8,-0.2646488426976396,0.29968898303939756,0.12994080885610626,-0.13878990411002892,0.33013103225675655,0.21595998977316933,-0.07361337647881472,-0.49593082711036746,0.2030570774162294,-0.4278721224637395,-0.14707397377525883,0.0380002399400791,0.15083895282549162,0.19954629651764577,0.3608941703602941,0.27318833271793636,0.164273709845673,-0.00761491922320427,-0.14658958337327518,-0.2564882790199201,-0.06445823409736742,-0.19534834617512858,-0.21811212357925366,-0.12142924155913765,-0.24486083079641316,-0.2074457235095332,0.20100229831825245,0.32641261492725193,-0.02001974751936327,0.40762175519954086,-0.18016882223057623,-0.4769048325563945,-0.020368269575528102,-0.11222871953953695,0.46438440425285377,0.21745355575074726,0.27466177819151366,-0.2900980599184499,0.01249095351626684,0.32460962099878843,0.2139235798945093,-0.04417519562030053,0.16905546490077433,-0.08616220757232369,-0.0891855599526658,0.03697212871001368,-0.6921786776470663,0.03773799370541341,0.10692485218906296,-0.5721799532475743,-0.7457069657618984,0.3052772470850876,0.12226955305178673,0.18403206809576833,0.005412707885169656,0.03374347975422636,0.10608678528959245,0.07517842001125145,0.340243547485594,-0.10083645396680084,-0.021981383016642615,0.08218441077085943,0.04927236256109978
TP10,0.12055739143434069,0.19810786230578714,-0.1136328093484585,0.10437298308986619,0.03999718366611451,0.2820131588063309,0.04825754491039386,-0.04835278589576749,-0.03466998065948742,-0.17804452432969917,-0.17591841120443952,-0.125077670613844,-0.21818348087517778,0.02025988838262629,0.16172751850779762,0.32447481602492206,-0.1631389128421939,0.13932115286573687,-0.22374052236082553,-0.4402106284886952,0.12312969757479261,-0.37952770255066726,-0.1634202811163381,0.08575395816625768,0.010020577184633787,0.26379775599119426,0.04185797241630324,0.04380808801548645,0.31346733950387473,0.11491849872341049,0.0030153198074975894,-0.3066257649353245,0.013237625652991792,0.00791145740144908,0.027441788412077617,-0.21004607785299748,0.3110798983573484,-0.08720652880103331,-0.12197872415201524,0.2342852640481126,0.25289531610450156,-0.08475145758682932,-0.060839205375827383,-0.0793884927832374,-0.006072709843243856,-0.05591600577795726,-0.213023256386343,-0.4046920229346221,0.08366058236038501,-0.3060929004492395,0.015180230642700113,0.3066558967608479,0.02509270327522992,0.3902551906925946,-0.10002747707994641,0.2112231248528325,0.01574929761341565,-0.0018907902358360229,0.09867293143505225,0.0,-0.346553460012719,0.19383898601381494,0.0229835834920452
CP6,-0.22158320634159778,0.15392822226641711,0.008681359485650082,0.22576230362854052,-0.11390233654195855,0.11292753248859272,0.2456615031946152,0.11134521117211478,0.16817091116996366,-0.6085169121230521,0.023214962926725004,0.12516617979931974,-0.20405644309645518,0.12678061813823385,-0.35938518625401006,0.16827791001916892,-0.2661238825465944,-0.46371126573163424,-0.10104243353866676,0.1310126964147127,-0.5538357897464079,-0.3118776756469913,0.05288509641630987,0.0008326578219585357,-0.03868132348071395,0.26448302897283543,-0.03569692337272851,0.20504318692700146,0.4779054165762737,0.25930758971980317,-0.3685003946416893,-0.3183323934525423,-0.013261382153275787,-0.35281040551468196,0.21692787064976587,0.15958102902281257,0.2795528120536317,-0.34101371401705743,0.19394386146214965,-0.002019024106729301,0.05565245648841213,-0.10060015752154164,-0.36561169640931535,-0.04298633760589867,-0.024117471938687133,0.046347316010392395,0.12001002106057684,-0.32159992099174856,0.023276303157686352,-0.02746224290914412,-0.004948402223976727,0.3232965687190634,0.15497575255862384,0.11790415977887936,-0.08286143478439231,0.3122133524710542,-0.11246536030305979,0.28271882773101914,0.05919632568880232,-0.07293871177716035,0.27378481010341515,0.21695233631323566,0.13222223836395408
CP2,-0.4351199113659628,-0.1661900355682563,0.09409835844959236,-0.22395970413990188,0.5257270337360039,0.21882392057245836,-0.23820878736927537,-0.2532507198603961,0.17590431430844086,-0.22790351087814062,0.4866168346525589,0.3389700698927959,-0.2783072245156691,0.20869815728804367,0.07166404494850653,0.20621408014891607,0.2929908013058182,0.03443313642689972,0.17352081892545307,-0.3167084289143406,-0.22112319658086005,0.43900835451687714,-0.04270199621260747,0.2508379745085472,-0.08729505037870983,-0.0210116831602928,0.09676243709762426,0.2767541372825871,-0.5014943251906987,0.17187337619655324,0.34610250718002267,0.3135242106924467,0.27300798081067956,0.1974844901155659,0.16593978537043985,-0.016083665985526924,-0.1960815399987593,-0.1134914401369467,-0.26625149832750394,0.11319019878095449,-0.05307676571914121,-0.0752621321563388,-0.12257876169109894,-0.20112836687303084,-0.151031963555659,0.10233538906398945,-0.40963153089589066,-0.17770518233658658,0.02636947413877192,-0.26697431356414053,-0.1963415935211942,-0.05374655160486436,-0.004732718270200707,0.039511285346180786,0.08873645075152346,-0.35010722536309896,0.40791396146753867,0.025404132147667045,0.11221096309940522,0.2305351490760991,-0.44006093811749597,-0.42207616724223534,0.02447310119586418
Cz,-0.3238621542694077,-0.10582553215573534,-0.11657232900475326,-0.20227250135582425,0.4677869253130153,0.23376459014303008,0.0035500464641263405,-0.06768558434205986,-0.014996203129190562,0.06854051437993215,-0.22608221905237694,-0.2533277872141323,-0.12704614440348408,0.12133224969027871,0.046455219523478065,0.09578714056066157,0.1483886885693175,-0.12934532860330847,0.0621181462860529,-0.09461324068540601,0.12840520859857024,0.08760364774638295,0.41515913901681634,-0.06550589006773214,0.0807729624762173,-0.32633205048303776,0.07986474932201443,0.4102515189446251,-0.5092923442469346,-0.04984257102175734,0.31886554453300825,0.5727671792889922,0.20772942928072768,0.0623005431081484,-0.0549463185665662,-0.14258712815388727,-0.17823146231560824,-0.1160679302309735,-0.27495287458719175,-0.14317554615875078,-0.270492543082517,0.21008097824883132,-0.06492846804842482,0.16048453377449962,-0.1998610479543536,-0.12270922839051271,0.24458661250974315,-0.018831218719374047,-0.1461297417910794,-0.10235384179987934,0.11663268119195634,-0.013457441932506576,0.008140197919533418,-0.062082688483696614,0.1196873317418212,0.10555134012349453,0.5195656973286659,-0.0516786978379347,-0.07894992163943115,0.14062585372957884,-0.0832058256394742,-0.18027032480463656,-0.31928453964158104
C4,-0.25401193101275304,0.16047912956026758,0.061285583647924004,0.11072658455861466,-0.14779206496914354,0.34057679260771867,0.1673903539504814,-0.24739366164466264,0.03190087987714214,-0.7482838437096362,-0.03635776143846629,-0.005010751524334452,-0.1988702264136067,0.27132888796966265,0.06853314074770511,-0.08504999037925667,-0.08791963643676294,0.058539038217542534,-0.0419015133659521,-0.01080566605594808,0.0030016082503295316,0.10516924729523389,-0.1916929181854751,-0.1991221093572002,0.14465545090027,0.26804707295621333,-0.23829658563569775,-0.11369323607271391,0.3405776000159983,0.21490737863651002,-0.2634885803984025,-0.2816325618789824,0.031570772036377405,-0.28294704354924555,0.041287836009404145,0.2514379355626958,0.39758376955511315,-0.29688279271541973,-0.10290280949618946,0.153149588955163,0.1790377572092773,0.11998351156024614,0.06218385444922901,0.32765602125894666,-0.24193817090416309,-0.46898314228767773,0.11316182653381218,-0.26899661865667684,0.12435498326166142,-0.1883594695329365,-0.25518464758860937,0.04817797149608526,0.0388929494775602,0.20308678403450606,-0.23318848122594293,0.24651723788382396,-0.045792001517587694,0.2587143689239288,0.3524366932789154,-0.033315050433535526,-0.11811922715902425,0.4427723439559827,-0.05119246108833905
T8,-0.13961090874786203,0.02350158292386867,-0.20776513342125033,-0.022464020877628627,-0.0522191007435967,0.24940011392901873,-0.29716682310760517,-0.12735440886898505,0.12389544821003422,-0.03897185640738749,0.049414377799753655,-0.14998436534621007,-0.08494966305278752,0.400266582087541,-0.2627571835638159,-0.2401268400260558,0.04841286183879238,-0.09705399128835662,-0.10144997681999972,0.030367821650898977,0.08502890907451406,-0.1202612746924187,-0.04757886055017397,0.1741551999439279,0.2830653143117372,-0.15035086275077833,0.010074447497837967,0.49699528385793496,-0.10201450693088819,0.04142209151976775,0.40745784476092584,0.4503832225810962,-0.03888296620676148,0.2166930280168308,0.19506201286359104,-0.10074352973678541,-0.025888454942566013,0.23770190965607535,-0.27309111262106983,0.006614537407380632,-0.3167551536127765,-0.021169429231225383,-0.3396784934407786,0.1495159443717468,-0.11605014878112627,-0.1360285373216561,0.0029905704396360295,0.1647567548631425,0.013019284390772474,-0.1860195746329274,0.021580890824554715,0.05674388279430949,0.2792003063106191,-0.12082257043979905,0.03155908688648074,-0.1395304121292844,0.2102965781058521,0.19957805045985513,-0.06440255291756744,-0.10296391254070643,-0.09082389963124565,-0.13927290724213653,-0.20495050675428375
FT10,0.011765312177944557,0.10424537138325067,-0.21757697593145867,0.3449099090426927,-0.11318099318196279,-0.032306132213283434,-0.5281059646354705,0.04413652159526853,-0.06958860628143819,-0.07449535332216271,0.1491771935110555,0.0036398637587525175,0.07688200147561484,0.17279750277919703,0.06852789343034628,-0.017235737138553656,0.022452483085233513,0.08663254220688413,-0.10158745296234965,0.24197918787784634,0.24066435123291505,-0.1271976509760386,-0.3363306567068906,0.2499446883801222,-0.22300580770169537,-0.09571411321465846,0.14547046074320522,0.012597605719778013,-0.1708533672702431,0.03348938108900089,-0.07161150822843271,0.16561082777438926,-0.5419782960058539,-0.0061818078730007785,0.20383403093841226,0.04150809810013988,0.25650565808419473,0.08650668837919424,-0.15980715611564014,0.38494936074605857,-0.04044068096166293,-0.21895514796306534,0.053033699754292465,-0.0027359820499052267,0.13519072841883586,-0.14091423318958146,-0.05984886078431838,0.26235350108084615,0.15311898982195185,-0.03237247757894076,0.021503347423354677,0.2470367571287998,-0.0917242687335287,-0.04533578631701397,-0.2538316456470998,0.15858870578779302,-0.12692409094548424,0.2888288001395168,0.09642112515684179,-0.4654671496355272,0.15234639729925561,0.01044326679395592,-0.3617843487516791
FC6,0.1620268111381149,0.08840283666005547,0.05351632249781156,0.018305551957430645,-0.20139651324824334,0.1619646002351808,-0.11107199063283515,0.07567291230159205,-0.14398466904859514,-0.025815742846076177,0.12727339815631475,0.16269230212372274,-0.15843077829567448,-0.2372779171915582,-0.023481329826647593,-0.06532917302105792,0.027058326188329495,0.011207866701293845,0.19123978665488178,0.09068284252512075,0.03076941728462005,0.04520342731333458,-0.051960251600886964,-0.09483674847726667,-0.07915403356158615,0.06706941994326297,0.06151182590335091,0.08989951431873985,0.2681865436428954,-0.0078079942347786865,0.1351620035654962,0.27720826803652465,-0.21897907769077835,0.23845872617375624,0.08161546954970764,-0.07665697279627019,0.07454704092276826,0.12425164003821144,0.010221266916504214,0.06660190130861303,0.03279079973162613,-0.2068732442690595,-0.15287141648203073,0.16494323469960473,-0.03458928546642318,-0.10846307225240236,0.04615480299876684,0.11832070042832689,-0.0941283464758404,0.14117814915574758,0.2639526444996211,0.03404505238133151,-0.008809083694901132,-0.20541268233524168,-0.5539184039167994,0.11410642451923428,-0.2921413209413532,0.13420650358240216,-0.10875234646688982,-0.2812197926127278,-0.09439145340366942,0.06262881637395502,-0.21532350963865599
FC2,0.28961497827965144,-0.2733956114014572,-0.04132840312309092,0.3360347561835155,-0.13447931169155206,0.2835504901338007,-0.20234936041107854,0.4052508363712823,-0.37612364087125927,-0.16019923394654798,-0.002149831295042382,-0.167160117841585,-0.47746423158521584,-0.09899061135271292,-0.0873990917166938,-0.5177562099585099,0.09074007223086089,-0.2136209815474678,0.31499624104398843,0.050047929367561465,0.1355924660357631,0.14366062248275693,-0.0032011053481555227,-0.021180694002748322,0.28510562153739133,-0.09178040967112278,0.0011079882705210171,0.2904407530441857,-0.05329888908061408,-0.1924985581617775,0.23462986632925048,0.5571225605439395,-0.021569714098239105,0.16648415611118347,-0.09718728461098025,-0.15636586670939542,-0.3003085742007855,0.18819460293670393,0.08542471344110096,-0.08730604365570847,-0.25160196250727496,0.24004866882887305,0.0286420889999167,0.14036481896030245,-0.054315441239211656,0.0027968187836743693,0.3312131573047394,0.10711517816557634,-0.10299358483626894,0.21659346273460237,0.2275814971770071,-0.016413497610836023,0.0157792841944472,-0.3970734322584039,-0.36788917351619893,0.07273431682081286,0.1471632649657576,-0.051957818954825465,-0.21943895139471303,-0.2004558027303565,-0.14497287135289189,0.08701215098670245,0.10918295041685264
F4,0.20128163868840993,0.07377832371725895,-0.2451312229549866,0.11746035551122738,-0.09868801899651546,-0.20356361965081912,-0.2874998407715677,0.12201498218478607,-0.18230719705381937,0.0628485990181207,0.02211884288695254,-0.061118643072725375,0.05181867021884912,-0.049361688051385584,0.24374576456461275,0.012269254544281065,0.07967195401294302,0.2057789556655515,0.04668305085876814,0.29523585594299145,0.28793891479372097,-0.4185987815413691,-0.43741203688811,0.2685062660191151,-0.17479225422995304,-0.2830510339970958,0.1978456163091325,-0.03412925746339059,-0.14244771966378178,0.0366497042100243,0.030894704961476834,0.16373430621934904,-0.2194978708579971,0.014129620828432242,0.23957110115572142,-0.04279482439389412,0.24623308607439906,0.09239341627254027,-0.15671788453009675,0.47983096006365444,-0.022277680563096328,-0.24984393333008686,-0.2282595299276373,0.03070386418506585,0.09477391489485383,-0.09944777692000664,-0.3153755911286856,0.15832421772443903,0.2492807115821843,-0.08020687918668185,0.08087821196149533,0.3803738553054248,-0.02163607638840057,0.1866351349048194,-0.18181789348960992,0.054276172899075395,-0.08185465255802986,0.3081901513221738,-0.019147097857658734,-0.15020448859874302,-0.1991297093963505,-0.014877342125326508,-0.434679633914029
F8,0.22942227552394714,0.0007584663689438665,0.06265068393498624,0.38666839711565526,-0.13024517833410632,-0.14545527957276808,-0.03449947775390158,0.1996814418064209,-0.369713285957931,0.013965049714760378,0.03519495596047549,-0.1314983809394305,-0.17711210203325778,-0.10638431316345548,0.07090673770497824,-0.39574462542916217,-0.09548617483797604,-0.1384796876281149,0.3238490123840776,0.07753526114402383,0.13199119910851026,0.03677201249584701,-0.16151924918583033,0.1794461088938604,-0.04721071863729241,-0.12567235874663732,-0.09361772836223707,-0.09733406381627559,0.0336408870913192,0.0018828365803666793,0.035986789223662476,0.19592807466216236,-0.08206659716181375,0.01908711344944986,-0.0818177286607503,0.18104242592200093,-0.08037302722438053,0.10609697499335707,0.0054398441306065535,-0.003909577238141976,-0.17875047519562368,0.09612628833423258,0.0735946915565159,0.1772937273032459,0.11798301742100492,-0.142921142179434,0.3083385431568509,-0.09237912368008312,-0.19454825557866526,0.30437433357199634,0.18313277240140174,0.2883192517113574,0.030286236252840056,-0.2831084748247773,-0.17320782177495303,0.15268710694120013,-0.07524704046268987,0.08059052953668339,-0.07135201270281252,-0.2496556404885026,-0.0850452413475915,0.034292179980805575,-0.130610443458951
Fp2,-0.3129202773706469,-0.05335758090099652,0.08109817053286167,-0.2463068058757311,0.48058320769578783,0.7011966722176138,0.12447776501345696,-0.01550662207171322,-0.09320045474148965,-0.40854641367309513,-0.01952767329651258,-0.021263678246627095,-0.3169413697642826,0.07519981751134572,-0.19436740574580566,-0.030827109351461726,-0.07675571344025614,-0.2251245389394631,-0.19215083137809433,-0.011547355422798127,-0.4077773526817609,0.2273043390535042,0.054539251662718495,-0.2968567967238997,0.3297338598701367,-0.11588372525307254,0.17873833345063547,0.3310469069960104,0.03013023149792788,0.09260804897282458,-0.15829237731518875,0.11873632192913419,0.4193872931220626,0.22860790222636349,0.018036631372484527,0.036046594487641574,-0.1318578494487693,-0.3016512509816253,0.03693718232609366,0.04671189247088958,-0.3734957311385032,0.11167295754754561,0.3732268147111311,-0.04796801535779074,-0.1420922598418666,0.32871985122749775,-0.20796137368029022,-0.42671921040003286,-0.0012445186752823207,-0.44276835552429133,0.06966529605061036,-0.020472332208394225,-0.2653452668402986,0.05569166281758038,-0.07679173337665159,0.14237754367710448,0.4190948140796893,0.0901031520904402,0.006435939435031442,0.39339997781418035,-0.06751364703439129,0.010028274916394268,0.0914989199243848
AF7,-0.2894131514506702,0.16233558721147984,0.05236631845531607,-0.16615175653389364,0.4940006524885388,0.7353961050804608,0.28352157539310074,-0.19011497162516394,0.02333639963377844,-0.5888464720393464,0.17406616651747842,0.1706396272658794,-0.12271873445886247,0.09334559853511376,0.1731807965226478,0.3952806248310522,-0.02108170115201627,-0.03863734129569795,-0.7373386290831301,-0.41578645584501717,-0.28567764224309583,-0.11598909508836244,0.04470561620355486,-0.42822430538312384,0.21782909292564287,0.17736093431971686,0.27437842159775344,0.5319804487669128,0.1926269840348785,0.24088506489445394,-0.46465786539572795,-0.5893264868128193,0.42203029561837047,0.04586644673901238,0.13456942300266453,0.009065846643223371,0.08113184350507571,-0.1348252088888571,-0.12192936863436404,0.15656216402079398,-0.3507066875126487,0.20662221804067382,0.29026268679378864,0.05096982662045795,-0.29088568280596133,-0.005841454955037029,-0.09243934352093912,-0.5983083463023249,0.03174194015134291,-0.8060737706237743,-0.18766366654384037,0.15021634250897412,-0.2357077005791231,0.1871371591994734,0.15453335721343944,0.2526067650665838,0.5943752870579231,-0.086341632608778,0.12567916429275858,0.28906611885762357,-0.27792992194562227,0.038184411000172995,-0.015239917681914763
AF3,-0.21455009897959113,-0.061797219409354044,-0.14768311029199485,-0.16106846772483147,-0.08862895128469414,0.07949069423438967,-0.4201558378292518,0.11361087074913237,0.020897720292771,0.02467595611179881,0.36019266227546604,0.13082667401181447,-0.0945792436822248,0.2758269685763194,-0.09281311853148239,-0.24577241150664972,0.08682364221808823,-0.1804311156329603,0.21974510079967818,0.04430786043041418,-0.00920578891117958,0.30890572431157676,0.06180077399965408,0.1274514976860954,-0.08971128908378169,-0.7334459015447976,-0.13038573887134366,0.12099307073740433,-0.18695011384427426,-0.09754965503052869,0.7498789975739296,0.7911583233383309,1.0,0.7799167669238368,-0.040859628035543175,-0.17214939692605769,-0.2342914668901514,0.3365863208946227,-0.22331023396431854,-0.046846447565784245,-0.3622735895120909,0.058407200462379974,0.2516440937524553,0.028990346486140975,-0.3872656944204925,0.22382476240397117,-0.07195183884869662,0.2314463492414493,-0.3200425363710399,-0.18959577778443265,0.10257402541199191,-0.2031696574135799,0.023021506490975983,-0.2536524120197707,-0.2058031328100398,-0.5571204019099937,0.46319227110357525,-0.12448574486788147,-0.18506655069373246,0.2097511706332258,-0.04474759924624366,-0.1766684983777531,-0.47191268133494674
AFz,-0.19293634221839318,-0.015161875924853142,0.02900333668805487,-0.2732177904262276,0.5229611221345117,0.5417660698135698,0.13092666499932243,-0.0865361507406024,-0.14469773308325876,-0.10876577525989327,0.0876558688103722,0.21154033718957738,-0.33356127034676913,-0.09130925915253914,-0.17085754194816827,-0.024134920898586185,-0.20277035987187858,-0.34872314627162226,-0.06744190573182542,0.008596158251237046,-0.3208860640287257,0.052495184387524464,-0.23810139935418842,-0.2939564325546952,0.12664796339503187,-0.03019862195452576,0.3061019169480016,0.22655002496653287,0.06305842308294891,0.01375524033095925,0.3461956857055834,0.6460786837905345,0.47521738103551975,-0.12793554908079122,0.0,0.04390777789715026,-0.07416764783622429,-0.07410355375588233,0.046836879098194686,-0.0631438832244206,-0.20635847019974127,-0.07284408977893221,0.13123910458770494,-0.08132568727724011,-0.30336963749179274,0.310841581615733,-0.2004831630384084,-0.4774914210462119,-0.18836641189964298,-0.28938709380328864,0.30738728238684404,-0.0222624744337249,-0.06802759068652264,0.2263705252123537,0.12377327549926852,-0.015270391432423345,0.5251284185403897,0.0735069031588796,-0.06491986325849725,0.26251214125889827,-0.22735168384575274,0.004557444094903108,-0.34454619302335193
F1,0.014021909910066271,-0.12295984383369665,-0.03932822537804231,0.3012604320446269,-0.13350353492914419,-0.01684446754016467,0.11507830951949238,0.0729604993494375,-0.20994225290299745,-0.08678754438907829,-0.05223324652667712,-0.14374596803371922,-0.2672540191892494,-0.0765734780125403,0.030238626498656145,-0.20508401337536028,-0.12953723580553292,-0.3378680582960572,0.3870385088319346,0.08964245409019186,0.1681543799646041,0.06621572103746047,-0.1361632322536933,0.10402899354066206,0.04592994578982288,0.06334422230477431,0.015696844451477104,-0.04776044442250209,0.2634219939573804,-0.06383628290711997,0.009455550050521634,0.12308882704314311,-0.056305613237003865,0.0,-0.1563617538654293,-0.05233920032445624,0.008281385243335253,-0.045694964629087405,0.19140086531903047,-0.027919190671398805,-0.21008742309320902,0.06538029203148502,-0.0017451848241976714,0.1529276110529255,0.0977629508874302,-0.32550433263407647,0.15533489988135607,-0.030064097295392254,-0.07715618119777373,0.26153458454661016,0.07298916311906285,0.32032777750837144,0.057462095019197204,-0.21191954306897492,-0.19982162418185206,0.20262892131125101,-0.13114930697620272,0.12442895925241934,-0.03084300762276943,-0.026141895195288367,-0.21309754249780258,0.2496362944516433,0.035899691102120226
F5,0.16084027013341465,0.2224512301564777,0.013793641954297707,-0.17121206070218445,-0.0690584852312294,-0.07410600650653891,-0.07020984796443377,-0.09116421762054924,-0.1662590734276475,0.00547398001311347,0.013531127047833958,-0.12330194790011861,-0.15744036728305055,0.059259520865818,0.14296190051679883,-0.024940475998475247,-0.12596070428949577,0.03656289085877493,0.2121958314356012,-0.06776148650568707,0.14750879606711062,-0.07561244865370932,-0.19596799485317132,0.2628477878201355,-0.1131504543884956,-0.021171351928851372,-0.04505748139806897,-0.061900075946280726,0.00805901623251397,0.2566201120648824,0.01789871420092478,0.042163290167095635,-0.14587118847066294,0.008352084546686196,-0.024897581724493616,-0.0014973924351090989,0.12451045804640291,0.034539323327972576,-0.06134781812422567,-0.12106568259812445,0.19147890415570176,-0.0891679547641521,0.08853378849936921,-0.019753708078031368,-0.12299911699718552,-0.07305046561483752,0.08065945845581621,0.08983813989621703,-0.043844793402976444,0.10020402899655914,0.2148763729979948,0.181801913782085,0.020851609341242243,-0.09660809344502976,-0.20622763828650686,0.12743794812172493,0.008904961767153871,0.05510560879501345,0.2094695428199542,-0.1756753499922412,-0.22597225400160323,0.03167577398508493,-0.10815450853660472
FT7,0.17141347034732704,0.06665038784127177,-0.031660849113653196,-0.008335056317678077,-0.03601162861046936,-0.005096246416320206,-0.13431600968825533,-0.09935672290630171,-0.18753296952737727,-0.0075007901704288674,0.10954953740563488,-0.07664409020240741,0.003375999229196869,0.10203860073210996,0.0677296911584185,0.02717842509362092,0.010505589561498175,-0.020292451807691566,0.21525596308977912,0.22052927754976032,0.1758387051919187,-0.23838917175925203,-0.20501278942484533,0.3068815331039403,-0.07471866239553318,0.09993273724862481,-0.02785039355710927,-0.23081192545468215,0.20688980960032466,-0.0660010731091787,-0.05606672278808683,0.07149021696708902,-0.19199435320983294,-0.025652000248160563,0.01106615161523294,-0.046763479734692984,0.02884864799457664,0.054977209783183933,-0.06908533059245343,0.12390720580593531,0.15097225400680897,-0.06209880995508413,-0.05383601295285492,0.14574575312979463,-0.06411441931113154,-0.09243896548158653,0.03283609736400641,0.23325673664651284,0.11626543368571877,0.139830259081803,0.24970844661649794,0.17676748248809443,-0.014165757300962877,-0.032896696403223014,-0.45976412930277166,0.08883336472846284,-0.19280775834995356,0.11620059144734642,-0.19865267635180686,-0.2978176154608415,-0.05451859259806984,0.09733699721249958,-0.2596084252242927
FC3,-0.0999509397759365,-0.16359949775208757,-0.007863364212154804,-0.1492767256666189,-0.018068362153066935,0.12703843947626628,-0.006635632236243944,-0.03728912820763506,0.10754297762622049,-0.027519667022760683,-0.17504683613780742,-0.041573835057080843,-0.06833498189104573,-0.07211880383742661,0.03051820413193287,0.021132965604633375,0.06310696128877129,-0.1230077346562518,-0.21927537173857264,-0.08204148203919687,-0.2749796917424187,-0.18386684373482517,-0.3593967753618327,-0.21059342920398902,0.14934968072564478,0.07580290169053212,0.10970442610644252,0.32318426240996545,0.1438667515341987,0.1971820256727145,-0.18612719754572205,0.16884941537468667,0.18645202828555676,-0.00770017603954971,-0.05662292143858157,-0.01256390546265154,0.05501384679395479,0.07457044767438002,-0.15734509058566004,0.03850979544136128,-0.07872299246855133,0.11232165461023007,0.1689683850015157,-0.057396272772509346,-0.10765719866387694,0.040171531338028935,0.06373536592675937,-0.26429949341032016,0.12851328771079712,-0.3730451561061919,0.033023337946686326,0.08667825619291124,-0.04892029142110378,0.042249392519051604,-0.03904377450799138,0.17324177572728308,0.3721375106667798,0.20266349217302662,0.09392363910985298,0.265350638446187,-0.08910332405283336,-0.0534482605337129,0.19763176022983675
C1,0.18118524755991836,0.16738746068826676,0.18691312865600918,0.08063552079176214,-0.21831217811407075,-0.008266885809158964,-0.2142035935510487,0.16182212261899862,-0.18836895253991084,-0.17338665516826884,-0.10833198914211566,-0.038987344009190975,-0.06647452730594548,-0.15526797256179697,0.04194421318869894,-0.2206618647220489,0.10985782691451408,0.11879029006619432,0.21193871715729007,-0.03950999436609803,0.18814481162402769,-0.18028472325426076,-0.2675799335273825,0.014372994935369374,-0.20630977488879085,-0.16293950973035778,0.20016071775073263,0.3040204360763505,-0.05322733520326106,0.17305951632485414,0.10072663230795137,0.10560775587559007,-0.2344030235989284,0.1156458573769491,0.3825483233500154,0.054080703864211925,0.0483084286122101,-0.03197395025981645,0.09715135151095385,0.030664506923459903,-0.18380566546431637,-0.0950913696246547,0.11122791469309064,0.09932972163980526,-0.06805886957680142,-0.179783242091631,-0.03451827631076189,0.1504150141321064,-0.08849168952696183,0.14302251300280197,0.26506255062940515,0.20694026996985848,0.2228944130638644,-0.205697702412532,-0.45140815796754635,0.11709360871098325,0.05536692323178029,0.02935923068794501,0.03472961449393784,-0.28886566705739775,-0.1454889930605503,0.0665891879763872,-0.26729768556068884
C5,0.03711889580306792,-0.25801272630515115,-0.2741916271442677,-0.011876067386153348,-0.17373576489522424,0.29250325938123306,0.011297392598060488,-0.19233668095174597,0.09331157533724596,-0.23902074220122493,-0.01651484813304931,-0.06420072769466093,-0.09351595325444086,-0.011904910685601889,-0.10075293336610734,-0.05685631282367892,0.21849248450028563,-0.09195230268279786,0.3282495029006384,0.1593729565927789,-0.08365146262997171,-0.013251668651747909,-0.29572342374436206,0.15995399428978568,-0.12755052188672372,0.2803879172202664,-0.11531749897248865,-0.18946423245019445,0.5072268758058693,-0.0993658488049827,0.035286789663922076,0.13517298709060238,-0.10297257126861445,-0.10200100803081563,-0.1905281429135401,-0.3819542173692623,0.029613092894100676,-0.005819294501885908,-0.14474910155506518,-0.021223606662904786,0.2943815179236395,0.034528147137997275,-0.019347733765928077,0.29041537300634623,0.22976368562975358,-0.21668539815354337,-0.04394524389901663,0.06513921528064952,0.2316697866189005,0.1794023707695162,0.33721793625762697,0.15273505684609406,-0.10764029317935107,0.22308914421065837,-0.549094053090887,0.23085051869216755,0.018948029512786194,-0.04365354262061264,-0.2831015950728509,-0.12514606112866722,-0.1648983817406972,0.32145755009368054,0.1143704435605445
TP7,-0.05368267520378481,0.2050464757907991,0.0319234208098762,0.30199799042403547,-0.2600257436792028,-0.09616659057649667,-0.1687709043320463,0.13358455647910672,-0.2928289563197106,0.27772788354467653,0.19905575932277988,-0.05375846385230763,0.03999382949316515,-0.20527236504572646,-0.123772806141026,-0.21300538667281493,-0.35106548649367797,-0.026540126221998608,0.2613304689230335,0.27883862069657156,0.03702559588553199,-0.08720414718725972,-0.3543450442553443,0.16460065122368012,-0.2368121036571288,-0.03399514553101134,0.049461198062919494,-0.10209392716518524,0.10336501221771488,-0.02714503467512094,-0.2142464381385306,-0.14699089671588897,-0.25736316360507405,-0.0765341302018642,-0.18125318940838053,0.30020407075231376,0.32003604406977054,-0.07942664128517891,-0.22230649787392176,0.4230158376875012,-0.06527675145555208,-0.10243681120101325,0.10712280514868207,0.1534532439836602,0.24052458774906257,-0.04932752665227022,0.2137215202078596,0.01211105931530362,-0.061193615692595515,0.25939414438606556,0.1863940265946538,0.21909526581774508,-0.2449217534757648,-0.04497023194219764,-0.20343436934389728,0.24377154330801903,-0.13939035701576566,0.39778456018269287,0.05072095455613887,-0.35571769475555826,-0.039535234846807765,0.028974726071519005,-0.06946564208477393
CP3,-0.1394268117836331,-0.12011354033001864,-0.19212020356497406,0.11215655302483037,-0.04294812142510729,0.287259776880531,-0.3091480654179975,0.08594390635093628,-0.06001922207831702,0.05323477980421075,0.014930680309424032,-0.26688064143245044,-0.013428643970518746,0.15482864089423096,0.04588959862331388,-0.13668855000202781,0.33390196169640846,-0.009107570844399174,0.1407538537575692,-0.0012022289651886472,0.029063606412969168,-0.20701022991721732,0.0318220512038491,0.22210626469223302,-0.07389039066213708,-0.2524218957841095,-0.13989724454571678,0.3857965156716347,-0.22510838876663158,0.26184476174442617,0.20904690889714633,0.3277778172881154,-0.04687760701685565,0.057830268722335564,0.14889812322002707,-0.05005654758405703,0.01779498647681718,0.0847933829079149,-0.19136159797584593,0.14846068317929487,-0.10539751227862712,0.20240938261726377,-0.1273856464590344,-0.20362942169534537,-0.07065489039541702,0.03038925802252238,-0.3290699879796694,0.26538748162152076,0.11013512281118715,0.12587384030374274,-0.1164793418400848,-0.08728926682542293,0.14278700875127515,-0.10588847242181439,-0.2060741871014222,-0.12696096738922405,0.03746836189137015,0.15025658500821412,0.14490890922627742,-0.3018601697774043,0.11344272950559953,-0.15843105651706607,-0.06036537876945622
P1,-0.35359032252217965,-0.002522689405333835,0.08498762040637103,0.13680086667522073,-0.30163312031950335,-0.16304513167161694,-0.2107424248689399,0.15986065087109427,-0.12370491997795464,-0.198723690209343,-0.021634918779735505,-0.11370783482409841,0.02410205784727117,-0.0218645995802302,-0.01926454657687918,-0.09706266401075028,0.1804507211606588,-0.1426286372449429,0.26461385273186294,-0.02285930810180352,-0.2600142238899632,-0.14682923227277192,-0.24005464337596488,0.13965827328487485,-0.44802923448037907,0.004655162843356731,-0.144288724630999,0.07951554008914286,-0.26485002316216083,0.20675012255693076,0.29685811307683657,0.35962223844281493,0.04364836383809785,0.1293092589561169,0.042692150955698255,0.17158423711644302,-0.034004413992823196,0.17082382346282388,-0.05192989815801831,0.08699908592604218,0.09803240811013329,-0.12173404582083194,0.04650081555808143,0.08760196332493383,0.08117593690579453,0.09318339955563734,0.06951055023379524,0.17531995821428994,0.13181699440827577,0.16625163832013082,0.15669613186053533,-0.024964028410023993,0.2959440526776084,-0.11197039634411475,-0.16804988014391206,-0.03788194628114878,0.14406069668063198,0.09062215034098871,0.06887646422585303,-0.20674293236963123,0.24614796890625518,-0.291220289946053,-0.1891245481924952
P5,-0.20040868480137336,-0.01053297751457321,-0.024437987582826316,0.10018357046555522,-0.16151894476542766,0.07645517942883596,0.026193403976464958,-0.10326235385282928,0.06897110486697289,-0.06881136251790092,-0.14142764297394303,-0.03960469754967557,-0.025945071148560074,0.16292210652694766,0.06069152307886144,-0.004760276221042686,0.2087038120994722,-0.06323119621715532,-0.009833801708245663,-0.06356851504453251,0.00606682428995586,-0.31487016212095803,-0.07130862224062007,0.27725049123447015,-0.013546243306308355,-0.0671269298461962,0.13687643066576297,0.14439776733732748,0.07580931660250961,0.22410344119775072,-0.04870805113455541,0.027607992121295423,-0.10676007931459591,-0.07719480246489874,0.170809300180605,0.0030912575229319556,0.24827348235146263,-0.03799805198554116,-0.011446291009651331,0.33585588717715686,0.08547876661051751,-0.2719604334255251,-0.018857161556562786,0.002595134259157351,0.03864221322709932,-0.05574369932482613,-0.196087806252662,0.18761729635268481,0.02496869740334916,-0.09769083361986161,-0.2826406705665804,0.1387518011683573,0.05055583028061242,-0.1427789026386566,-0.16757117916865524,-0.09076800451574667,-0.10045746461965159,0.031756959802041955,0.0992666166294776,-0.0027033562879326747,0.06048818447666557,0.11403525896687507,-0.0948573930031053
PO7,0.10575487718367349,0.05890277095107423,-0.19205792554582518,0.18051346236810065,-0.16119015633317546,-0.1364779060492734,-0.053151543216796014,-0.08102335105646097,-0.1347697082801998,-0.0505924185275851,-0.4346857026106834,-0.26095206614067357,0.13425673891198137,-0.06170540261015642,0.00012151018638778668,-0.01784197980245562,0.20725035399779304,-0.032739178263735236,0.15169406471302596,0.1114508883523439,0.09295630002320057,-0.10305021279650287,-0.30206535539428786,-0.04711731342373301,-0.14524192706573547,0.14009185940196725,0.02913486034539331,-0.0029825702759871398,0.21710469385734654,0.2532910924510167,-0.07805189660765303,-0.07863436807702925,-0.26841725991394105,-0.16932281114962822,0.24251284849801652,-0.06899918451881674,0.05835159348732897,-0.05315928248213663,-0.0786053572378055,0.3647054894379868,0.18310151249407106,-0.05701466669027714,0.1138755054023907,0.1339869176740562,0.1098867346017804,-0.27978776882077305,0.14549843759051495,0.27644890208495887,-0.15051551752316164,0.22091579738164527,-0.02657509832273988,0.4780934560820934,-0.029268664810677265,-0.10322751333664777,-0.3602804523190818,0.3576319680006644,0.012499449750900624,-0.10309419760322777,-0.013149340361669721,-0.2028078381495827,0.07851178008400547,0.007945089987934079,-0.12793301998353632
PO3,0.032534872378414695,-0.29658533453490266,-0.08638196000577261,0.26228676910873266,-0.06410197705821877,0.16263573270589346,0.011921559092038882,0.29200444018046096,-0.25531809870685707,0.04490703544191662,-0.10843411905524382,0.022674721320393564,-0.23626387132647492,-0.10681543931238527,0.07463329573236842,-0.12030757227897003,-0.057039864340708187,-0.15329047097130785,0.18089745080231373,0.0649843520464883,0.10113422857870005,0.08749990078397525,-0.2041970846107986,-0.2555533032679654,-0.11338120578613432,-0.1826547710600609,-0.0890107693312782,0.25197358358900734,-0.025551048204357128,-0.1438807455001451,0.38917731305658937,0.48405855472768244,0.17399505028113949,0.39319797718065813,-0.252256483733837,-0.0647392203821201,-0.07738548476981767,0.17537161305945195,-0.2779399111534525,-0.07909324086510748,0.02970137563807526,0.0761424517874649,0.16319457599596388,-0.05456797103285781,-0.35490459555966203,0.6757795226465032,0.06234422421780496,-0.10647668694777747,-0.047366780758176824,-0.029752442690828385,0.15427391867668466,0.19198262691682827,0.041496036381839824,-0.10470693328307247,-0.17799750579666823,0.053469095109298426,0.2552461160591855,-0.07245458644181725,-0.1977852908087248,-0.13017388652508868,-0.15444830300676976,-0.2497632779253224,0.021061843536807665
POz,-0.21468291820626081,0.08243091761233452,0.1837844381149202,-0.2002348704574794,0.21047970441960737,-0.02564322282659436,-0.36698713508072717,-0.2676802067781729,0.031926289533931264,-0.113125833772247,-0.1369008203211156,-0.1740848151670119,0.12137557065278967,0.43373691242452567,-0.039191872509537956,0.01496106914235221,0.05891778218194273,0.15241373994414725,-0.4360633199485435,-0.08858315088001036,0.27104409376582256,-0.4726413077174243,-0.013295531214129283,0.2287580075480214,-0.19149490668955438,-0.16655438951708493,0.0866417985568041,0.433258991051764,-0.34368089262628526,0.5150490090888555,-0.008778435039200243,0.11506799915789027,-0.17921164483337154,-0.06518762462586482,0.3043347441251651,0.16400554623158914,0.1575744346683119,0.09876345795947328,-0.10119132081825674,0.039677865771735175,0.25016023702200074,-0.33795628572725683,0.07821800606675994,-0.12334874446726739,0.10722748422172163,0.059410845371140754,-0.07530033676752461,-0.04375638277987118,0.035004813762613385,-0.5541269758085237,-0.39485030450425285,0.22359716518248962,-0.057754034184490724,0.04988732455553948,0.13086531227611092,-0.05095549093002666,0.275198667609364,0.05558363797042558,0.4110150144694424,0.022938649852071738,0.16778163670584534,-0.16911196715681406,-0.15871642566260757
PO4,-0.2372425249243744,-0.019011716162208356,0.15906148447426594,-0.05834470056063034,-0.12791818017600728,-0.06056419035766619,0.11886511994964183,-0.35583287887506215,-0.008262238363112072,-0.29927029466519955,-0.0013402792335122757,0.006378231378381663,-0.0567086082140223,0.13387871704869583,0.07253560986587719,0.20167189005269834,0.23275056347997328,0.0046632502724512385,0.19666730599390922,-0.4124647772756504,-0.24688716563252652,-0.18619873067337478,-0.21011841598909833,-0.16878938287266249,0.08773641061171734,0.2820708503216198,0.08326394482782892,0.05822402122514073,0.24307801776484406,-0.1313554932491096,-0.29442977317946606,-0.42681156287133876,0.08971153614134104,-0.34691715250129235,-0.0027810082656466516,0.1917083967027379,0.3860014526970403,-0.2428491536677104,0.031469621670851954,0.12843263589345977,0.05305180184185216,0.15016605901375754,0.12489918063247171,0.2567674759198916,0.22987309735224115,-0.2010666246595993,-0.05502823195653916,-0.1899523894436721,0.24661745571350668,0.03083206337421597,-0.036170236502555395,0.6422526842554397,-0.25935039231182144,0.12902391627682766,-0.19308573941414603,0.337365803764349,-0.1794768360220889,-0.0069840830559701065,0.04989702609941797,-0.02529386568995245,-0.23474510323750786,0.1807063472582617,0.13562975812881514
PO8,-0.14496523665255936,0.14161902044074778,-0.11726872261705007,-0.10691403721112473,-0.24568361807789582,0.05417724039738214,-0.12086635292090094,0.08267087802676713,-0.4011630737723295,-0.1904333723364673,-0.06279714677534264,-0.03277208519171697,0.017062214576252822,-0.06378069638677365,0.21154335718102216,0.3736566451373952,0.046733594478850345,0.03872047420530167,0.16930665992489316,0.23364035979482872,0.09184406406558006,0.028715218029638855,-0.11570852614359681,0.209605613281168,0.039950209614500985,0.14376660217602966,-0.09176549897484208,-0.0352600268679992,0.3831615421257201,-0.08293857920961302,0.0329664973821361,0.08939503102802064,-0.24527749252071818,-0.07778899106762449,-0.004586547693234944,0.01702179191295705,0.3100547663912346,0.1503724564515509,-0.11597660726432715,0.3966625200285646,-0.03619431750679781,0.06329580853062236,0.10299366505676899,-0.007719545726266082,-0.23737102011181843,-0.09516817606330587,0.03246383210174291,0.16823456171884785,-0.23777513344365672,0.1402270381096085,0.03850727937422151,-0.030858825612721033,-0.000843244750030851,0.24513330311408674,-0.39032483359767783,-0.1264163475993067,-0.47109085956146124,0.16000555388022983,-0.1620697097624737,-0.20437136427713437,-0.06286679127907624,0.2630653195007948,-0.1575563370616219
P6,-0.1160482217075976,0.17407338063592367,0.057290282342091464,0.028985446644626295,0.1113212844792901,0.12066105256671819,-0.2669383016047833,-0.4826731344620455,-0.021427752615206675,-0.4041437941771725,-0.2745718629210862,0.06207919371443905,0.08942611058829625,0.24481722672837256,0.3508702085502615,0.26553384048085754,0.2650418496763771,0.07025323808090025,-0.11554110801949567,-0.1937166848884154,0.03550192421424043,-0.30390555778059863,-0.2528040523775206,-0.051035767506958145,-0.22176479622770298,0.006112618187595108,0.14800557117987959,0.23824768265003296,-0.05252918786586075,0.4449397338105469,-0.20486198527082397,-0.42591876090706504,-0.14155023994179014,-0.15384831716389552,0.3873577566896106,0.08816539338485285,0.20246898557643778,-0.30961852219316616,0.032570914260135746,0.19241005470079703,0.25934948874540315,0.10681663354380808,0.18234581224999696,-0.08114163576610081,0.1087937639202603,-0.02149469097256266,-0.5613884956647722,0.023933136509334593,0.10492759732494521,-0.1817091419105674,-0.5967227346091092,0.36882687275124487,0.07865037792026638,0.17772696710670094,-0.051923555172206155,0.19124311454793455,0.1459756497885777,-0.016179942975671022,0.3552082242866996,-0.1017966959352448,-0.003385115692565871,-0.006934762449791634,-0.1043565690576786
P2,-0.23160080515975226,0.11039691355247312,0.10871941665975778,0.3534991461807503,0.13224186606680602,0.0017384248928029435,-0.3935455171737159,0.10757474065544263,0.004063608864355781,-0.029855172185962033,-0.23337720117076702,-0.17888585856867462,0.1257098191304032,-0.07814473682503217,0.19107146340412345,0.10387483476346526,0.0951418796855421,0.061002657051984224,-0.7416377032647081,0.052605668072902324,0.05618664602307034,-0.2749416123000126,-0.16357853127424465,-0.21202437235017468,-0.28726231203120905,-0.01954143274037869,0.2774249121645502,0.2512616696231406,0.09857820584504821,0.25534770317481315,0.04547974611740694,0.01031825754020074,-0.1026406051650845,0.18485268449332143,0.12256687942830699,0.28085412238371377,0.37626548090910594,-0.025355473982857743,0.08390025742011023,0.4346861409601714,0.15882175604461266,-0.24172249093215245,0.03537917777075777,-0.4546672116207079,-0.14552319068980005,0.036498484351983995,-0.5735593075074434,-0.02970606641604401,0.05669139982529249,-0.8698846059060352,-0.14541674560115336,0.21050588735952905,0.04972620828591333,0.3478163968912823,0.1517136669306208,0.034621140495982444,0.2022381773087736,0.26791136899393037,0.08464403440084173,-0.04048582805591955,0.10300275590333213,-0.17888692814631932,-0.012689890558473034
CPz,0.43120426824435193,0.30592963971109854,-0.11424596651453996,0.28833754196342093,-0.18018002106472344,-0.02525958738852113,-0.07834534246449508,0.10628647860292972,-0.30401212180631804,0.1817595345403207,0.015280382177362115,0.07107580609395511,0.21963114691804048,-0.18402139445733168,0.04706045056530529,0.11966751061357989,-0.029770021770673807,-0.13823592476594138,0.26929775246752763,0.2275553321448249,0.2757243902927916,-0.12251937603975406,-0.09603579011205302,-0.10688638951967042,-0.32606658219510876,0.0805945741604712,-0.17595998882131073,-0.10815216916190208,0.40873453185826164,0.3760051404749096,-0.1542372422237156,-0.012471236755431854,-0.5160638480153409,-0.19853549242669952,0.3743550685747204,0.010564891774838272,0.224980865075879,0.04290083661360913,-0.24658305676039877,0.20067332349622405,0.034691413204641704,-0.47621044994623624,-0.384382814977515,-0.09846721558437095,0.2996651501217231,0.06890356429573737,0.013697019206876921,0.5696742141324431,-0.12117275700487601,0.2481587207411081,-0.09356915584502856,-0.4798329185258886,0.1641387064161625,-0.1273038287348432,-0.6996151815908098,0.12694803212806827,-0.04309063548960749,0.08165980450805427,0.1017596603949735,-0.4843001634532013,0.10464945742931163,0.5669268014638984,-0.5329653369911137
CP4,0.04635688879523968,0.041027288297753935,0.05173382406286861,-0.05198241594685304,-0.04544651304565934,0.060897162747974104,-0.15052072804089406,-0.022039904306668648,-0.3357967397935814,0.14869425121770413,-0.04599057491309245,-0.16208085080468693,-0.09067227837714806,0.02369162886947693,-0.1659755456957025,-0.4276181310421658,0.030603829568480023,0.006107154868723389,0.31666456803070536,0.07298955763071968,0.17313252216822222,-0.10250725462957691,-0.16286037954541682,0.0947065413259476,0.10595921931496817,-0.17872927472333097,-0.02484962466613702,0.02588040539031687,-0.007180396699427376,0.0951560025735898,-0.2321556781446529,0.009180405195229665,-0.0638830641649895,-0.07554241333007354,0.1423183214743096,0.051160882480695974,0.0010209175641759732,-0.14086809322000368,0.14961644799061152,-0.06825208554430787,-0.30787490874373946,0.11962126777100292,0.2933039544559218,0.15139269683075157,-0.02583083620612231,-0.11462086051880534,-0.0008819280910570311,-0.19582611565723396,-0.07716640694959676,0.12128079859347728,0.15758829262236493,0.3216349858902674,0.38742463247551323,-0.23441984355233764,-0.022205276140097496,0.05614727425781934,0.1250510175673409,0.24665884043756756,0.08022971390190889,-0.11012579687376015,-0.048096017577684474,0.033620121159500554,-0.048851478586346184
TP8,0.2967123925682397,0.047238887214265855,-0.1758727303095196,0.2548387953176299,-0.23252755209430553,-0.16237830419545582,-0.1884782889046932,0.29019532697580314,-0.22629152713351966,0.032625264668268344,-0.07333322116451033,-0.013902348428867051,0.038342303035798025,-0.1823814368408021,0.14116138162275196,0.17672932355661455,0.061355776264702844,0.017472746275533493,0.14928897415613157,0.4680679503555906,0.1350776958966741,0.04849881516175614,-0.12812567734526858,0.23370392660687342,-0.07443194095739111,-0.08789284138519894,-0.14308308180212304,-0.2209140469808422,0.295479013872101,-0.1686224561646868,0.054477786956911876,0.17502737923131595,-0.20675184917987807,0.13866208980763822,-0.11285173882626925,-0.02052265803863341,0.16833253106534427,0.06997780101509632,-0.17221810845148322,0.40306245961386045,-0.07223059897955997,-0.1316031573445629,-0.060760169428139256,-0.12264675922248003,-0.10291968619514608,-0.11286197755541316,0.041878126620094616,0.06976727925697124,0.23546294655188746,0.13791660442617037,0.3048426210657361,0.06281118296837647,-0.15674486240500202,0.015581571817233792,-0.5090264505014238,0.12776178143103517,-0.2888902794614193,0.17433400376096655,-0.17086382013512008,-0.33040708925186557,-0.10100225413004706,0.08696549449955748,-0.20311332082330358
C6,0.2681453810150286,0.0902901842905898,0.2182936157352441,0.26402655283417825,0.18734635227815635,0.03715497781460876,-0.14915003667021057,0.22133892515931536,-0.4217181548661559,0.1871828248607332,0.24997285322715768,-0.05068953796368768,0.08838234149239836,-0.14874161218862747,-0.007958880217562372,-0.32351414574882775,0.056656330887211406,0.006009702445331035,0.0061447753512599915,0.05127996863152404,0.11261434322760455,0.1660817692358526,0.11588443881410061,-0.11751398475892534,0.12516489424214355,-0.19369128373963973,-0.1387760223372345,-0.037494294499620426,0.0006212215141603069,0.1645972353121903,0.01617498999076643,0.1683401143744199,-0.10275490099063307,0.1727620531699923,0.06085682394807848,0.13082613843881363,-0.11391815755419388,0.07400881751886934,-0.3051412923391642,-0.15016057979329855,-0.06573155761774079,-0.13152013589486067,0.020533079356037147,0.03276239969919202,-0.3044888223962589,-0.10989753332132192,0.2810139858584388,-0.13135911006845724,-0.285814536045273,-0.024642699475036584,0.3039813921597338,-0.14068812791956428,0.1583974739656313,-0.3361132140482419,0.33755944666569515,0.07304289865333634,0.30389510917588125,0.02807360914522657,0.01275329304011252,-0.5076035209826305,-0.22322685862020272,0.007591924830223671,-0.27745323830186747
C2,0.1165258605550908,0.22318943866381016,0.04826081297731307,0.1274817509532538,-0.010614859572033016,0.17965407508472922,-0.5189899580751156,0.260993260165141,-0.09278926802476922,0.08331631107972405,0.12408756601877421,-0.12493529784097954,0.29602929989068383,0.13518176175181187,0.2180865543957647,0.15004304678791247,-0.2666513927239718,0.05574893088645773,0.032481461212521656,0.18969295811000414,0.30019495511090577,-0.6162722397677787,-0.05503081519184012,0.24597280831854845,-0.43274050902468525,-0.06994755870357595,0.08996318044796206,0.03292008661279012,-0.10220651741328157,0.25045958335058544,0.05749329764011311,0.2389649376910055,-0.810003755750383,-0.09326576017479651,0.32271121551474036,0.1393452176423644,0.06783390949326701,0.08999252801948723,0.07820121363642318,0.230209239075105,0.19911498205054484,-0.4119428525350685,-0.049705489555531286,-0.30585518436328485,0.32937517136982725,0.10732359680992702,-0.2731224842302335,0.3438060535672578,-0.31926729130474696,0.004852840642726211,-0.0708393524731757,0.2221307040620509,-0.022875180950229706,0.06401325839018394,-0.07959066040380933,-0.3323392589076921,-0.2506967149515412,0.2172495177213956,0.2073055726109829,-0.5158556471006523,0.021319500544297598,-0.19574514068764903,-0.08024326912866014
FC4,-0.21520032076681717,-0.04399596189172092,0.07176841913839546,0.24730354372407626,-0.09514027242686818,0.1264482717880932,0.2211905646734885,0.24636184555518034,-0.4711641219209802,0.2806268944152366,0.13904821362433784,0.1377297750516148,-0.0019026475137375557,-0.4318932395383999,-0.4592462090910703,-0.3311508550936807,-0.11624516936449779,-0.3117077242870894,0.10002456465982469,0.02346768882000869,-0.02830240526240683,0.2604851949996965,0.2775160928473864,-0.004230369290974391,0.05286028510150501,-0.21055319896800156,-0.2892502340016679,0.21319746813872503,-0.06843983394457771,-0.014239213829821542,0.3063577623287812,0.5799770473262851,0.24106446447606455,0.40522169955056675,-0.11970772782779086,0.07406462846693211,-0.1540874468729352,0.31408861752446593,-0.01005474561881589,0.07394853174850237,-0.11330584353778216,-0.041950466371855934,0.13509545225446265,-0.10774533408512423,0.015853229397813435,0.17778014155522712,0.26377823060862926,-0.13935216602827066,-0.5230622749395203,0.12711583948828062,0.23454520947654403,0.09544481541174814,0.1114656676037808,-0.4367577626893424,0.030253907893284977,-0.16013599050912194,0.03352809536655001,0.0005450522244543264,-0.3500939477213229,-0.2492141624431571,0.08080894591995541,-0.14840030836889453,-0.052436206953651525
FT8,0.19197528242968656,0.09564242298709764,-0.0742087423107269,0.21444197012518504,-0.02449793065077605,0.2012465330609366,-0.03223219685442743,0.10044492688306059,-0.29962827815250154,-0.15780239637609444,0.12167350334471055,-0.055857468056038896,-0.11456700135222388,-0.004600977466242462,0.18268222471284853,0.05841820461863789,-0.03931536973620414,0.05335658071316411,0.0880410861505548,-0.01865056381967055,0.16139951132848515,-0.07817952422428812,-0.17912163601757664,0.2544624423614414,0.09784930327948368,0.15541761063795184,0.004204175594820278,-0.08111467058502635,0.2024481096211859,-0.01620658030542112,0.050487403053847586,-0.013707303520638432,-0.12129213802913111,0.01395063539308214,0.03339361278535936,-0.17493127446146584,0.050164570919864176,0.15201860026435796,-0.10878036064295699,0.019803857981006232,0.23022825903482141,0.04928466450734757,0.017900515994889486,-0.07532972470091677,-0.28727379019813726,-0.12733204888435826,-0.029187460314131757,-0.05999023953375362,-0.05316994343579427,-0.05502472148142156,0.16603033518271426,0.10538892062439945,0.13394908306918446,-0.06879527070238231,-0.34426967384967616,0.18753411380123305,-0.049043394288050005,-0.14731172293694206,-0.09784147978608318,-0.19742957879335127,-0.2238797129235844,0.15509511667390877,-0.13836040274527273
F6,0.13494568157963815,0.02800398757812999,0.07358228576460729,0.26567908186294875,-0.10795327032013947,-0.056528550550500524,-0.04516772857236193,0.05041502918510492,-0.31552045720778477,0.01987540544307726,0.09398298691978256,-0.14267367000405345,-0.009263049378585535,0.05032320091144713,0.09656392948872135,-0.224810754337087,0.005447840240957969,0.0011526484016858634,0.2737433971729912,0.1328728300326754,0.09014394745442084,0.014965092165166278,-0.12742461680843004,0.2738306554323479,-0.0803023412534519,-0.030209029238488734,-0.11162528661771784,-0.05794709473340979,0.027363029014125424,0.06280436368900306,0.006440707974993185,0.09650098649625298,-0.13350699494284005,-0.018375887413102938,0.005422423218525145,0.18129470442314397,-0.10337882526024633,0.0748174786631698,-0.05084190993635613,-0.05478013084543277,-0.033737957795140466,0.046541802938755,0.031009267100355883,0.08217981386185619,-0.06738533580841811,-0.16366036688993071,0.2564750252630876,0.025308483993304414,-0.1771872059333536,0.26240249595358595,0.0944630128723997,0.15262575052801305,0.04918957384724425,-0.22824531899524378,-0.27053941323664826,0.14939868802220435,-0.26652981956205624,0.09555273432650441,-0.024459461978130058,-0.2952660271386653,0.02275909820681107,0.028773071399214856,-0.15953000666867737
AF8,-0.03677627839793724,-0.04745231340977343,-0.0808264167421977,-0.03599935971478196,0.03194899454168804,-0.10748579371058249,0.01981469519159943,-0.09744695606956798,0.13224587799793883,0.3781350303543952,0.46396251639272645,0.1644529892862576,0.07363737864345696,0.15588110417600168,-0.056309114200187096,-0.19040997352049538,0.22120540466215285,-0.2200729300147718,0.03202010809188618,0.0,-0.005918713599303077,0.28855875078194465,0.0513318823042545,0.02541936859344453,0.09126229797945849,-0.4594251225934981,-0.11002479632716156,-0.06432692314814034,0.06940979850176321,-0.22586026434852374,0.6032061496691666,0.5106411814832914,0.3633442275891714,0.455015295794282,0.04008602406989419,-0.20582439079987613,-0.2675315939858716,0.4180633701399004,-0.29602255832812097,-0.014697778574433149,-0.39832194592538983,-0.23280112782249496,-0.1117673524434256,0.3705688012642103,-0.2020667833139698,-0.14925383744779236,0.17521827385700933,0.04706419917135561,-0.14217469070474698,-0.08325978554480341,0.13076244580303734,-0.2061892268143915,0.145380278775416,-0.3260314178169876,-0.6244227511582896,-0.2863024582869285,0.09214247149036908,-0.16683806512041743,-0.36188087475673925,0.7563422163451339,-0.07985455841665852,-0.08638418149785106,-0.3271607983950961
AF4,0.024829763886215956,0.00489814889033143,-0.2086980373094836,0.16920856068441825,-0.1603474650530396,-0.03458743536578346,0.1621733928627571,0.09019096966355723,-0.3051103845626898,-0.14903317365265803,-0.14398583398047834,-0.2337747153557349,-0.421358197239904,0.07277519613266352,0.050413413312426915,-0.15200576258108148,-0.07501264370458871,-0.13244165651311035,0.2313876630575209,-0.023640128966918854,0.316412199522709,-0.32098932984398526,-0.1212614976705182,0.20032893645410832,-0.0651293319815632,0.17233684125537765,-0.06959419315735503,-0.04098261792546047,-0.07217307371569902,0.08991090181177264,-0.01719371848934103,0.015570534398057096,-0.03577083692889204,-0.10941318294408801,-0.0708026346658337,-0.12948628891988218,0.2055123646692784,-0.01907172672088231,-0.12358550448521256,0.054758771731983534,0.011152265862215186,0.11354765553697842,0.2566038146384202,0.2070659102942006,0.13035949641118447,-0.08236043229532287,0.21590003291231916,-0.033880987805428434,-0.03103420283965611,0.15127267271367592,0.14896622900102882,0.2763532387429223,0.03235488043933032,-0.07656914931608555,-0.28694867360578025,0.24942704793965803,0.0772011351410076,0.1199124453177587,0.18575790694586483,-0.05708381187748819,0.030481088505749397,0.008530593684783734,-0.2722674429463301
F2,0.17474000613812748,0.027293756113540676,-0.13222907748258478,0.0653061921037647,-0.1289214828582619,-0.04912752350305461,-0.2049665093118045,-0.16158986313138948,-0.20581273941854406,-0.0739525279164444,0.10258731212366055,-0.0023357919109081465,0.10782850341333872,0.11367823595750537,0.08859396146603506,-0.08837485369329912,-0.09770281636364542,0.13827086688685822,0.18983008916070435,0.21427682433156536,0.20762088132208653,-0.3683879038698366,-0.24208735629958952,0.3852788750141379,-0.18672153952357004,-0.030053926361249688,0.07412057239894125,0.09872014670046975,-0.002930778895286071,0.08248372464692641,0.014516944597713893,0.09212106717830101,-0.13447304300799784,0.010251078483503396,0.2934590745090704,0.0041831697518039945,0.12245418352549593,-0.05913763510186666,-0.09735916418917602,0.33730895458299914,-0.03980449001812245,-0.16240152492417012,-0.2299070018907598,0.11042770700471607,-0.033119491457441266,-0.26446597138422695,-0.18834570635577896,0.15657540531245126,0.19482565936943647,0.019482047906978762,-0.093746640662616,0.47488675061639374,0.013593482883176033,0.019330748593133988,-0.15060623077542917,0.004734327198387572,-0.11670321695357101,0.2856662338833412,0.018171319109555474,-0.1179512744111395,-0.12070514438432164,-0.1383212572792145,-0.3203756189488207
FCz,0.08031257388267084,-0.05243283219126174,0.07651750726388756,-0.03499742963818951,-0.05624926685199647,-0.15325591538937863,-0.23693072297599585,-0.006495134667563343,-0.15790309878767597,-0.07761395042420557,-0.02747936284678056,-0.12152436223064084,0.09206360944859779,-0.02988369581993054,-0.007817698668445765,-0.2077528334142552,0.12016611277842205,0.22266288727357894,0.36411932500451166,0.09368370578879875,0.08320764248052696,0.016542517172769864,-0.321735946369453,0.0713029760786932,-0.1432847606164279,-0.3189181044540775,0.01936089882453278,0.2912491106049864,-0.258327162139895,0.03562437609618249,0.10030947226660201,0.18910110365470822,-0.30705336497742136,-0.1542854498710546,0.18433226169463962,-0.0019649024378394215,-0.20551410351328558,0.2658975928794013,-0.20211704124384589,0.3048208309227569,0.042524892235276515,0.11509434274851663,-0.009307699499115378,0.12673424036143432,-0.0038106073676484123,0.04716109744432971,0.02245225185148669,0.26086310869824453,-0.09207306105746041,0.13072105193257494,0.1734175190318882,0.024193467017071528,0.160579463762591,-0.17885298790428225,-0.3348976549093662,0.14079953998526368,0.08303051461135741,0.03838999562719743,-0.07676670895121772,-0.28551806703244875,-0.24017930530568654,-0.1073242335203293,0.4350314756536752
