,Fz,F3,F7,FT9,FC5,FC1,C3,T7,TP9,CP5,CP1,Pz,P3,P7,O1,Oz,O2,P4,P8,TP10,CP6,CP2,Cz,C4,T8,FT10,FC6,FC2,F4,F8,AF7,AF3,AFz,F1,F5,FT7,FC3,C1,C5,TP7,CP3,P1,PO7,PO3,POz,PO4,PO8,P6,P2,CPz,CP4,TP8,C6,C2,FC4,FT8,F6,AF8,AF4,F2,FCz
Fz,0.0,0.0,0.0,0.0,0.0,0.0,0.0,0.0,0.0,0.0,0.0,0.0,0.0,0.0,0.0,0.0,0.0,0.0,0.0,0.0,0.0,0.0,0.0,0.0,0.0,0.0,0.0,0.0,0.0,0.0,0.0,0.0,0.0,0.0,0.0,0.0,0.0,0.0,0.0,0.0,0.0,0.0,0.0,0.0,0.0,0.0,0.0,0.0,0.0,0.0,0.0,0.0,0.0,0.0,0.0,0.0,0.0,0.0,0.0,0.0,0.0
F3,0.0,0.02127659574468085,0.0425531914893617,0.0,0.0,0.0,0.0,0.0,0.0425531914893617,0.0,0.0,0.0,0.0,0.0,0.0425531914893617,0.0,0.0,0.0,0.0425531914893617,0.0,0.0,0.0,0.0,0.0,0.0425531914893617,0.0,0.0425531914893617,0.0,0.0425531914893617,0.0425531914893617,0.0,0.0,0.0425531914893617,0.0,0.0,0.0425531914893617,0.0,0.0425531914893617,0.0,0.0425531914893617,0.0425531914893617,0.0,0.0425531914893617,0.0425531914893617,0.0425531914893617,0.0,0.0425531914893617,0.0,0.0,0.0,0.0425531914893617,0.0,0.0425531914893617,0.0425531914893617,0.0425531914893617,0.0,0.0425531914893617,0.0,0.0425531914893617,0.0,0.0
F7,0.0,0.004545454545454545,0.04090909090909091,0.0,0.0,0.0,0.0,0.0,0.03636363636363636,0.0,0.0,0.0,0.0,0.0,0.045454545454545456,0.0,0.0,0.0,0.045454545454545456,0.0,0.0,0.0,0.0,0.0,0.022727272727272728,0.0,0.045454545454545456,0.0,0.04090909090909091,0.045454545454545456,0.0,0.0,0.045454545454545456,0.0,0.0,0.04090909090909091,0.0,0.04090909090909091,0.0,0.045454545454545456,0.045454545454545456,0.0,0.045454545454545456,0.045454545454545456,0.045454545454545456,0.0,0.045454545454545456,0.0,0.0,0.00909090909090909,0.031818181818181815,0.013636363636363636,0.045454545454545456,0.04090909090909091,0.045454545454545456,0.0,0.045454545454545456,0.0,0.04090909090909091,0.0,0.0
FT9,0.0,0.0,0.0,0.0,0.0,0.0,0.0,0.0,0.0,0.0,0.0,0.0,0.0,0.0,0.0,0.0,0.0,0.0,0.0,0.0,0.0,0.0,0.0,0.0,0.0,0.0,0.0,0.0,0.0,0.0,0.0,0.0,0.0,0.0,0.0,0.0,0.0,0.0,0.0,0.0,0.0,0.0,0.0,0.0,0.0,0.0,0.0,0.0,0.0,0.0,0.0,0.0,0.0,0.0,0.0,0.0,0.0,0.0,0.0,0.0,0.0
FC5,0.0,0.0,0.0,0.0,0.0,0.0,0.0,0.0,0.0,0.0,0.0,0.0,0.0,0.0,0.0,0.0,0.0,0.0,0.0,0.0,0.0,0.0,0.0,0.0,0.0,0.0,0.0,0.0,0.0,0.0,0.0,0.0,0.0,0.0,0.0,0.0,0.0,0.0,0.0,0.0,0.0,0.0,0.0,0.0,0.0,0.0,0.0,0.0,0.0,0.0,0.0,0.0,0.0,0.0,0.0,0.0,0.0,0.0,0.0,0.0,0.0
FC1,0.0,0.0,0.0,0.0,0.0,0.08502024291497975,0.08097165991902834,0.0728744939271255,0.0,0.07692307692307693,0.06072874493927125,0.06072874493927125,0.008097165991902834,0.0,0.0,0.0,0.0,0.0,0.0,0.0,0.08906882591093117,0.07692307692307693,0.0,0.08906882591093117,0.0,0.0,0.0,0.05668016194331984,0.0,0.0,0.0,0.0,0.0,0.08906882591093117,0.0,0.0,0.0,0.0,0.0,0.0,0.0,0.0,0.0,0.0,0.0,0.0,0.0,0.08502024291497975,0.0,0.0,0.0,0.0,0.0,0.0,0.0,0.0,0.0,0.06882591093117409,0.0,0.0,0.0
C3,0.0,0.0,0.0,0.0,0.0,0.0658682634730539,0.08982035928143713,0.06287425149700598,0.0,0.05389221556886228,0.05389221556886228,0.0748502994011976,0.03592814371257485,0.0,0.0,0.0,0.0,0.0,0.0,0.0,0.0718562874251497,0.05389221556886228,0.0,0.09281437125748503,0.0,0.0,0.0,0.041916167664670656,0.0,0.0,0.0,0.0,0.0,0.09281437125748503,0.023952095808383235,0.0,0.0,0.0,0.0,0.0,0.0,0.0,0.0,0.0,0.0,0.0,0.0029940119760479044,0.059880239520958084,0.0,0.014970059880239521,0.0,0.02694610778443114,0.0,0.0,0.0,0.0,0.0,0.08083832335329341,0.0,0.0,0.0
T7,0.0,0.0,0.0,0.0,0.0,0.08130081300813008,0.08536585365853659,0.08130081300813008,0.0,0.06504065040650407,0.06910569105691057,0.06910569105691057,0.016260162601626018,0.0,0.0,0.0,0.0,0.0,0.0,0.0,0.08536585365853659,0.06504065040650407,0.0,0.08536585365853659,0.0,0.0,0.0,0.056910569105691054,0.0,0.0,0.0,0.0,0.0,0.08536585365853659,0.0,0.0,0.0,0.0,0.0,0.0,0.0,0.0,0.0,0.0,0.0,0.0,0.0,0.07317073170731707,0.0,0.0,0.0,0.0040650406504065045,0.0,0.0,0.0,0.0,0.0,0.07723577235772358,0.0,0.0,0.0
TP9,0.0,0.004901960784313725,0.04411764705882353,0.0,0.0,0.0,0.0,0.0,0.0392156862745098,0.0,0.0,0.0,0.0,0.0,0.04411764705882353,0.0,0.0,0.0,0.04411764705882353,0.0,0.0,0.0,0.0,0.0,0.024509803921568627,0.0,0.04411764705882353,0.0,0.04411764705882353,0.04411764705882353,0.0,0.0,0.04411764705882353,0.0,0.0,0.04411764705882353,0.0,0.04411764705882353,0.0,0.04411764705882353,0.04411764705882353,0.0,0.04411764705882353,0.04411764705882353,0.04411764705882353,0.0,0.04411764705882353,0.0,0.0,0.004901960784313725,0.03431372549019608,0.00980392156862745,0.04411764705882353,0.04411764705882353,0.04411764705882353,0.0,0.04411764705882353,0.0,0.04411764705882353,0.0,0.0
CP5,0.0,0.0,0.0,0.0,0.0,0.08133971291866028,0.07655502392344497,0.06698564593301436,0.0,0.0861244019138756,0.05263157894736842,0.05263157894736842,0.0,0.0,0.0,0.0,0.0,0.0,0.0,0.0,0.09090909090909091,0.09090909090909091,0.0,0.09090909090909091,0.0,0.0,0.0,0.06698564593301436,0.0,0.0,0.0,0.0,0.0,0.09090909090909091,0.0,0.0,0.0,0.0,0.0,0.0,0.0,0.0,0.0,0.0,0.0,0.0,0.0,0.09090909090909091,0.0,0.0,0.0,0.0,0.0,0.0,0.0,0.0,0.0,0.06220095693779904,0.0,0.0,0.0
CP1,0.0,0.0,0.0,0.0,0.0,0.07834101382488479,0.08294930875576037,0.08294930875576037,0.0,0.059907834101382486,0.07834101382488479,0.07834101382488479,0.018433179723502304,0.0,0.0,0.0,0.0,0.0,0.0,0.0,0.08294930875576037,0.059907834101382486,0.0,0.08294930875576037,0.0,0.0,0.0,0.055299539170506916,0.0,0.0,0.0,0.0,0.0,0.08294930875576037,0.0,0.0,0.0,0.0,0.0,0.0,0.0,0.0,0.0,0.0,0.0,0.0,0.0,0.06912442396313365,0.0,0.0,0.0,0.004608294930875576,0.0,0.0,0.0,0.0,0.0,0.08294930875576037,0.0,0.0,0.0
Pz,0.0,0.0,0.0,0.0,0.0,0.060714285714285714,0.08928571428571429,0.06785714285714285,0.0,0.04642857142857143,0.06428571428571428,0.08571428571428572,0.039285714285714285,0.0,0.0,0.0,0.0,0.0,0.0,0.0,0.06785714285714285,0.04642857142857143,0.0,0.08928571428571429,0.0,0.0,0.0,0.04285714285714286,0.0,0.0,0.0,0.0,0.0,0.08928571428571429,0.025,0.0,0.0,0.0,0.0,0.0,0.0,0.0,0.0,0.0,0.0,0.0,0.0,0.05357142857142857,0.0,0.014285714285714285,0.0,0.02857142857142857,0.0,0.0,0.0,0.0,0.0,0.08928571428571429,0.0,0.0,0.0
P3,0.0,0.0,0.0,0.0,0.0,0.02127659574468085,0.07446808510638298,0.031914893617021274,0.0,0.0,0.031914893617021274,0.06914893617021277,0.11170212765957446,0.0,0.005319148936170213,0.0,0.0,0.0,0.015957446808510637,0.0,0.031914893617021274,0.0,0.0,0.07446808510638298,0.0,0.0,0.0,0.0,0.0,0.0,0.0,0.0,0.0,0.06914893617021277,0.0797872340425532,0.0,0.0,0.0,0.0,0.02127659574468085,0.005319148936170213,0.0,0.0,0.0,0.005319148936170213,0.0,0.05319148936170213,0.010638297872340425,0.0,0.07446808510638298,0.0,0.09574468085106383,0.005319148936170213,0.0,0.005319148936170213,0.0,0.005319148936170213,0.10106382978723404,0.0,0.0,0.0
P7,0.0,0.0,0.0,0.0,0.0,0.0,0.0,0.0,0.0,0.0,0.0,0.0,0.0,0.0,0.0,0.0,0.0,0.0,0.0,0.0,0.0,0.0,0.0,0.0,0.0,0.0,0.0,0.0,0.0,0.0,0.0,0.0,0.0,0.0,0.0,0.0,0.0,0.0,0.0,0.0,0.0,0.0,0.0,0.0,0.0,0.0,0.0,0.0,0.0,0.0,0.0,0.0,0.0,0.0,0.0,0.0,0.0,0.0,0.0,0.0,0.0
O1,0.0,0.0026109660574412533,0.02349869451697128,0.0,0.0,0.0,0.0,0.0,0.020887728459530026,0.0,0.0,0.0,0.007832898172323759,0.0,0.07049608355091384,0.0,0.0,0.0,0.07049608355091384,0.0,0.0,0.0,0.0,0.0,0.013054830287206266,0.0,0.028720626631853787,0.0,0.02349869451697128,0.07049608355091384,0.0,0.0,0.028720626631853787,0.0,0.0,0.02349869451697128,0.0,0.02349869451697128,0.0,0.07571801566579635,0.0731070496083551,0.0,0.028720626631853787,0.028720626631853787,0.05483028720626632,0.0,0.033942558746736295,0.0,0.0,0.013054830287206266,0.018276762402088774,0.015665796344647518,0.031331592689295036,0.02349869451697128,0.06266318537859007,0.0,0.0731070496083551,0.0,0.06005221932114883,0.0,0.0
Oz,0.0,0.0,0.0,0.0,0.0,0.0,0.0,0.0,0.0,0.0,0.0,0.0,0.0,0.0,0.0,0.0,0.0,0.0,0.0,0.0,0.0,0.0,0.0,0.0,0.0,0.0,0.0,0.0,0.0,0.0,0.0,0.0,0.0,0.0,0.0,0.0,0.0,0.0,0.0,0.0,0.0,0.0,0.0,0.0,0.0,0.0,0.0,0.0,0.0,0.0,0.0,0.0,0.0,0.0,0.0,0.0,0.0,0.0,0.0,0.0,0.0
O2,0.0,0.0,0.0,0.0,0.0,0.0,0.0,0.0,0.0,0.0,0.0,0.0,0.0,0.0,0.0,0.0,0.0,0.0,0.0,0.0,0.0,0.0,0.0,0.0,0.0,0.0,0.0,0.0,0.0,0.0,0.0,0.0,0.0,0.0,0.0,0.0,0.0,0.0,0.0,0.0,0.0,0.0,0.0,0.0,0.0,0.0,0.0,0.0,0.0,0.0,0.0,0.0,0.0,0.0,0.0,0.0,0.0,0.0,0.0,0.0,0.0
P4,0.0,0.0,0.0,0.0,0.0,0.0,0.0,0.0,0.0,0.0,0.0,0.0,0.0,0.0,0.0,0.0,0.0,0.0,0.0,0.0,0.0,0.0,0.0,0.0,0.0,0.0,0.0,0.0,0.0,0.0,0.0,0.0,0.0,0.0,0.0,0.0,0.0,0.0,0.0,0.0,0.0,0.0,0.0,0.0,0.0,0.0,0.0,0.0,0.0,0.0,0.0,0.0,0.0,0.0,0.0,0.0,0.0,0.0,0.0,0.0,0.0
P8,0.0,0.002638522427440633,0.023746701846965697,0.0,0.0,0.0,0.0,0.0,0.021108179419525065,0.0,0.0,0.0,0.013192612137203167,0.0,0.0633245382585752,0.0,0.0,0.0,0.0712401055408971,0.0,0.0,0.0,0.0,0.0,0.013192612137203167,0.0,0.029023746701846966,0.0,0.023746701846965697,0.06596306068601583,0.0,0.0,0.029023746701846966,0.0,0.005277044854881266,0.023746701846965697,0.0,0.023746701846965697,0.0,0.07651715039577836,0.06860158311345646,0.0,0.029023746701846966,0.029023746701846966,0.052770448548812667,0.0,0.0395778364116095,0.0,0.0,0.018469656992084433,0.018469656992084433,0.021108179419525065,0.0316622691292876,0.023746701846965697,0.05804749340369393,0.0,0.06860158311345646,0.002638522427440633,0.052770448548812667,0.0,0.0
TP10,0.0,0.0,0.0,0.0,0.0,0.0,0.0,0.0,0.0,0.0,0.0,0.0,0.0,0.0,0.0,0.0,0.0,0.0,0.0,0.0,0.0,0.0,0.0,0.0,0.0,0.0,0.0,0.0,0.0,0.0,0.0,0.0,0.0,0.0,0.0,0.0,0.0,0.0,0.0,0.0,0.0,0.0,0.0,0.0,0.0,0.0,0.0,0.0,0.0,0.0,0.0,0.0,0.0,0.0,0.0,0.0,0.0,0.0,0.0,0.0,0.0
CP6,0.0,0.0,0.0,0.0,0.0,0.07746478873239436,0.07746478873239436,0.07042253521126761,0.0,0.06690140845070422,0.05985915492957746,0.05985915492957746,0.014084507042253521,0.0,0.0,0.0,0.0,0.0,0.0,0.0,0.09859154929577464,0.08450704225352113,0.0,0.09507042253521127,0.0,0.0,0.0,0.04929577464788732,0.0,0.0,0.0,0.0,0.0,0.09154929577464789,0.0,0.0,0.0,0.0,0.0,0.0,0.0,0.0,0.0,0.0,0.0,0.0,0.0,0.08450704225352113,0.0,0.0,0.0,0.0035211267605633804,0.0,0.0,0.0,0.0,0.0,0.06690140845070422,0.0,0.0,0.0
CP2,0.0,0.0,0.0,0.0,0.0,0.07692307692307693,0.07239819004524888,0.06334841628959276,0.0,0.08144796380090498,0.049773755656108594,0.049773755656108594,0.0,0.0,0.0,0.0,0.0,0.0,0.0,0.0,0.09954751131221719,0.10407239819004525,0.0,0.09502262443438914,0.0,0.0,0.0,0.06334841628959276,0.0,0.0,0.0,0.0,0.0,0.09049773755656108,0.0,0.0,0.0,0.0,0.0,0.0,0.0,0.0,0.0,0.0,0.0,0.0,0.0,0.09502262443438914,0.0,0.0,0.0,0.0,0.0,0.0,0.0,0.0,0.0,0.058823529411764705,0.0,0.0,0.0
Cz,0.0,0.0,0.0,0.0,0.0,0.0,0.0,0.0,0.0,0.0,0.0,0.0,0.0,0.0,0.0,0.0,0.0,0.0,0.0,0.0,0.0,0.0,0.0,0.0,0.0,0.0,0.0,0.0,0.0,0.0,0.0,0.0,0.0,0.0,0.0,0.0,0.0,0.0,0.0,0.0,0.0,0.0,0.0,0.0,0.0,0.0,0.0,0.0,0.0,0.0,0.0,0.0,0.0,0.0,0.0,0.0,0.0,0.0,0.0,0.0,0.0
C4,0.0,0.0,0.0,0.0,0.0,0.05612244897959184,0.07653061224489796,0.05357142857142857,0.0,0.04846938775510204,0.04591836734693878,0.06377551020408163,0.030612244897959183,0.0,0.0,0.0,0.0,0.0,0.0,0.0,0.07397959183673469,0.058673469387755105,0.0,0.14540816326530612,0.0,0.0,0.0,0.03571428571428571,0.0,0.0,0.0,0.0,0.0,0.12244897959183673,0.02040816326530612,0.0,0.0,0.0,0.0,0.0,0.0,0.0,0.0,0.0,0.0,0.0,0.002551020408163265,0.061224489795918366,0.0,0.012755102040816327,0.0,0.02295918367346939,0.0,0.0,0.0,0.0,0.0,0.06887755102040816,0.0,0.0,0.0
T8,0.0,0.007246376811594203,0.043478260869565216,0.0,0.0,0.0,0.0,0.0,0.043478260869565216,0.0,0.0,0.0,0.0,0.0,0.043478260869565216,0.0,0.0,0.0,0.043478260869565216,0.0,0.0,0.0,0.0,0.0,0.036231884057971016,0.0,0.043478260869565216,0.0,0.043478260869565216,0.043478260869565216,0.0,0.0,0.043478260869565216,0.0,0.0,0.043478260869565216,0.0,0.043478260869565216,0.0,0.043478260869565216,0.043478260869565216,0.0,0.043478260869565216,0.043478260869565216,0.043478260869565216,0.0,0.043478260869565216,0.0,0.0,0.0,0.043478260869565216,0.0,0.043478260869565216,0.043478260869565216,0.043478260869565216,0.0,0.043478260869565216,0.0,0.043478260869565216,0.0,0.0
FT10,0.0,0.0,0.0,0.0,0.0,0.0,0.0,0.0,0.0,0.0,0.0,0.0,0.0,0.0,0.0,0.0,0.0,0.0,0.0,0.0,0.0,0.0,0.0,0.0,0.0,0.0,0.0,0.0,0.0,0.0,0.0,0.0,0.0,0.0,0.0,0.0,0.0,0.0,0.0,0.0,0.0,0.0,0.0,0.0,0.0,0.0,0.0,0.0,0.0,0.0,0.0,0.0,0.0,0.0,0.0,0.0,0.0,0.0,0.0,0.0,0.0
FC6,0.0,0.004016064257028112,0.03614457831325301,0.0,0.0,0.0,0.0,0.0,0.0321285140562249,0.0,0.0,0.0,0.008032128514056224,0.0,0.04819277108433735,0.0,0.0,0.0,0.04819277108433735,0.0,0.0,0.0,0.0,0.0,0.020080321285140562,0.0,0.04417670682730924,0.0,0.03614457831325301,0.04417670682730924,0.0,0.0,0.04417670682730924,0.0,0.0,0.03614457831325301,0.0,0.03614457831325301,0.0,0.04819277108433735,0.04819277108433735,0.0,0.04417670682730924,0.04417670682730924,0.04819277108433735,0.0,0.04819277108433735,0.0,0.0,0.01606425702811245,0.028112449799196786,0.020080321285140562,0.04819277108433735,0.03614457831325301,0.04819277108433735,0.0,0.04819277108433735,0.0,0.03614457831325301,0.0,0.0
FC2,0.0,0.0,0.0,0.0,0.0,0.08235294117647059,0.08235294117647059,0.07647058823529412,0.0,0.08235294117647059,0.058823529411764705,0.058823529411764705,0.0,0.0,0.0,0.0,0.0,0.0,0.0,0.0,0.08235294117647059,0.08235294117647059,0.0,0.08235294117647059,0.0,0.0,0.0,0.07647058823529412,0.0,0.0,0.0,0.0,0.0,0.08235294117647059,0.0,0.0,0.0,0.0,0.0,0.0,0.0,0.0,0.0,0.0,0.0,0.0,0.0,0.08235294117647059,0.0,0.0,0.0,0.0,0.0,0.0,0.0,0.0,0.0,0.07058823529411765,0.0,0.0,0.0
F4,0.0,0.004545454545454545,0.04090909090909091,0.0,0.0,0.0,0.0,0.0,0.03636363636363636,0.0,0.0,0.0,0.0,0.0,0.045454545454545456,0.0,0.0,0.0,0.045454545454545456,0.0,0.0,0.0,0.0,0.0,0.022727272727272728,0.0,0.045454545454545456,0.0,0.04090909090909091,0.045454545454545456,0.0,0.0,0.045454545454545456,0.0,0.0,0.04090909090909091,0.0,0.04090909090909091,0.0,0.045454545454545456,0.045454545454545456,0.0,0.045454545454545456,0.045454545454545456,0.045454545454545456,0.0,0.045454545454545456,0.0,0.0,0.00909090909090909,0.031818181818181815,0.013636363636363636,0.045454545454545456,0.04090909090909091,0.045454545454545456,0.0,0.045454545454545456,0.0,0.04090909090909091,0.0,0.0
F8,0.0,0.002386634844868735,0.021479713603818614,0.0,0.0,0.0,0.0,0.0,0.01909307875894988,0.0,0.0,0.0,0.00477326968973747,0.0,0.06682577565632458,0.0,0.0,0.0,0.06205250596658711,0.0,0.0,0.0,0.0,0.0,0.011933174224343675,0.0,0.026252983293556086,0.0,0.021479713603818614,0.0883054892601432,0.0,0.0,0.026252983293556086,0.0,0.0,0.021479713603818614,0.0,0.021479713603818614,0.0,0.08591885441527446,0.081145584725537,0.0,0.026252983293556086,0.026252983293556086,0.050119331742243436,0.0,0.028639618138424822,0.0,0.0,0.00954653937947494,0.016706443914081145,0.011933174224343675,0.028639618138424822,0.021479713603818614,0.057279236276849645,0.0,0.09307875894988067,0.0,0.06921241050119331,0.0,0.0
AF7,0.0,0.0,0.0,0.0,0.0,0.0,0.0,0.0,0.0,0.0,0.0,0.0,0.0,0.0,0.0,0.0,0.0,0.0,0.0,0.0,0.0,0.0,0.0,0.0,0.0,0.0,0.0,0.0,0.0,0.0,0.0,0.0,0.0,0.0,0.0,0.0,0.0,0.0,0.0,0.0,0.0,0.0,0.0,0.0,0.0,0.0,0.0,0.0,0.0,0.0,0.0,0.0,0.0,0.0,0.0,0.0,0.0,0.0,0.0,0.0,0.0
AF3,0.0,0.0,0.0,0.0,0.0,0.0,0.0,0.0,0.0,0.0,0.0,0.0,0.0,0.0,0.0,0.0,0.0,0.0,0.0,0.0,0.0,0.0,0.0,0.0,0.0,0.0,0.0,0.0,0.0,0.0,0.0,0.0,0.0,0.0,0.0,0.0,0.0,0.0,0.0,0.0,0.0,0.0,0.0,0.0,0.0,0.0,0.0,0.0,0.0,0.0,0.0,0.0,0.0,0.0,0.0,0.0,0.0,0.0,0.0,0.0,0.0
AFz,0.0,0.004016064257028112,0.03614457831325301,0.0,0.0,0.0,0.0,0.0,0.0321285140562249,0.0,0.0,0.0,0.008032128514056224,0.0,0.04819277108433735,0.0,0.0,0.0,0.04819277108433735,0.0,0.0,0.0,0.0,0.0,0.020080321285140562,0.0,0.04417670682730924,0.0,0.03614457831325301,0.04417670682730924,0.0,0.0,0.04417670682730924,0.0,0.0,0.03614457831325301,0.0,0.03614457831325301,0.0,0.04819277108433735,0.04819277108433735,0.0,0.04417670682730924,0.04417670682730924,0.04819277108433735,0.0,0.04819277108433735,0.0,0.0,0.01606425702811245,0.028112449799196786,0.020080321285140562,0.04819277108433735,0.03614457831325301,0.04819277108433735,0.0,0.04819277108433735,0.0,0.03614457831325301,0.0,0.0
F1,0.0,0.0,0.0,0.0,0.0,0.05929919137466307,0.07816711590296496,0.05660377358490566,0.0,0.05121293800539083,0.04851752021563342,0.0646900269541779,0.029649595687331536,0.0,0.0,0.0,0.0,0.0,0.0,0.0,0.07547169811320754,0.05929919137466307,0.0,0.1293800539083558,0.0,0.0,0.0,0.03773584905660377,0.0,0.0,0.0,0.0,0.0,0.12398921832884097,0.018867924528301886,0.0,0.0,0.0,0.0,0.0,0.0,0.0,0.0,0.0,0.0,0.0,0.0,0.0646900269541779,0.0,0.01078167115902965,0.0,0.0215633423180593,0.0,0.0,0.0,0.0,0.0,0.07008086253369272,0.0,0.0,0.0
F5,0.0,0.0,0.0,0.0,0.0,0.0,0.08196721311475409,0.01639344262295082,0.0,0.0,0.01639344262295082,0.07377049180327869,0.12295081967213115,0.0,0.0,0.0,0.0,0.0,0.0,0.0,0.01639344262295082,0.0,0.0,0.08196721311475409,0.0,0.0,0.0,0.0,0.0,0.0,0.0,0.0,0.0,0.07377049180327869,0.11475409836065574,0.0,0.0,0.0,0.0,0.00819672131147541,0.0,0.0,0.0,0.0,0.0,0.0,0.05737704918032787,0.0,0.0,0.09016393442622951,0.0,0.12295081967213115,0.0,0.0,0.0,0.0,0.0,0.12295081967213115,0.0,0.0,0.0
FT7,0.0,0.004545454545454545,0.04090909090909091,0.0,0.0,0.0,0.0,0.0,0.03636363636363636,0.0,0.0,0.0,0.0,0.0,0.045454545454545456,0.0,0.0,0.0,0.045454545454545456,0.0,0.0,0.0,0.0,0.0,0.022727272727272728,0.0,0.045454545454545456,0.0,0.04090909090909091,0.045454545454545456,0.0,0.0,0.045454545454545456,0.0,0.0,0.04090909090909091,0.0,0.04090909090909091,0.0,0.045454545454545456,0.045454545454545456,0.0,0.045454545454545456,0.045454545454545456,0.045454545454545456,0.0,0.045454545454545456,0.0,0.0,0.00909090909090909,0.031818181818181815,0.013636363636363636,0.045454545454545456,0.04090909090909091,0.045454545454545456,0.0,0.045454545454545456,0.0,0.04090909090909091,0.0,0.0
FC3,0.0,0.0,0.0,0.0,0.0,0.0,0.0,0.0,0.0,0.0,0.0,0.0,0.0,0.0,0.0,0.0,0.0,0.0,0.0,0.0,0.0,0.0,0.0,0.0,0.0,0.0,0.0,0.0,0.0,0.0,0.0,0.0,0.0,0.0,0.0,0.0,0.0,0.0,0.0,0.0,0.0,0.0,0.0,0.0,0.0,0.0,0.0,0.0,0.0,0.0,0.0,0.0,0.0,0.0,0.0,0.0,0.0,0.0,0.0,0.0,0.0
C1,0.0,0.004545454545454545,0.04090909090909091,0.0,0.0,0.0,0.0,0.0,0.03636363636363636,0.0,0.0,0.0,0.0,0.0,0.045454545454545456,0.0,0.0,0.0,0.045454545454545456,0.0,0.0,0.0,0.0,0.0,0.022727272727272728,0.0,0.045454545454545456,0.0,0.04090909090909091,0.045454545454545456,0.0,0.0,0.045454545454545456,0.0,0.0,0.04090909090909091,0.0,0.04090909090909091,0.0,0.045454545454545456,0.045454545454545456,0.0,0.045454545454545456,0.045454545454545456,0.045454545454545456,0.0,0.045454545454545456,0.0,0.0,0.00909090909090909,0.031818181818181815,0.013636363636363636,0.045454545454545456,0.04090909090909091,0.045454545454545456,0.0,0.045454545454545456,0.0,0.04090909090909091,0.0,0.0
C5,0.0,0.0,0.0,0.0,0.0,0.0,0.0,0.0,0.0,0.0,0.0,0.0,0.0,0.0,0.0,0.0,0.0,0.0,0.0,0.0,0.0,0.0,0.0,0.0,0.0,0.0,0.0,0.0,0.0,0.0,0.0,0.0,0.0,0.0,0.0,0.0,0.0,0.0,0.0,0.0,0.0,0.0,0.0,0.0,0.0,0.0,0.0,0.0,0.0,0.0,0.0,0.0,0.0,0.0,0.0,0.0,0.0,0.0,0.0,0.0,0.0
TP7,0.0,0.0023094688221709007,0.020785219399538105,0.0,0.0,0.0,0.0,0.0,0.018475750577367205,0.0,0.0,0.0,0.013856812933025405,0.0,0.06466512702078522,0.0,0.0,0.0,0.06466512702078522,0.0,0.0,0.0,0.0,0.0,0.011547344110854504,0.0,0.025404157043879907,0.0,0.020785219399538105,0.07621247113163972,0.0,0.0,0.025404157043879907,0.0,0.006928406466512702,0.020785219399538105,0.0,0.020785219399538105,0.0,0.09468822170900693,0.07390300230946882,0.0,0.025404157043879907,0.025404157043879907,0.04849884526558892,0.0,0.03695150115473441,0.0,0.0,0.018475750577367205,0.016166281755196306,0.020785219399538105,0.02771362586605081,0.020785219399538105,0.05542725173210162,0.0,0.08083140877598152,0.004618937644341801,0.057736720554272515,0.0,0.0
CP3,0.0,0.0024390243902439024,0.02195121951219512,0.0,0.0,0.0,0.0,0.0,0.01951219512195122,0.0,0.0,0.0,0.007317073170731708,0.0,0.06829268292682927,0.0,0.0,0.0,0.06585365853658537,0.0,0.0,0.0,0.0,0.0,0.012195121951219513,0.0,0.026829268292682926,0.0,0.02195121951219512,0.08048780487804878,0.0,0.0,0.026829268292682926,0.0,0.0,0.02195121951219512,0.0,0.02195121951219512,0.0,0.08536585365853659,0.08048780487804878,0.0,0.026829268292682926,0.026829268292682926,0.05121951219512195,0.0,0.03170731707317073,0.0,0.0,0.012195121951219513,0.01707317073170732,0.014634146341463415,0.02926829268292683,0.02195121951219512,0.05853658536585366,0.0,0.08292682926829269,0.0,0.06341463414634146,0.0,0.0
P1,0.0,0.0,0.0,0.0,0.0,0.0,0.0,0.0,0.0,0.0,0.0,0.0,0.0,0.0,0.0,0.0,0.0,0.0,0.0,0.0,0.0,0.0,0.0,0.0,0.0,0.0,0.0,0.0,0.0,0.0,0.0,0.0,0.0,0.0,0.0,0.0,0.0,0.0,0.0,0.0,0.0,0.0,0.0,0.0,0.0,0.0,0.0,0.0,0.0,0.0,0.0,0.0,0.0,0.0,0.0,0.0,0.0,0.0,0.0,0.0,0.0
PO7,0.0,0.004016064257028112,0.03614457831325301,0.0,0.0,0.0,0.0,0.0,0.0321285140562249,0.0,0.0,0.0,0.008032128514056224,0.0,0.04819277108433735,0.0,0.0,0.0,0.04819277108433735,0.0,0.0,0.0,0.0,0.0,0.020080321285140562,0.0,0.04417670682730924,0.0,0.03614457831325301,0.04417670682730924,0.0,0.0,0.04417670682730924,0.0,0.0,0.03614457831325301,0.0,0.03614457831325301,0.0,0.04819277108433735,0.04819277108433735,0.0,0.04417670682730924,0.04417670682730924,0.04819277108433735,0.0,0.04819277108433735,0.0,0.0,0.01606425702811245,0.028112449799196786,0.020080321285140562,0.04819277108433735,0.03614457831325301,0.04819277108433735,0.0,0.04819277108433735,0.0,0.03614457831325301,0.0,0.0
PO3,0.0,0.004016064257028112,0.03614457831325301,0.0,0.0,0.0,0.0,0.0,0.0321285140562249,0.0,0.0,0.0,0.008032128514056224,0.0,0.04819277108433735,0.0,0.0,0.0,0.04819277108433735,0.0,0.0,0.0,0.0,0.0,0.020080321285140562,0.0,0.04417670682730924,0.0,0.03614457831325301,0.04417670682730924,0.0,0.0,0.04417670682730924,0.0,0.0,0.03614457831325301,0.0,0.03614457831325301,0.0,0.04819277108433735,0.04819277108433735,0.0,0.04417670682730924,0.04417670682730924,0.04819277108433735,0.0,0.04819277108433735,0.0,0.0,0.01606425702811245,0.028112449799196786,0.020080321285140562,0.04819277108433735,0.03614457831325301,0.04819277108433735,0.0,0.04819277108433735,0.0,0.03614457831325301,0.0,0.0
POz,0.0,0.0029850746268656717,0.026865671641791045,0.0,0.0,0.0,0.0,0.0,0.023880597014925373,0.0,0.0,0.0,0.008955223880597015,0.0,0.0626865671641791,0.0,0.0,0.0,0.06567164179104477,0.0,0.0,0.0,0.0,0.0,0.014925373134328358,0.0,0.03283582089552239,0.0,0.026865671641791045,0.05970149253731343,0.0,0.0,0.03283582089552239,0.0,0.0,0.026865671641791045,0.0,0.026865671641791045,0.0,0.06567164179104477,0.0626865671641791,0.0,0.03283582089552239,0.03283582089552239,0.05970149253731343,0.0,0.03880597014925373,0.0,0.0,0.014925373134328358,0.020895522388059702,0.01791044776119403,0.03582089552238806,0.026865671641791045,0.0626865671641791,0.0,0.0626865671641791,0.0,0.05373134328358209,0.0,0.0
PO4,0.0,0.0,0.0,0.0,0.0,0.0,0.0,0.0,0.0,0.0,0.0,0.0,0.0,0.0,0.0,0.0,0.0,0.0,0.0,0.0,0.0,0.0,0.0,0.0,0.0,0.0,0.0,0.0,0.0,0.0,0.0,0.0,0.0,0.0,0.0,0.0,0.0,0.0,0.0,0.0,0.0,0.0,0.0,0.0,0.0,0.0,0.0,0.0,0.0,0.0,0.0,0.0,0.0,0.0,0.0,0.0,0.0,0.0,0.0,0.0,0.0
PO8,0.0,0.003125,0.028125,0.0,0.0,0.0,0.009375,0.0,0.025,0.0,0.0,0.00625,0.0375,0.0,0.0375,0.0,0.0,0.0,0.04375,0.0,0.0,0.0,0.0,0.009375,0.015625,0.0,0.034375,0.0,0.028125,0.034375,0.0,0.0,0.034375,0.00625,0.028125,0.028125,0.0,0.028125,0.0,0.046875,0.0375,0.0,0.034375,0.034375,0.0375,0.0,0.065625,0.0,0.0,0.04375,0.021875,0.046875,0.0375,0.028125,0.0375,0.0,0.0375,0.025,0.028125,0.0,0.0
P6,0.0,0.0,0.0,0.0,0.0,0.07851239669421488,0.0743801652892562,0.06611570247933884,0.0,0.07851239669421488,0.05371900826446281,0.05371900826446281,0.0,0.0,0.0,0.0,0.0,0.0,0.0,0.0,0.09917355371900827,0.09504132231404959,0.0,0.09504132231404959,0.0,0.0,0.0,0.05785123966942149,0.0,0.0,0.0,0.0,0.0,0.09090909090909091,0.0,0.0,0.0,0.0,0.0,0.0,0.0,0.0,0.0,0.0,0.0,0.0,0.0,0.09504132231404959,0.0,0.0,0.0,0.0,0.0,0.0,0.0,0.0,0.0,0.06198347107438017,0.0,0.0,0.0
P2,0.0,0.0,0.0,0.0,0.0,0.0,0.0,0.0,0.0,0.0,0.0,0.0,0.0,0.0,0.0,0.0,0.0,0.0,0.0,0.0,0.0,0.0,0.0,0.0,0.0,0.0,0.0,0.0,0.0,0.0,0.0,0.0,0.0,0.0,0.0,0.0,0.0,0.0,0.0,0.0,0.0,0.0,0.0,0.0,0.0,0.0,0.0,0.0,0.0,0.0,0.0,0.0,0.0,0.0,0.0,0.0,0.0,0.0,0.0,0.0,0.0
CPz,0.0,0.0,0.0,0.0,0.0,0.0,0.046357615894039736,0.0,0.0,0.0,0.0,0.039735099337748346,0.10596026490066225,0.0,0.019867549668874173,0.0,0.0,0.0,0.033112582781456956,0.0,0.0,0.0,0.0,0.046357615894039736,0.0,0.0,0.013245033112582781,0.0,0.0,0.013245033112582781,0.0,0.0,0.013245033112582781,0.039735099337748346,0.08609271523178808,0.0,0.0,0.0,0.0,0.039735099337748346,0.019867549668874173,0.0,0.013245033112582781,0.013245033112582781,0.019867549668874173,0.0,0.07947019867549669,0.0,0.0,0.10596026490066225,0.0,0.11258278145695365,0.019867549668874173,0.0,0.019867549668874173,0.0,0.019867549668874173,0.07947019867549669,0.0,0.0,0.0
CP4,0.0,0.005494505494505495,0.04395604395604396,0.0,0.0,0.0,0.0,0.0,0.04395604395604396,0.0,0.0,0.0,0.0,0.0,0.04395604395604396,0.0,0.0,0.0,0.04395604395604396,0.0,0.0,0.0,0.0,0.0,0.027472527472527472,0.0,0.04395604395604396,0.0,0.04395604395604396,0.04395604395604396,0.0,0.0,0.04395604395604396,0.0,0.0,0.04395604395604396,0.0,0.04395604395604396,0.0,0.04395604395604396,0.04395604395604396,0.0,0.04395604395604396,0.04395604395604396,0.04395604395604396,0.0,0.04395604395604396,0.0,0.0,0.0,0.038461538461538464,0.005494505494505495,0.04395604395604396,0.04395604395604396,0.04395604395604396,0.0,0.04395604395604396,0.0,0.04395604395604396,0.0,0.0
TP8,0.0,0.0,0.0047169811320754715,0.0,0.0,0.0047169811320754715,0.05188679245283019,0.014150943396226415,0.0,0.0,0.014150943396226415,0.04716981132075472,0.09433962264150944,0.0,0.018867924528301886,0.0,0.0,0.0,0.02830188679245283,0.0,0.014150943396226415,0.0,0.0,0.05188679245283019,0.0,0.0,0.014150943396226415,0.0,0.0047169811320754715,0.014150943396226415,0.0,0.0,0.014150943396226415,0.04716981132075472,0.07075471698113207,0.0047169811320754715,0.0,0.0047169811320754715,0.0,0.0330188679245283,0.018867924528301886,0.0,0.014150943396226415,0.014150943396226415,0.018867924528301886,0.0,0.06132075471698113,0.0,0.0,0.08018867924528301,0.0,0.09905660377358491,0.018867924528301886,0.0047169811320754715,0.018867924528301886,0.0,0.018867924528301886,0.07547169811320754,0.0047169811320754715,0.0,0.0
C6,0.0,0.00392156862745098,0.03529411764705882,0.0,0.0,0.0,0.0,0.0,0.03137254901960784,0.0,0.0,0.0,0.011764705882352941,0.0,0.047058823529411764,0.0,0.0,0.0,0.050980392156862744,0.0,0.0,0.0,0.0,0.0,0.0196078431372549,0.0,0.043137254901960784,0.0,0.03529411764705882,0.043137254901960784,0.0,0.0,0.043137254901960784,0.0,0.0,0.03529411764705882,0.0,0.03529411764705882,0.0,0.050980392156862744,0.047058823529411764,0.0,0.043137254901960784,0.043137254901960784,0.047058823529411764,0.0,0.050980392156862744,0.0,0.0,0.0196078431372549,0.027450980392156862,0.023529411764705882,0.047058823529411764,0.03529411764705882,0.047058823529411764,0.0,0.047058823529411764,0.0,0.03529411764705882,0.0,0.0
C2,0.0,0.004545454545454545,0.04090909090909091,0.0,0.0,0.0,0.0,0.0,0.03636363636363636,0.0,0.0,0.0,0.0,0.0,0.045454545454545456,0.0,0.0,0.0,0.045454545454545456,0.0,0.0,0.0,0.0,0.0,0.022727272727272728,0.0,0.045454545454545456,0.0,0.04090909090909091,0.045454545454545456,0.0,0.0,0.045454545454545456,0.0,0.0,0.04090909090909091,0.0,0.04090909090909091,0.0,0.045454545454545456,0.045454545454545456,0.0,0.045454545454545456,0.045454545454545456,0.045454545454545456,0.0,0.045454545454545456,0.0,0.0,0.00909090909090909,0.031818181818181815,0.013636363636363636,0.045454545454545456,0.04090909090909091,0.045454545454545456,0.0,0.045454545454545456,0.0,0.04090909090909091,0.0,0.0
FC4,0.0,0.002785515320334262,0.025069637883008356,0.0,0.0,0.0,0.0,0.0,0.022284122562674095,0.0,0.0,0.0,0.008356545961002786,0.0,0.06685236768802229,0.0,0.0,0.0,0.06963788300835655,0.0,0.0,0.0,0.0,0.0,0.013927576601671309,0.0,0.03064066852367688,0.0,0.025069637883008356,0.06406685236768803,0.0,0.0,0.03064066852367688,0.0,0.0,0.025069637883008356,0.0,0.025069637883008356,0.0,0.06963788300835655,0.06685236768802229,0.0,0.03064066852367688,0.03064066852367688,0.0584958217270195,0.0,0.036211699164345405,0.0,0.0,0.013927576601671309,0.019498607242339833,0.016713091922005572,0.033426183844011144,0.025069637883008356,0.06406685236768803,0.0,0.06685236768802229,0.0,0.0584958217270195,0.0,0.0
FT8,0.0,0.0,0.0,0.0,0.0,0.0,0.0,0.0,0.0,0.0,0.0,0.0,0.0,0.0,0.0,0.0,0.0,0.0,0.0,0.0,0.0,0.0,0.0,0.0,0.0,0.0,0.0,0.0,0.0,0.0,0.0,0.0,0.0,0.0,0.0,0.0,0.0,0.0,0.0,0.0,0.0,0.0,0.0,0.0,0.0,0.0,0.0,0.0,0.0,0.0,0.0,0.0,0.0,0.0,0.0,0.0,0.0,0.0,0.0,0.0,0.0
F6,0.0,0.002347417840375587,0.02112676056338028,0.0,0.0,0.0,0.0,0.0,0.018779342723004695,0.0,0.0,0.0,0.007042253521126761,0.0,0.06572769953051644,0.0,0.0,0.0,0.06338028169014084,0.0,0.0,0.0,0.0,0.0,0.011737089201877934,0.0,0.025821596244131457,0.0,0.02112676056338028,0.08685446009389672,0.0,0.0,0.025821596244131457,0.0,0.0,0.02112676056338028,0.0,0.02112676056338028,0.0,0.0892018779342723,0.07981220657276995,0.0,0.025821596244131457,0.025821596244131457,0.04929577464788732,0.0,0.03051643192488263,0.0,0.0,0.011737089201877934,0.01643192488262911,0.014084507042253521,0.028169014084507043,0.02112676056338028,0.056338028169014086,0.0,0.09154929577464789,0.0,0.06807511737089202,0.0,0.0
AF8,0.0,0.0,0.0,0.0,0.0,0.05539358600583091,0.08454810495626822,0.061224489795918366,0.0,0.043731778425655975,0.052478134110787174,0.0728862973760933,0.04956268221574344,0.0,0.0,0.0,0.0,0.0,0.0,0.0,0.061224489795918366,0.043731778425655975,0.0,0.08454810495626822,0.0,0.0,0.0,0.04081632653061224,0.0,0.0,0.0,0.0,0.0,0.08163265306122448,0.037900874635568516,0.0,0.0,0.0,0.0,0.0,0.0,0.0,0.0,0.0,0.0,0.0,0.01749271137026239,0.04956268221574344,0.0,0.029154518950437316,0.0,0.04081632653061224,0.0,0.0,0.0,0.0,0.0,0.09329446064139942,0.0,0.0,0.0
AF4,0.0,0.0027100271002710027,0.024390243902439025,0.0,0.0,0.0,0.0,0.0,0.02168021680216802,0.0,0.0,0.0,0.0,0.0,0.07046070460704607,0.0,0.0,0.0,0.06233062330623306,0.0,0.0,0.0,0.0,0.0,0.013550135501355014,0.0,0.02710027100271003,0.0,0.024390243902439025,0.08401084010840108,0.0,0.0,0.02710027100271003,0.0,0.0,0.024390243902439025,0.0,0.024390243902439025,0.0,0.07588075880758807,0.07859078590785908,0.0,0.02710027100271003,0.02710027100271003,0.051490514905149054,0.0,0.02710027100271003,0.0,0.0,0.005420054200542005,0.018970189701897018,0.008130081300813009,0.02710027100271003,0.024390243902439025,0.05962059620596206,0.0,0.08401084010840108,0.0,0.07859078590785908,0.0,0.0
F2,0.0,0.0,0.0,0.0,0.0,0.0,0.0,0.0,0.0,0.0,0.0,0.0,0.0,0.0,0.0,0.0,0.0,0.0,0.0,0.0,0.0,0.0,0.0,0.0,0.0,0.0,0.0,0.0,0.0,0.0,0.0,0.0,0.0,0.0,0.0,0.0,0.0,0.0,0.0,0.0,0.0,0.0,0.0,0.0,0.0,0.0,0.0,0.0,0.0,0.0,0.0,0.0,0.0,0.0,0.0,0.0,0.0,0.0,0.0,0.0,0.0
FCz,0.0,0.0,0.0,0.0,0.0,0.0,0.0,0.0,0.0,0.0,0.0,0.0,0.0,0.0,0.0,0.0,0.0,0.0,0.0,0.0,0.0,0.0,0.0,0.0,0.0,0.0,0.0,0.0,0.0,0.0,0.0,0.0,0.0,0.0,0.0,0.0,0.0,0.0,0.0,0.0,0.0,0.0,0.0,0.0,0.0,0.0,0.0,0.0,0.0,0.0,0.0,0.0,0.0,0.0,0.0,0.0,0.0,0.0,0.0,0.0,0.0
