,Fz,F3,F7,FT9,FC5,FC1,C3,T7,TP9,CP5,CP1,Pz,P3,P7,O1,Oz,O2,P4,P8,TP10,CP6,CP2,Cz,C4,T8,FT10,FC6,FC2,F4,F8,Fp2,AF7,AF3,AFz,F1,F5,FT7,FC3,C1,C5,TP7,CP3,P1,P5,PO7,PO3,POz,PO4,PO8,P6,P2,CPz,CP4,TP8,C6,C2,FC4,FT8,F6,AF8,AF4,F2,FCz
Fz,0.04062909567496723,0.04325032765399738,0.027522935779816515,0.0327653997378768,0.01310615989515072,0.0327653997378768,0.02490170380078637,0.02621231979030144,0.028833551769331587,0.0,0.0,0.0,0.02621231979030144,0.028833551769331587,0.04193971166448231,0.0,0.03800786369593709,0.0,0.005242463958060288,0.04456094364351245,0.009174311926605505,0.03145478374836173,0.0,0.007863695937090432,0.023591087811271297,0.04456094364351245,0.028833551769331587,0.01834862385321101,0.020969855832241154,0.0,0.0,0.001310615989515072,0.0,0.0,0.0,0.0,0.0,0.0,0.011795543905635648,0.02490170380078637,0.03145478374836173,0.0,0.04325032765399738,0.01703800786369594,0.0,0.0,0.01703800786369594,0.007863695937090432,0.0,0.023591087811271297,0.00655307994757536,0.04456094364351245,0.0,0.0,0.0,0.00655307994757536,0.0,0.011795543905635648,0.04456094364351245,0.0,0.023591087811271297,0.04062909567496723,0.003931847968545216
F3,0.041666666666666664,0.04419191919191919,0.026515151515151516,0.03282828282828283,0.012626262626262626,0.03282828282828283,0.023989898989898988,0.025252525252525252,0.027777777777777776,0.0,0.0,0.0,0.026515151515151516,0.02904040404040404,0.04419191919191919,0.0,0.03787878787878788,0.0,0.005050505050505051,0.045454545454545456,0.008838383838383838,0.03156565656565657,0.0,0.007575757575757576,0.022727272727272728,0.04671717171717172,0.027777777777777776,0.017676767676767676,0.020202020202020204,0.0,0.0,0.0012626262626262627,0.0,0.0,0.0,0.0,0.0,0.0,0.011363636363636364,0.023989898989898988,0.03156565656565657,0.0,0.045454545454545456,0.016414141414141416,0.0,0.0,0.016414141414141416,0.007575757575757576,0.0,0.022727272727272728,0.006313131313131313,0.04671717171717172,0.0,0.0,0.0,0.006313131313131313,0.0,0.011363636363636364,0.04671717171717172,0.0,0.022727272727272728,0.04040404040404041,0.003787878787878788
F7,0.03571428571428571,0.03571428571428571,0.03231292517006803,0.03571428571428571,0.015306122448979591,0.03571428571428571,0.027210884353741496,0.02891156462585034,0.03231292517006803,0.0,0.0,0.0,0.02891156462585034,0.030612244897959183,0.034013605442176874,0.0,0.03231292517006803,0.0,0.006802721088435374,0.03571428571428571,0.008503401360544218,0.03571428571428571,0.0,0.01020408163265306,0.027210884353741496,0.03571428571428571,0.03571428571428571,0.02040816326530612,0.027210884353741496,0.0,0.0,0.0,0.0,0.0,0.0,0.0,0.0,0.0,0.015306122448979591,0.03231292517006803,0.03571428571428571,0.0,0.03571428571428571,0.01870748299319728,0.0,0.0,0.02040816326530612,0.006802721088435374,0.0,0.025510204081632654,0.00510204081632653,0.03571428571428571,0.0,0.0,0.0,0.00510204081632653,0.0,0.011904761904761904,0.03571428571428571,0.0,0.027210884353741496,0.03571428571428571,0.00510204081632653
FT9,0.0359375,0.0375,0.03125,0.0375,0.0140625,0.0359375,0.0265625,0.028125,0.03125,0.0,0.0,0.0,0.028125,0.03125,0.0359375,0.0,0.0328125,0.0,0.00625,0.0390625,0.0078125,0.0359375,0.0,0.009375,0.025,0.0390625,0.034375,0.01875,0.025,0.0,0.0,0.0,0.0,0.0,0.0,0.0,0.0,0.0,0.0140625,0.0296875,0.0375,0.0,0.0375,0.0171875,0.0,0.0,0.0203125,0.00625,0.0,0.025,0.0046875,0.0390625,0.0,0.0,0.0,0.0046875,0.0,0.0109375,0.0390625,0.0,0.025,0.0375,0.0046875
FC5,0.03058103975535168,0.03058103975535168,0.03058103975535168,0.03058103975535168,0.027522935779816515,0.03058103975535168,0.024464831804281346,0.03058103975535168,0.03058103975535168,0.0,0.0,0.0,0.027522935779816515,0.03058103975535168,0.03058103975535168,0.0,0.03058103975535168,0.0,0.009174311926605505,0.03058103975535168,0.01529051987767584,0.03058103975535168,0.0,0.01834862385321101,0.03058103975535168,0.03058103975535168,0.03058103975535168,0.024464831804281346,0.03058103975535168,0.0,0.0,0.0,0.0,0.0,0.0,0.0,0.0,0.0,0.024464831804281346,0.027522935779816515,0.03058103975535168,0.0,0.03058103975535168,0.021406727828746176,0.0,0.0,0.021406727828746176,0.012232415902140673,0.0,0.024464831804281346,0.009174311926605505,0.03058103975535168,0.0,0.0,0.0,0.009174311926605505,0.0,0.021406727828746176,0.03058103975535168,0.0,0.03058103975535168,0.03058103975535168,0.009174311926605505
FC1,0.03582089552238806,0.03731343283582089,0.03134328358208955,0.03731343283582089,0.014925373134328358,0.03582089552238806,0.026865671641791045,0.028358208955223882,0.03134328358208955,0.0,0.0,0.0,0.028358208955223882,0.03134328358208955,0.03582089552238806,0.0,0.03283582089552239,0.0,0.005970149253731343,0.03880597014925373,0.008955223880597015,0.03582089552238806,0.0,0.008955223880597015,0.025373134328358207,0.03880597014925373,0.03283582089552239,0.019402985074626865,0.023880597014925373,0.0,0.0,0.0,0.0,0.0,0.0,0.0,0.0,0.0,0.013432835820895522,0.028358208955223882,0.03582089552238806,0.0,0.03731343283582089,0.01791044776119403,0.0,0.0,0.019402985074626865,0.007462686567164179,0.0,0.025373134328358207,0.005970149253731343,0.03880597014925373,0.0,0.0,0.0,0.005970149253731343,0.0,0.011940298507462687,0.03880597014925373,0.0,0.025373134328358207,0.03731343283582089,0.004477611940298508
C3,0.035058430717863104,0.035058430717863104,0.028380634390651086,0.03171953255425709,0.01669449081803005,0.0333889816360601,0.03171953255425709,0.03171953255425709,0.0333889816360601,0.0,0.0,0.0,0.0333889816360601,0.035058430717863104,0.035058430717863104,0.0,0.035058430717863104,0.0,0.00333889816360601,0.0333889816360601,0.01335559265442404,0.03171953255425709,0.0,0.01001669449081803,0.028380634390651086,0.035058430717863104,0.028380634390651086,0.02337228714524207,0.02337228714524207,0.0,0.0,0.00333889816360601,0.0,0.0,0.0,0.0,0.0,0.0,0.011686143572621035,0.025041736227045076,0.03005008347245409,0.0,0.035058430717863104,0.02337228714524207,0.0,0.0,0.01335559265442404,0.011686143572621035,0.0,0.03005008347245409,0.01001669449081803,0.035058430717863104,0.0,0.0,0.0,0.008347245409015025,0.0,0.015025041736227046,0.035058430717863104,0.0,0.028380634390651086,0.0333889816360601,0.005008347245409015
T7,0.03425774877650897,0.03425774877650897,0.03099510603588907,0.03262642740619902,0.01631321370309951,0.03425774877650897,0.02936378466557912,0.03099510603588907,0.03425774877650897,0.0,0.0,0.0,0.03099510603588907,0.03262642740619902,0.03425774877650897,0.0,0.03425774877650897,0.0,0.0065252854812398045,0.03425774877650897,0.011419249592169658,0.03262642740619902,0.0,0.009787928221859706,0.02936378466557912,0.03425774877650897,0.03099510603588907,0.022838499184339316,0.026101141924959218,0.0,0.0,0.0016313213703099511,0.0,0.0,0.0,0.0,0.0,0.0,0.01468189233278956,0.02773246329526917,0.03099510603588907,0.0,0.03425774877650897,0.021207177814029365,0.0,0.0,0.01631321370309951,0.009787928221859706,0.0,0.02773246329526917,0.008156606851549755,0.03425774877650897,0.0,0.0,0.0,0.008156606851549755,0.0,0.01468189233278956,0.03425774877650897,0.0,0.02936378466557912,0.03425774877650897,0.004893964110929853
TP9,0.03565891472868217,0.03565891472868217,0.031007751937984496,0.034108527131782945,0.015503875968992248,0.03565891472868217,0.027906976744186046,0.02945736434108527,0.03255813953488372,0.0,0.0,0.0,0.02945736434108527,0.03255813953488372,0.03565891472868217,0.0,0.034108527131782945,0.0,0.006201550387596899,0.03565891472868217,0.010852713178294573,0.034108527131782945,0.0,0.009302325581395349,0.027906976744186046,0.03565891472868217,0.031007751937984496,0.021705426356589147,0.024806201550387597,0.0,0.0,0.0015503875968992248,0.0,0.0,0.0,0.0,0.0,0.0,0.013953488372093023,0.027906976744186046,0.03255813953488372,0.0,0.03565891472868217,0.020155038759689922,0.0,0.0,0.017054263565891473,0.009302325581395349,0.0,0.02635658914728682,0.007751937984496124,0.03565891472868217,0.0,0.0,0.0,0.007751937984496124,0.0,0.013953488372093023,0.03565891472868217,0.0,0.027906976744186046,0.03565891472868217,0.004651162790697674
CP5,0.0,0.0,0.0,0.0,0.0,0.0,0.0023752969121140144,0.0,0.0,0.047505938242280284,0.0498812351543943,0.0498812351543943,0.0023752969121140144,0.0023752969121140144,0.0023752969121140144,0.052256532066508314,0.0023752969121140144,0.009501187648456057,0.0,0.0,0.0023752969121140144,0.0,0.04513064133016627,0.0,0.0,0.0,0.0,0.0,0.0,0.052256532066508314,0.052256532066508314,0.028503562945368172,0.04513064133016627,0.035629453681710214,0.004750593824228029,0.04275534441805225,0.019002375296912115,0.052256532066508314,0.0,0.0,0.0,0.0498812351543943,0.0023752969121140144,0.0,0.0498812351543943,0.047505938242280284,0.0,0.004750593824228029,0.047505938242280284,0.0023752969121140144,0.004750593824228029,0.0,0.052256532066508314,0.04275534441805225,0.009501187648456057,0.0,0.0498812351543943,0.0,0.0,0.035629453681710214,0.0,0.0,0.0
CP1,0.0,0.0,0.0,0.0,0.0,0.0,0.0,0.0,0.0,0.03949730700179533,0.06642728904847396,0.059245960502693,0.0,0.0,0.0,0.05385996409335727,0.0,0.00718132854578097,0.0,0.0,0.0,0.0,0.04129263913824058,0.0,0.0,0.0,0.0,0.0,0.0,0.07360861759425494,0.05206463195691203,0.019748653500897665,0.03949730700179533,0.026929982046678635,0.003590664272890485,0.03590664272890485,0.01436265709156194,0.06642728904847396,0.0,0.0,0.0,0.05565529622980251,0.0,0.0,0.06463195691202872,0.04308797127468582,0.0,0.0017953321364452424,0.04488330341113106,0.0,0.0017953321364452424,0.0,0.06822262118491922,0.03411131059245961,0.00718132854578097,0.0,0.05206463195691203,0.0,0.0,0.026929982046678635,0.0,0.0,0.0
Pz,0.0,0.0,0.0,0.0,0.0,0.0,0.0,0.0,0.0,0.0421455938697318,0.06130268199233716,0.05747126436781609,0.0,0.0,0.0,0.05555555555555555,0.0,0.007662835249042145,0.0,0.0,0.0,0.0,0.044061302681992334,0.0,0.0,0.0,0.0,0.0,0.0,0.06513409961685823,0.05363984674329502,0.0210727969348659,0.0421455938697318,0.028735632183908046,0.0038314176245210726,0.038314176245210725,0.01532567049808429,0.06321839080459771,0.0,0.0,0.0,0.05555555555555555,0.0,0.0,0.06130268199233716,0.04597701149425287,0.0,0.0019157088122605363,0.04597701149425287,0.0,0.0019157088122605363,0.0,0.06321839080459771,0.03639846743295019,0.007662835249042145,0.0,0.05172413793103448,0.0,0.0,0.028735632183908046,0.0,0.0,0.0
P3,0.03554868624420402,0.03554868624420402,0.02936630602782071,0.03245749613601236,0.015455950540958269,0.03400309119010819,0.030911901081916538,0.03245749613601236,0.03400309119010819,0.0,0.0,0.0,0.03245749613601236,0.03554868624420402,0.03554868624420402,0.0,0.03554868624420402,0.0,0.00463678516228748,0.03400309119010819,0.012364760432766615,0.03245749613601236,0.0,0.00927357032457496,0.027820710973724884,0.03554868624420402,0.02936630602782071,0.021638330757341576,0.023183925811437404,0.0,0.0,0.0030911901081916537,0.0,0.0,0.0,0.0,0.0,0.0,0.012364760432766615,0.02472952086553323,0.030911901081916538,0.0,0.03554868624420402,0.021638330757341576,0.0,0.0,0.013910355486862442,0.010819165378670788,0.0,0.02936630602782071,0.00927357032457496,0.03554868624420402,0.0,0.0,0.0,0.0077279752704791345,0.0,0.013910355486862442,0.03554868624420402,0.0,0.027820710973724884,0.03400309119010819,0.00463678516228748
P7,0.03550295857988166,0.03698224852071006,0.029585798816568046,0.03254437869822485,0.014792899408284023,0.034023668639053255,0.029585798816568046,0.03106508875739645,0.034023668639053255,0.0,0.0,0.0,0.03106508875739645,0.034023668639053255,0.03698224852071006,0.0,0.03550295857988166,0.0,0.005917159763313609,0.03550295857988166,0.011834319526627219,0.03254437869822485,0.0,0.008875739644970414,0.026627218934911243,0.03698224852071006,0.029585798816568046,0.020710059171597635,0.023668639053254437,0.0,0.0,0.0029585798816568047,0.0,0.0,0.0,0.0,0.0,0.0,0.013313609467455622,0.02514792899408284,0.03106508875739645,0.0,0.03698224852071006,0.020710059171597635,0.0,0.0,0.014792899408284023,0.010355029585798817,0.0,0.028106508875739646,0.008875739644970414,0.03698224852071006,0.0,0.0,0.0,0.0073964497041420114,0.0,0.013313609467455622,0.03698224852071006,0.0,0.026627218934911243,0.034023668639053255,0.004437869822485207
O1,0.04096385542168675,0.04457831325301205,0.02530120481927711,0.030120481927710843,0.012048192771084338,0.03132530120481928,0.024096385542168676,0.02530120481927711,0.027710843373493974,0.0,0.0,0.0,0.02650602409638554,0.02891566265060241,0.04819277108433735,0.0,0.03734939759036145,0.0,0.004819277108433735,0.043373493975903614,0.00963855421686747,0.030120481927710843,0.0,0.007228915662650603,0.021686746987951807,0.051807228915662654,0.02650602409638554,0.016867469879518072,0.01927710843373494,0.0,0.0,0.0024096385542168677,0.0,0.0,0.0,0.0,0.0,0.0,0.010843373493975903,0.02289156626506024,0.02891566265060241,0.0,0.05060240963855422,0.016867469879518072,0.0,0.0,0.014457831325301205,0.008433734939759036,0.0,0.02289156626506024,0.007228915662650603,0.05060240963855422,0.0,0.0,0.0,0.006024096385542169,0.0,0.010843373493975903,0.05060240963855422,0.0,0.021686746987951807,0.03734939759036145,0.0036144578313253013
Oz,0.0,0.0,0.0,0.0,0.0,0.0,0.001996007984031936,0.0,0.0,0.043912175648702596,0.05588822355289421,0.05389221556886228,0.001996007984031936,0.001996007984031936,0.001996007984031936,0.05389221556886228,0.001996007984031936,0.007984031936127744,0.0,0.0,0.001996007984031936,0.0,0.043912175648702596,0.0,0.0,0.0,0.0,0.0,0.0,0.059880239520958084,0.05389221556886228,0.023952095808383235,0.043912175648702596,0.029940119760479042,0.003992015968063872,0.03992015968063872,0.015968063872255488,0.05788423153692615,0.0,0.0,0.0,0.05389221556886228,0.001996007984031936,0.0,0.05588822355289421,0.04590818363273453,0.0,0.003992015968063872,0.04590818363273453,0.001996007984031936,0.003992015968063872,0.0,0.05788423153692615,0.03792415169660679,0.007984031936127744,0.0,0.05189620758483034,0.0,0.0,0.029940119760479042,0.0,0.0,0.0
O2,0.04005340453938585,0.042723631508678236,0.028037383177570093,0.030707610146862484,0.01335113484646195,0.03204272363150868,0.0267022696929239,0.028037383177570093,0.030707610146862484,0.0,0.0,0.0,0.028037383177570093,0.030707610146862484,0.042723631508678236,0.0,0.03871829105473965,0.0,0.0053404539385847796,0.04138851802403204,0.010680907877169559,0.030707610146862484,0.0,0.00801068090787717,0.02403204272363151,0.042723631508678236,0.028037383177570093,0.018691588785046728,0.021361815754339118,0.0,0.0,0.0026702269692923898,0.0,0.0,0.0,0.0,0.0,0.0,0.012016021361815754,0.02403204272363151,0.029372496662216287,0.0,0.042723631508678236,0.018691588785046728,0.0,0.0,0.014686248331108143,0.009345794392523364,0.0,0.025367156208277702,0.00801068090787717,0.042723631508678236,0.0,0.0,0.0,0.006675567423230975,0.0,0.012016021361815754,0.042723631508678236,0.0,0.02403204272363151,0.037383177570093455,0.004005340453938585
P4,0.0,0.0,0.0,0.0,0.0,0.0,0.0,0.0,0.0,0.043859649122807015,0.043859649122807015,0.043859649122807015,0.0,0.0,0.0,0.043859649122807015,0.0,0.03508771929824561,0.0,0.0,0.0,0.0,0.043859649122807015,0.0,0.0,0.0,0.0,0.0,0.0,0.043859649122807015,0.043859649122807015,0.043859649122807015,0.043859649122807015,0.043859649122807015,0.017543859649122806,0.043859649122807015,0.03508771929824561,0.043859649122807015,0.0,0.0,0.0,0.043859649122807015,0.0,0.0,0.043859649122807015,0.043859649122807015,0.0,0.0,0.043859649122807015,0.0,0.0,0.0,0.043859649122807015,0.043859649122807015,0.03508771929824561,0.0,0.043859649122807015,0.0,0.0,0.043859649122807015,0.0,0.0,0.0
P8,0.043010752688172046,0.043010752688172046,0.043010752688172046,0.043010752688172046,0.010752688172043012,0.043010752688172046,0.0,0.021505376344086023,0.03225806451612903,0.0,0.0,0.0,0.010752688172043012,0.021505376344086023,0.043010752688172046,0.0,0.03225806451612903,0.0,0.03225806451612903,0.043010752688172046,0.0,0.043010752688172046,0.0,0.0,0.021505376344086023,0.043010752688172046,0.043010752688172046,0.0,0.03225806451612903,0.0,0.0,0.0,0.0,0.0,0.0,0.0,0.0,0.0,0.03225806451612903,0.043010752688172046,0.043010752688172046,0.0,0.043010752688172046,0.0,0.0,0.0,0.043010752688172046,0.0,0.0,0.0,0.0,0.043010752688172046,0.0,0.0,0.0,0.0,0.0,0.0,0.043010752688172046,0.0,0.021505376344086023,0.043010752688172046,0.0
TP10,0.04183006535947712,0.044444444444444446,0.027450980392156862,0.03398692810457516,0.013071895424836602,0.032679738562091505,0.023529411764705882,0.02483660130718954,0.027450980392156862,0.0,0.0,0.0,0.026143790849673203,0.02875816993464052,0.044444444444444446,0.0,0.03790849673202614,0.0,0.00522875816993464,0.0457516339869281,0.00784313725490196,0.032679738562091505,0.0,0.00784313725490196,0.022222222222222223,0.047058823529411764,0.02875816993464052,0.01699346405228758,0.02091503267973856,0.0,0.0,0.0,0.0,0.0,0.0,0.0,0.0,0.0,0.011764705882352941,0.02483660130718954,0.032679738562091505,0.0,0.0457516339869281,0.01568627450980392,0.0,0.0,0.01699346405228758,0.006535947712418301,0.0,0.022222222222222223,0.00522875816993464,0.047058823529411764,0.0,0.0,0.0,0.00522875816993464,0.0,0.01045751633986928,0.047058823529411764,0.0,0.022222222222222223,0.040522875816993466,0.00392156862745098
CP6,0.03146853146853147,0.03146853146853147,0.024475524475524476,0.024475524475524476,0.024475524475524476,0.027972027972027972,0.03146853146853147,0.03146853146853147,0.03146853146853147,0.0,0.0,0.0,0.03146853146853147,0.03146853146853147,0.03146853146853147,0.0,0.03146853146853147,0.0,0.0,0.027972027972027972,0.027972027972027972,0.024475524475524476,0.0,0.02097902097902098,0.027972027972027972,0.03146853146853147,0.02097902097902098,0.027972027972027972,0.02097902097902098,0.0,0.0,0.006993006993006993,0.0,0.0,0.0,0.0,0.0,0.0,0.013986013986013986,0.017482517482517484,0.02097902097902098,0.0,0.03146853146853147,0.03146853146853147,0.0,0.0,0.01048951048951049,0.024475524475524476,0.0,0.03146853146853147,0.02097902097902098,0.03146853146853147,0.0,0.0,0.0,0.017482517482517484,0.0,0.027972027972027972,0.03146853146853147,0.0,0.027972027972027972,0.027972027972027972,0.01048951048951049
CP2,0.0359375,0.0375,0.03125,0.0375,0.0140625,0.0359375,0.0265625,0.028125,0.03125,0.0,0.0,0.0,0.028125,0.03125,0.0359375,0.0,0.0328125,0.0,0.00625,0.0390625,0.0078125,0.0359375,0.0,0.009375,0.025,0.0390625,0.034375,0.01875,0.025,0.0,0.0,0.0,0.0,0.0,0.0,0.0,0.0,0.0,0.0140625,0.0296875,0.0375,0.0,0.0375,0.0171875,0.0,0.0,0.0203125,0.00625,0.0,0.025,0.0046875,0.0390625,0.0,0.0,0.0,0.0046875,0.0,0.0109375,0.0390625,0.0,0.025,0.0375,0.0046875
Cz,0.0,0.0,0.0,0.0,0.0,0.0,0.0,0.0,0.0,0.047619047619047616,0.05215419501133787,0.05215419501133787,0.0,0.0,0.0,0.05442176870748299,0.0,0.009070294784580499,0.0,0.0,0.0,0.0,0.047619047619047616,0.0,0.0,0.0,0.0,0.0,0.0,0.05442176870748299,0.05442176870748299,0.024943310657596373,0.047619047619047616,0.034013605442176874,0.0045351473922902496,0.045351473922902494,0.018140589569160998,0.05442176870748299,0.0,0.0,0.0,0.05215419501133787,0.0,0.0,0.05215419501133787,0.049886621315192746,0.0,0.0022675736961451248,0.049886621315192746,0.0,0.0022675736961451248,0.0,0.05442176870748299,0.04081632653061224,0.009070294784580499,0.0,0.05215419501133787,0.0,0.0,0.034013605442176874,0.0,0.0,0.0
C4,0.028985507246376812,0.028985507246376812,0.028985507246376812,0.028985507246376812,0.028985507246376812,0.028985507246376812,0.028985507246376812,0.028985507246376812,0.028985507246376812,0.0,0.0,0.0,0.028985507246376812,0.028985507246376812,0.028985507246376812,0.0,0.028985507246376812,0.0,0.0,0.028985507246376812,0.01932367149758454,0.028985507246376812,0.0,0.024154589371980676,0.028985507246376812,0.028985507246376812,0.028985507246376812,0.028985507246376812,0.028985507246376812,0.0,0.0,0.0,0.0,0.0,0.0,0.0,0.0,0.0,0.024154589371980676,0.028985507246376812,0.028985507246376812,0.0,0.028985507246376812,0.028985507246376812,0.0,0.0,0.01932367149758454,0.014492753623188406,0.0,0.028985507246376812,0.00966183574879227,0.028985507246376812,0.0,0.0,0.0,0.00966183574879227,0.0,0.028985507246376812,0.028985507246376812,0.0,0.028985507246376812,0.028985507246376812,0.00966183574879227
T8,0.033210332103321034,0.033210332103321034,0.033210332103321034,0.033210332103321034,0.01845018450184502,0.033210332103321034,0.027675276752767528,0.03136531365313653,0.033210332103321034,0.0,0.0,0.0,0.02952029520295203,0.03136531365313653,0.033210332103321034,0.0,0.033210332103321034,0.0,0.007380073800738007,0.033210332103321034,0.01107011070110701,0.033210332103321034,0.0,0.01107011070110701,0.02952029520295203,0.033210332103321034,0.03136531365313653,0.023985239852398525,0.02952029520295203,0.0,0.0,0.0,0.0,0.0,0.0,0.0,0.0,0.0,0.016605166051660517,0.02952029520295203,0.03136531365313653,0.0,0.033210332103321034,0.02214022140221402,0.0,0.0,0.01845018450184502,0.00922509225092251,0.0,0.027675276752767528,0.007380073800738007,0.033210332103321034,0.0,0.0,0.0,0.007380073800738007,0.0,0.014760147601476014,0.033210332103321034,0.0,0.02952029520295203,0.033210332103321034,0.005535055350553505
FT10,0.03952095808383234,0.04311377245508982,0.025149700598802394,0.031137724550898204,0.011976047904191617,0.031137724550898204,0.022754491017964073,0.023952095808383235,0.026347305389221556,0.0,0.0,0.0,0.025149700598802394,0.027544910179640718,0.04910179640718563,0.0,0.03592814371257485,0.0,0.004790419161676647,0.04431137724550898,0.008383233532934131,0.029940119760479042,0.0,0.00718562874251497,0.02155688622754491,0.058682634730538925,0.026347305389221556,0.016766467065868262,0.019161676646706587,0.0,0.0,0.0011976047904191617,0.0,0.0,0.0,0.0,0.0,0.0,0.010778443113772455,0.022754491017964073,0.029940119760479042,0.0,0.05149700598802395,0.015568862275449102,0.0,0.0,0.015568862275449102,0.00718562874251497,0.0,0.02155688622754491,0.005988023952095809,0.055089820359281436,0.0,0.0,0.0,0.005988023952095809,0.0,0.010778443113772455,0.05269461077844311,0.0,0.02155688622754491,0.03832335329341317,0.003592814371257485
FC6,0.036458333333333336,0.036458333333333336,0.03125,0.03819444444444445,0.013888888888888888,0.036458333333333336,0.026041666666666668,0.027777777777777776,0.03125,0.0,0.0,0.0,0.027777777777777776,0.03125,0.034722222222222224,0.0,0.03298611111111111,0.0,0.006944444444444444,0.03819444444444445,0.006944444444444444,0.036458333333333336,0.0,0.008680555555555556,0.026041666666666668,0.03819444444444445,0.034722222222222224,0.019097222222222224,0.026041666666666668,0.0,0.0,0.0,0.0,0.0,0.0,0.0,0.0,0.0,0.015625,0.03298611111111111,0.03819444444444445,0.0,0.036458333333333336,0.017361111111111112,0.0,0.0,0.022569444444444444,0.005208333333333333,0.0,0.024305555555555556,0.003472222222222222,0.03819444444444445,0.0,0.0,0.0,0.003472222222222222,0.0,0.010416666666666666,0.03819444444444445,0.0,0.026041666666666668,0.03819444444444445,0.003472222222222222
FC2,0.03160270880361174,0.03160270880361174,0.03160270880361174,0.03160270880361174,0.022573363431151242,0.03160270880361174,0.029345372460496615,0.03160270880361174,0.03160270880361174,0.0,0.0,0.0,0.03160270880361174,0.03160270880361174,0.03160270880361174,0.0,0.03160270880361174,0.0,0.004514672686230248,0.03160270880361174,0.013544018058690745,0.03160270880361174,0.0,0.013544018058690745,0.03160270880361174,0.03160270880361174,0.029345372460496615,0.02708803611738149,0.029345372460496615,0.0,0.0,0.0,0.0,0.0,0.0,0.0,0.0,0.0,0.01580135440180587,0.02708803611738149,0.029345372460496615,0.0,0.03160270880361174,0.024830699774266364,0.0,0.0,0.01805869074492099,0.011286681715575621,0.0,0.029345372460496615,0.009029345372460496,0.03160270880361174,0.0,0.0,0.0,0.009029345372460496,0.0,0.01805869074492099,0.03160270880361174,0.0,0.03160270880361174,0.03160270880361174,0.006772009029345372
F4,0.034334763948497854,0.034334763948497854,0.034334763948497854,0.034334763948497854,0.017167381974248927,0.034334763948497854,0.02575107296137339,0.030042918454935622,0.032188841201716736,0.0,0.0,0.0,0.027896995708154508,0.030042918454935622,0.034334763948497854,0.0,0.032188841201716736,0.0,0.008583690987124463,0.034334763948497854,0.008583690987124463,0.034334763948497854,0.0,0.01072961373390558,0.027896995708154508,0.034334763948497854,0.034334763948497854,0.02145922746781116,0.030042918454935622,0.0,0.0,0.0,0.0,0.0,0.0,0.0,0.0,0.0,0.019313304721030045,0.034334763948497854,0.034334763948497854,0.0,0.034334763948497854,0.019313304721030045,0.0,0.0,0.023605150214592276,0.006437768240343348,0.0,0.02575107296137339,0.004291845493562232,0.034334763948497854,0.0,0.0,0.0,0.004291845493562232,0.0,0.012875536480686695,0.034334763948497854,0.0,0.027896995708154508,0.034334763948497854,0.004291845493562232
F8,0.0,0.0,0.0,0.0,0.0,0.0,0.0017331022530329288,0.0,0.0,0.038128249566724434,0.0658578856152513,0.05719237435008666,0.0017331022530329288,0.0017331022530329288,0.0017331022530329288,0.05199306759098787,0.0017331022530329288,0.006932409012131715,0.0,0.0,0.0017331022530329288,0.0,0.03986135181975736,0.0,0.0,0.0,0.0,0.0,0.0,0.0831889081455806,0.05025996533795494,0.02079722703639515,0.038128249566724434,0.025996533795493933,0.0034662045060658577,0.03466204506065858,0.01386481802426343,0.06412478336221837,0.0,0.0,0.0,0.053726169844020795,0.0017331022530329288,0.0,0.06412478336221837,0.0415944540727903,0.0,0.0034662045060658577,0.043327556325823226,0.0017331022530329288,0.0034662045060658577,0.0,0.0658578856152513,0.03292894280762565,0.006932409012131715,0.0,0.05025996533795494,0.0,0.0,0.025996533795493933,0.0,0.0,0.0
Fp2,0.0,0.0,0.0,0.0,0.0,0.0,0.0020491803278688526,0.0,0.0,0.045081967213114756,0.055327868852459015,0.05122950819672131,0.0020491803278688526,0.0020491803278688526,0.0020491803278688526,0.05327868852459016,0.0020491803278688526,0.00819672131147541,0.0,0.0,0.0020491803278688526,0.0,0.045081967213114756,0.0,0.0,0.0,0.0,0.0,0.0,0.05942622950819672,0.055327868852459015,0.02459016393442623,0.045081967213114756,0.030737704918032786,0.004098360655737705,0.040983606557377046,0.01639344262295082,0.055327868852459015,0.0,0.0,0.0,0.05122950819672131,0.0020491803278688526,0.0,0.05327868852459016,0.0471311475409836,0.0,0.004098360655737705,0.0471311475409836,0.0020491803278688526,0.004098360655737705,0.0,0.05737704918032787,0.0389344262295082,0.00819672131147541,0.0,0.05122950819672131,0.0,0.0,0.030737704918032786,0.0,0.0,0.0
AF7,0.010309278350515464,0.010309278350515464,0.003436426116838488,0.003436426116838488,0.003436426116838488,0.006872852233676976,0.013745704467353952,0.010309278350515464,0.010309278350515464,0.03436426116838488,0.030927835051546393,0.030927835051546393,0.013745704467353952,0.013745704467353952,0.013745704467353952,0.03436426116838488,0.013745704467353952,0.010309278350515464,0.0,0.006872852233676976,0.013745704467353952,0.003436426116838488,0.030927835051546393,0.0,0.006872852233676976,0.010309278350515464,0.0,0.006872852233676976,0.0,0.03436426116838488,0.03436426116838488,0.041237113402061855,0.030927835051546393,0.03436426116838488,0.003436426116838488,0.030927835051546393,0.020618556701030927,0.03436426116838488,0.0,0.0,0.0,0.030927835051546393,0.013745704467353952,0.010309278350515464,0.030927835051546393,0.030927835051546393,0.0,0.01718213058419244,0.030927835051546393,0.013745704467353952,0.01718213058419244,0.010309278350515464,0.03436426116838488,0.03436426116838488,0.010309278350515464,0.006872852233676976,0.030927835051546393,0.006872852233676976,0.010309278350515464,0.03436426116838488,0.006872852233676976,0.006872852233676976,0.0
AF3,0.0,0.0,0.0,0.0,0.0,0.0,0.0,0.0,0.0,0.04929577464788732,0.051643192488262914,0.051643192488262914,0.0,0.0,0.0,0.0539906103286385,0.0,0.009389671361502348,0.0,0.0,0.0,0.0,0.046948356807511735,0.0,0.0,0.0,0.0,0.0,0.0,0.0539906103286385,0.0539906103286385,0.025821596244131457,0.046948356807511735,0.035211267605633804,0.004694835680751174,0.04460093896713615,0.018779342723004695,0.0539906103286385,0.0,0.0,0.0,0.051643192488262914,0.0,0.0,0.051643192488262914,0.04929577464788732,0.0,0.002347417840375587,0.04929577464788732,0.0,0.002347417840375587,0.0,0.0539906103286385,0.04225352112676056,0.009389671361502348,0.0,0.051643192488262914,0.0,0.0,0.035211267605633804,0.0,0.0,0.0
AFz,0.0,0.0,0.0,0.0,0.0,0.0,0.0031746031746031746,0.0,0.0,0.047619047619047616,0.044444444444444446,0.044444444444444446,0.0031746031746031746,0.0031746031746031746,0.0031746031746031746,0.047619047619047616,0.0031746031746031746,0.012698412698412698,0.0,0.0,0.0031746031746031746,0.0,0.044444444444444446,0.0,0.0,0.0,0.0,0.0,0.0,0.047619047619047616,0.047619047619047616,0.0380952380952381,0.044444444444444446,0.044444444444444446,0.006349206349206349,0.044444444444444446,0.025396825396825397,0.047619047619047616,0.0,0.0,0.0,0.044444444444444446,0.0031746031746031746,0.0,0.044444444444444446,0.044444444444444446,0.0,0.006349206349206349,0.044444444444444446,0.0031746031746031746,0.006349206349206349,0.0,0.047619047619047616,0.047619047619047616,0.012698412698412698,0.0,0.044444444444444446,0.0,0.0,0.044444444444444446,0.0,0.0,0.0
F1,0.0,0.0,0.0,0.0,0.0,0.0,0.0,0.0,0.0,0.04225352112676056,0.04225352112676056,0.04225352112676056,0.0,0.0,0.0,0.04225352112676056,0.0,0.04225352112676056,0.0,0.0,0.0,0.0,0.04225352112676056,0.0,0.0,0.0,0.0,0.0,0.0,0.04225352112676056,0.04225352112676056,0.04225352112676056,0.04225352112676056,0.04225352112676056,0.028169014084507043,0.04225352112676056,0.04225352112676056,0.04225352112676056,0.0,0.0,0.0,0.04225352112676056,0.0,0.0,0.04225352112676056,0.04225352112676056,0.0,0.0,0.04225352112676056,0.0,0.0,0.0,0.04225352112676056,0.04225352112676056,0.04225352112676056,0.0,0.04225352112676056,0.0,0.0,0.04225352112676056,0.0,0.0,0.0
F5,0.0,0.0,0.0,0.0,0.0,0.0,0.0,0.0,0.0,0.05037783375314862,0.05037783375314862,0.05037783375314862,0.0,0.0,0.0,0.05289672544080604,0.0,0.010075566750629723,0.0,0.0,0.0,0.0,0.04785894206549118,0.0,0.0,0.0,0.0,0.0,0.0,0.05289672544080604,0.05289672544080604,0.027707808564231738,0.04785894206549118,0.03526448362720403,0.005037783375314861,0.04534005037783375,0.020151133501259445,0.05289672544080604,0.0,0.0,0.0,0.05037783375314862,0.0,0.0,0.05037783375314862,0.05037783375314862,0.0,0.0025188916876574307,0.05037783375314862,0.0,0.0025188916876574307,0.0,0.05289672544080604,0.042821158690176324,0.010075566750629723,0.0,0.05037783375314862,0.0,0.0,0.03526448362720403,0.0,0.0,0.0
FT7,0.0,0.0,0.0,0.0,0.0,0.0,0.0,0.0,0.0,0.04639175257731959,0.04639175257731959,0.04639175257731959,0.0,0.0,0.0,0.04639175257731959,0.0,0.020618556701030927,0.0,0.0,0.0,0.0,0.04639175257731959,0.0,0.0,0.0,0.0,0.0,0.0,0.04639175257731959,0.04639175257731959,0.030927835051546393,0.04639175257731959,0.04639175257731959,0.010309278350515464,0.04639175257731959,0.03608247422680412,0.04639175257731959,0.0,0.0,0.0,0.04639175257731959,0.0,0.0,0.04639175257731959,0.04639175257731959,0.0,0.0,0.04639175257731959,0.0,0.0,0.0,0.04639175257731959,0.04639175257731959,0.020618556701030927,0.0,0.04639175257731959,0.0,0.0,0.04639175257731959,0.0,0.0,0.0
FC3,0.0,0.0,0.0,0.0,0.0,0.0,0.001841620626151013,0.0,0.0,0.040515653775322284,0.06261510128913444,0.0570902394106814,0.001841620626151013,0.001841620626151013,0.001841620626151013,0.053406998158379376,0.001841620626151013,0.007366482504604052,0.0,0.0,0.001841620626151013,0.0,0.0423572744014733,0.0,0.0,0.0,0.0,0.0,0.0,0.06813996316758748,0.05156537753222836,0.022099447513812154,0.040515653775322284,0.027624309392265192,0.003683241252302026,0.03683241252302026,0.014732965009208104,0.06261510128913444,0.0,0.0,0.0,0.053406998158379376,0.001841620626151013,0.0,0.06077348066298342,0.04419889502762431,0.0,0.003683241252302026,0.04419889502762431,0.001841620626151013,0.003683241252302026,0.0,0.06445672191528545,0.034990791896869246,0.007366482504604052,0.0,0.049723756906077346,0.0,0.0,0.027624309392265192,0.0,0.0,0.0
C1,0.03488372093023256,0.03488372093023256,0.03488372093023256,0.03488372093023256,0.023255813953488372,0.03488372093023256,0.01937984496124031,0.027131782945736434,0.031007751937984496,0.0,0.0,0.0,0.023255813953488372,0.027131782945736434,0.03488372093023256,0.0,0.031007751937984496,0.0,0.015503875968992248,0.03488372093023256,0.007751937984496124,0.03488372093023256,0.0,0.011627906976744186,0.027131782945736434,0.03488372093023256,0.03488372093023256,0.01937984496124031,0.031007751937984496,0.0,0.0,0.0,0.0,0.0,0.0,0.0,0.0,0.0,0.031007751937984496,0.03488372093023256,0.03488372093023256,0.0,0.03488372093023256,0.015503875968992248,0.0,0.0,0.03488372093023256,0.003875968992248062,0.0,0.01937984496124031,0.0,0.03488372093023256,0.0,0.0,0.0,0.0,0.0,0.015503875968992248,0.03488372093023256,0.0,0.027131782945736434,0.03488372093023256,0.0
C5,0.036,0.036,0.032,0.038,0.014,0.036,0.026,0.028,0.032,0.0,0.0,0.0,0.028,0.03,0.034,0.0,0.032,0.0,0.008,0.038,0.006,0.036,0.0,0.008,0.026,0.038,0.036,0.02,0.028,0.0,0.0,0.0,0.0,0.0,0.0,0.0,0.0,0.0,0.018,0.034,0.038,0.0,0.036,0.018,0.0,0.0,0.026,0.004,0.0,0.024,0.002,0.038,0.0,0.0,0.0,0.002,0.0,0.01,0.038,0.0,0.026,0.038,0.002
TP7,0.03636363636363636,0.03801652892561983,0.03140495867768595,0.03801652892561983,0.013223140495867768,0.03636363636363636,0.026446280991735537,0.02809917355371901,0.03140495867768595,0.0,0.0,0.0,0.02809917355371901,0.03140495867768595,0.03636363636363636,0.0,0.03305785123966942,0.0,0.006611570247933884,0.03966942148760331,0.006611570247933884,0.03636363636363636,0.0,0.008264462809917356,0.024793388429752067,0.03966942148760331,0.03471074380165289,0.01818181818181818,0.024793388429752067,0.0,0.0,0.0,0.0,0.0,0.0,0.0,0.0,0.0,0.01487603305785124,0.03140495867768595,0.03801652892561983,0.0,0.03801652892561983,0.01652892561983471,0.0,0.0,0.021487603305785124,0.0049586776859504135,0.0,0.024793388429752067,0.003305785123966942,0.03966942148760331,0.0,0.0,0.0,0.003305785123966942,0.0,0.009917355371900827,0.03966942148760331,0.0,0.024793388429752067,0.03801652892561983,0.003305785123966942
CP3,0.0,0.0,0.0,0.0,0.0,0.0,0.0,0.0,0.0,0.043222003929273084,0.05893909626719057,0.05697445972495088,0.0,0.0,0.0,0.0550098231827112,0.0,0.007858546168958742,0.0,0.0,0.0,0.0,0.04518664047151277,0.0,0.0,0.0,0.0,0.0,0.0,0.06286836935166994,0.0550098231827112,0.021611001964636542,0.043222003929273084,0.029469548133595286,0.003929273084479371,0.03929273084479371,0.015717092337917484,0.060903732809430254,0.0,0.0,0.0,0.0550098231827112,0.0,0.0,0.05893909626719057,0.047151277013752456,0.0,0.0019646365422396855,0.047151277013752456,0.0,0.0019646365422396855,0.0,0.060903732809430254,0.03732809430255403,0.007858546168958742,0.0,0.05304518664047151,0.0,0.0,0.029469548133595286,0.0,0.0,0.0
P1,0.04047619047619048,0.04404761904761905,0.025,0.030952380952380953,0.011904761904761904,0.030952380952380953,0.023809523809523808,0.025,0.02738095238095238,0.0,0.0,0.0,0.02619047619047619,0.02857142857142857,0.047619047619047616,0.0,0.036904761904761905,0.0,0.004761904761904762,0.04404761904761905,0.009523809523809525,0.02976190476190476,0.0,0.007142857142857143,0.02142857142857143,0.05357142857142857,0.02619047619047619,0.016666666666666666,0.01904761904761905,0.0,0.0,0.002380952380952381,0.0,0.0,0.0,0.0,0.0,0.0,0.010714285714285714,0.02261904761904762,0.02976190476190476,0.0,0.05,0.016666666666666666,0.0,0.0,0.015476190476190477,0.008333333333333333,0.0,0.02261904761904762,0.007142857142857143,0.05238095238095238,0.0,0.0,0.0,0.005952380952380952,0.0,0.010714285714285714,0.05119047619047619,0.0,0.02142857142857143,0.0380952380952381,0.0035714285714285713
P5,0.03167420814479638,0.03167420814479638,0.029411764705882353,0.029411764705882353,0.020361990950226245,0.03167420814479638,0.03167420814479638,0.03167420814479638,0.03167420814479638,0.0,0.0,0.0,0.03167420814479638,0.03167420814479638,0.03167420814479638,0.0,0.03167420814479638,0.0,0.0022624434389140274,0.03167420814479638,0.01583710407239819,0.029411764705882353,0.0,0.013574660633484163,0.03167420814479638,0.03167420814479638,0.027149321266968326,0.029411764705882353,0.027149321266968326,0.0,0.0,0.0022624434389140274,0.0,0.0,0.0,0.0,0.0,0.0,0.013574660633484163,0.024886877828054297,0.027149321266968326,0.0,0.03167420814479638,0.027149321266968326,0.0,0.0,0.01583710407239819,0.013574660633484163,0.0,0.03167420814479638,0.011312217194570135,0.03167420814479638,0.0,0.0,0.0,0.011312217194570135,0.0,0.020361990950226245,0.03167420814479638,0.0,0.03167420814479638,0.03167420814479638,0.006787330316742082
PO7,0.0,0.0,0.0,0.0,0.0,0.0,0.0,0.0,0.0,0.039568345323741004,0.06654676258992806,0.05935251798561151,0.0,0.0,0.0,0.0539568345323741,0.0,0.007194244604316547,0.0,0.0,0.0,0.0,0.04136690647482014,0.0,0.0,0.0,0.0,0.0,0.0,0.07194244604316546,0.052158273381294966,0.019784172661870502,0.039568345323741004,0.02697841726618705,0.0035971223021582736,0.03597122302158273,0.014388489208633094,0.06654676258992806,0.0,0.0,0.0,0.05575539568345324,0.0,0.0,0.06474820143884892,0.04316546762589928,0.0,0.0017985611510791368,0.044964028776978415,0.0,0.0017985611510791368,0.0,0.0683453237410072,0.0341726618705036,0.007194244604316547,0.0,0.052158273381294966,0.0,0.0,0.02697841726618705,0.0,0.0,0.0
PO3,0.0,0.0,0.0,0.0,0.0,0.0,0.0,0.0,0.0,0.04751131221719457,0.05203619909502263,0.05203619909502263,0.0,0.0,0.0,0.05429864253393665,0.0,0.00904977375565611,0.0,0.0,0.0,0.0,0.04751131221719457,0.0,0.0,0.0,0.0,0.0,0.0,0.05656108597285068,0.05429864253393665,0.024886877828054297,0.04751131221719457,0.033936651583710405,0.004524886877828055,0.04524886877828054,0.01809954751131222,0.05429864253393665,0.0,0.0,0.0,0.05203619909502263,0.0,0.0,0.05203619909502263,0.049773755656108594,0.0,0.0022624434389140274,0.049773755656108594,0.0,0.0022624434389140274,0.0,0.05429864253393665,0.04072398190045249,0.00904977375565611,0.0,0.05203619909502263,0.0,0.0,0.033936651583710405,0.0,0.0,0.0
POz,0.036303630363036306,0.036303630363036306,0.033003300330033,0.039603960396039604,0.0165016501650165,0.036303630363036306,0.019801980198019802,0.026402640264026403,0.0297029702970297,0.0,0.0,0.0,0.0231023102310231,0.026402640264026403,0.033003300330033,0.0,0.0297029702970297,0.0,0.013201320132013201,0.039603960396039604,0.0033003300330033004,0.036303630363036306,0.0,0.006600660066006601,0.026402640264026403,0.039603960396039604,0.036303630363036306,0.019801980198019802,0.0297029702970297,0.0,0.0,0.0,0.0,0.0,0.0,0.0,0.0,0.0,0.0231023102310231,0.036303630363036306,0.039603960396039604,0.0,0.036303630363036306,0.0165016501650165,0.0,0.0,0.036303630363036306,0.0,0.0,0.019801980198019802,0.0,0.039603960396039604,0.0,0.0,0.0,0.0,0.0,0.009900990099009901,0.039603960396039604,0.0,0.026402640264026403,0.039603960396039604,0.0
PO4,0.030303030303030304,0.030303030303030304,0.022727272727272728,0.022727272727272728,0.022727272727272728,0.026515151515151516,0.03409090909090909,0.030303030303030304,0.030303030303030304,0.0,0.0,0.0,0.03409090909090909,0.03409090909090909,0.03409090909090909,0.0,0.03409090909090909,0.0,0.0,0.026515151515151516,0.03409090909090909,0.022727272727272728,0.0,0.01893939393939394,0.026515151515151516,0.030303030303030304,0.01893939393939394,0.026515151515151516,0.01893939393939394,0.0,0.0,0.011363636363636364,0.0,0.0,0.0,0.0,0.0,0.0,0.011363636363636364,0.015151515151515152,0.01893939393939394,0.0,0.03409090909090909,0.030303030303030304,0.0,0.0,0.007575757575757576,0.030303030303030304,0.0,0.03409090909090909,0.026515151515151516,0.030303030303030304,0.0,0.0,0.0,0.01893939393939394,0.0,0.026515151515151516,0.030303030303030304,0.0,0.026515151515151516,0.026515151515151516,0.011363636363636364
PO8,0.0,0.0,0.0,0.0,0.0,0.0,0.0,0.0,0.0,0.046153846153846156,0.05274725274725275,0.05274725274725275,0.0,0.0,0.0,0.054945054945054944,0.0,0.008791208791208791,0.0,0.0,0.0,0.0,0.04835164835164835,0.0,0.0,0.0,0.0,0.0,0.0,0.05714285714285714,0.054945054945054944,0.024175824175824177,0.046153846153846156,0.03296703296703297,0.004395604395604396,0.04395604395604396,0.017582417582417582,0.054945054945054944,0.0,0.0,0.0,0.05274725274725275,0.0,0.0,0.05274725274725275,0.05054945054945055,0.0,0.002197802197802198,0.05054945054945055,0.0,0.002197802197802198,0.0,0.054945054945054944,0.03956043956043956,0.008791208791208791,0.0,0.05274725274725275,0.0,0.0,0.03296703296703297,0.0,0.0,0.0
P6,0.03424657534246575,0.03424657534246575,0.02910958904109589,0.030821917808219176,0.017123287671232876,0.032534246575342464,0.032534246575342464,0.032534246575342464,0.03424657534246575,0.0,0.0,0.0,0.03424657534246575,0.03424657534246575,0.03424657534246575,0.0,0.03424657534246575,0.0,0.003424657534246575,0.032534246575342464,0.0136986301369863,0.030821917808219176,0.0,0.010273972602739725,0.02910958904109589,0.03424657534246575,0.02910958904109589,0.023972602739726026,0.023972602739726026,0.0,0.0,0.003424657534246575,0.0,0.0,0.0,0.0,0.0,0.0,0.011986301369863013,0.025684931506849314,0.02910958904109589,0.0,0.03424657534246575,0.023972602739726026,0.0,0.0,0.0136986301369863,0.011986301369863013,0.0,0.030821917808219176,0.010273972602739725,0.03424657534246575,0.0,0.0,0.0,0.008561643835616438,0.0,0.015410958904109588,0.03424657534246575,0.0,0.02910958904109589,0.032534246575342464,0.005136986301369863
P2,0.030434782608695653,0.030434782608695653,0.021739130434782608,0.021739130434782608,0.021739130434782608,0.02608695652173913,0.034782608695652174,0.030434782608695653,0.030434782608695653,0.0,0.0,0.0,0.034782608695652174,0.034782608695652174,0.034782608695652174,0.0,0.034782608695652174,0.0,0.0,0.02608695652173913,0.034782608695652174,0.021739130434782608,0.0,0.017391304347826087,0.02608695652173913,0.030434782608695653,0.017391304347826087,0.02608695652173913,0.017391304347826087,0.0,0.0,0.013043478260869565,0.0,0.0,0.0,0.0,0.0,0.0,0.008695652173913044,0.013043478260869565,0.017391304347826087,0.0,0.034782608695652174,0.030434782608695653,0.0,0.0,0.004347826086956522,0.034782608695652174,0.0,0.034782608695652174,0.030434782608695653,0.030434782608695653,0.0,0.0,0.0,0.021739130434782608,0.0,0.02608695652173913,0.030434782608695653,0.0,0.02608695652173913,0.02608695652173913,0.013043478260869565
CPz,0.039568345323741004,0.04316546762589928,0.025179856115107913,0.03117505995203837,0.011990407673860911,0.03117505995203837,0.022781774580335732,0.023980815347721823,0.026378896882494004,0.0,0.0,0.0,0.025179856115107913,0.027577937649880094,0.049160671462829736,0.0,0.03597122302158273,0.0,0.004796163069544364,0.04436450839328537,0.008393285371702638,0.02997601918465228,0.0,0.007194244604316547,0.02158273381294964,0.05755395683453238,0.026378896882494004,0.016786570743405275,0.019184652278177457,0.0,0.0,0.001199040767386091,0.0,0.0,0.0,0.0,0.0,0.0,0.01079136690647482,0.022781774580335732,0.02997601918465228,0.0,0.05155875299760192,0.015587529976019185,0.0,0.0,0.015587529976019185,0.007194244604316547,0.0,0.02158273381294964,0.005995203836930456,0.05515587529976019,0.0,0.0,0.0,0.005995203836930456,0.0,0.01079136690647482,0.05275779376498801,0.0,0.02158273381294964,0.03836930455635491,0.0035971223021582736
CP4,0.0,0.0,0.0,0.0,0.0,0.0,0.0018050541516245488,0.0,0.0,0.039711191335740074,0.0631768953068592,0.05776173285198556,0.0018050541516245488,0.0018050541516245488,0.0018050541516245488,0.05415162454873646,0.0018050541516245488,0.007220216606498195,0.0,0.0,0.0018050541516245488,0.0,0.04151624548736462,0.0,0.0,0.0,0.0,0.0,0.0,0.0703971119133574,0.052346570397111915,0.021660649819494584,0.039711191335740074,0.02707581227436823,0.0036101083032490976,0.036101083032490974,0.01444043321299639,0.0631768953068592,0.0,0.0,0.0,0.05415162454873646,0.0018050541516245488,0.0,0.061371841155234655,0.04332129963898917,0.0,0.0036101083032490976,0.04332129963898917,0.0018050541516245488,0.0036101083032490976,0.0,0.06498194945848375,0.03429602888086643,0.007220216606498195,0.0,0.05054151624548736,0.0,0.0,0.02707581227436823,0.0,0.0,0.0
TP8,0.0,0.0,0.0,0.0,0.0,0.0,0.0026455026455026454,0.0,0.0,0.047619047619047616,0.047619047619047616,0.047619047619047616,0.0026455026455026454,0.0026455026455026454,0.0026455026455026454,0.05026455026455026,0.0026455026455026454,0.010582010582010581,0.0,0.0,0.0026455026455026454,0.0,0.04497354497354497,0.0,0.0,0.0,0.0,0.0,0.0,0.05026455026455026,0.05026455026455026,0.031746031746031744,0.04497354497354497,0.03968253968253968,0.005291005291005291,0.042328042328042326,0.021164021164021163,0.05026455026455026,0.0,0.0,0.0,0.047619047619047616,0.0026455026455026454,0.0,0.047619047619047616,0.047619047619047616,0.0,0.005291005291005291,0.047619047619047616,0.0026455026455026454,0.005291005291005291,0.0,0.05026455026455026,0.04497354497354497,0.010582010582010581,0.0,0.047619047619047616,0.0,0.0,0.03968253968253968,0.0,0.0,0.0
C6,0.0,0.0,0.0,0.0,0.0,0.0,0.0,0.0,0.0,0.043859649122807015,0.043859649122807015,0.043859649122807015,0.0,0.0,0.0,0.043859649122807015,0.0,0.03508771929824561,0.0,0.0,0.0,0.0,0.043859649122807015,0.0,0.0,0.0,0.0,0.0,0.0,0.043859649122807015,0.043859649122807015,0.043859649122807015,0.043859649122807015,0.043859649122807015,0.017543859649122806,0.043859649122807015,0.03508771929824561,0.043859649122807015,0.0,0.0,0.0,0.043859649122807015,0.0,0.0,0.043859649122807015,0.043859649122807015,0.0,0.0,0.043859649122807015,0.0,0.0,0.0,0.043859649122807015,0.043859649122807015,0.03508771929824561,0.0,0.043859649122807015,0.0,0.0,0.043859649122807015,0.0,0.0,0.0
C2,0.028901734104046242,0.028901734104046242,0.028901734104046242,0.028901734104046242,0.028901734104046242,0.028901734104046242,0.028901734104046242,0.028901734104046242,0.028901734104046242,0.0,0.0,0.0,0.028901734104046242,0.028901734104046242,0.028901734104046242,0.0,0.028901734104046242,0.0,0.0,0.028901734104046242,0.028901734104046242,0.028901734104046242,0.0,0.023121387283236993,0.028901734104046242,0.028901734104046242,0.023121387283236993,0.028901734104046242,0.023121387283236993,0.0,0.0,0.0,0.0,0.0,0.0,0.0,0.0,0.0,0.011560693641618497,0.017341040462427744,0.023121387283236993,0.0,0.028901734104046242,0.028901734104046242,0.0,0.0,0.005780346820809248,0.028901734104046242,0.0,0.028901734104046242,0.023121387283236993,0.028901734104046242,0.0,0.0,0.0,0.023121387283236993,0.0,0.028901734104046242,0.028901734104046242,0.0,0.028901734104046242,0.028901734104046242,0.017341040462427744
FC4,0.0,0.0,0.0,0.0,0.0,0.0,0.0,0.0,0.0,0.044534412955465584,0.05668016194331984,0.05465587044534413,0.0,0.0,0.0,0.05465587044534413,0.0,0.008097165991902834,0.0,0.0,0.0,0.0,0.0465587044534413,0.0,0.0,0.0,0.0,0.0,0.0,0.06072874493927125,0.05668016194331984,0.022267206477732792,0.044534412955465584,0.030364372469635626,0.004048582995951417,0.04048582995951417,0.016194331983805668,0.058704453441295545,0.0,0.0,0.0,0.05465587044534413,0.0,0.0,0.05668016194331984,0.048582995951417005,0.0,0.0020242914979757085,0.048582995951417005,0.0,0.0020242914979757085,0.0,0.058704453441295545,0.038461538461538464,0.008097165991902834,0.0,0.05263157894736842,0.0,0.0,0.030364372469635626,0.0,0.0,0.0
FT8,0.0297029702970297,0.0297029702970297,0.0297029702970297,0.0297029702970297,0.0297029702970297,0.0297029702970297,0.0297029702970297,0.0297029702970297,0.0297029702970297,0.0,0.0,0.0,0.0297029702970297,0.0297029702970297,0.0297029702970297,0.0,0.0297029702970297,0.0,0.0033003300330033004,0.0297029702970297,0.019801980198019802,0.0297029702970297,0.0,0.019801980198019802,0.0297029702970297,0.0297029702970297,0.026402640264026403,0.0297029702970297,0.026402640264026403,0.0,0.0,0.0,0.0,0.0,0.0,0.0,0.0,0.0,0.019801980198019802,0.0231023102310231,0.026402640264026403,0.0,0.0297029702970297,0.026402640264026403,0.0,0.0,0.0165016501650165,0.0165016501650165,0.0,0.0297029702970297,0.013201320132013201,0.0297029702970297,0.0,0.0,0.0,0.013201320132013201,0.0,0.026402640264026403,0.0297029702970297,0.0,0.0297029702970297,0.0297029702970297,0.009900990099009901
F6,0.040194884287454324,0.0438489646772229,0.025578562728380026,0.031668696711327646,0.012180267965895249,0.031668696711327646,0.023142509135200974,0.024360535931790498,0.02679658952496955,0.0,0.0,0.0,0.025578562728380026,0.028014616321559074,0.047503045066991476,0.0,0.03654080389768575,0.0,0.0048721071863581,0.04506699147381242,0.008526187576126675,0.030450669914738125,0.0,0.007308160779537149,0.02192448233861145,0.0535931790499391,0.02679658952496955,0.01705237515225335,0.0194884287454324,0.0,0.0,0.001218026796589525,0.0,0.0,0.0,0.0,0.0,0.0,0.010962241169305725,0.023142509135200974,0.030450669914738125,0.0,0.049939098660170524,0.015834348355663823,0.0,0.0,0.015834348355663823,0.007308160779537149,0.0,0.02192448233861145,0.0060901339829476245,0.05237515225334957,0.0,0.0,0.0,0.0060901339829476245,0.0,0.010962241169305725,0.05115712545676005,0.0,0.02192448233861145,0.0389768574908648,0.0036540803897685747
AF8,0.0,0.0,0.0,0.0,0.0,0.0,0.0031746031746031746,0.0,0.0,0.047619047619047616,0.044444444444444446,0.044444444444444446,0.0031746031746031746,0.0031746031746031746,0.0031746031746031746,0.047619047619047616,0.0031746031746031746,0.012698412698412698,0.0,0.0,0.0031746031746031746,0.0,0.044444444444444446,0.0,0.0,0.0,0.0,0.0,0.0,0.047619047619047616,0.047619047619047616,0.0380952380952381,0.044444444444444446,0.044444444444444446,0.006349206349206349,0.044444444444444446,0.025396825396825397,0.047619047619047616,0.0,0.0,0.0,0.044444444444444446,0.0031746031746031746,0.0,0.044444444444444446,0.044444444444444446,0.0,0.006349206349206349,0.044444444444444446,0.0031746031746031746,0.006349206349206349,0.0,0.047619047619047616,0.047619047619047616,0.012698412698412698,0.0,0.044444444444444446,0.0,0.0,0.044444444444444446,0.0,0.0,0.0
AF4,0.033210332103321034,0.033210332103321034,0.033210332103321034,0.033210332103321034,0.01845018450184502,0.033210332103321034,0.027675276752767528,0.03136531365313653,0.033210332103321034,0.0,0.0,0.0,0.02952029520295203,0.03136531365313653,0.033210332103321034,0.0,0.033210332103321034,0.0,0.007380073800738007,0.033210332103321034,0.01107011070110701,0.033210332103321034,0.0,0.01107011070110701,0.02952029520295203,0.033210332103321034,0.03136531365313653,0.023985239852398525,0.02952029520295203,0.0,0.0,0.0,0.0,0.0,0.0,0.0,0.0,0.0,0.016605166051660517,0.02952029520295203,0.03136531365313653,0.0,0.033210332103321034,0.02214022140221402,0.0,0.0,0.01845018450184502,0.00922509225092251,0.0,0.027675276752767528,0.007380073800738007,0.033210332103321034,0.0,0.0,0.0,0.007380073800738007,0.0,0.014760147601476014,0.033210332103321034,0.0,0.02952029520295203,0.033210332103321034,0.005535055350553505
F2,0.04033379694019471,0.04172461752433936,0.02920723226703755,0.03477051460361613,0.013908205841446454,0.03337969401947149,0.025034770514603615,0.02642559109874826,0.02920723226703755,0.0,0.0,0.0,0.02642559109874826,0.02920723226703755,0.04033379694019471,0.0,0.037552155771905425,0.0,0.005563282336578581,0.043115438108484005,0.008344923504867872,0.03337969401947149,0.0,0.008344923504867872,0.02364394993045897,0.043115438108484005,0.030598052851182198,0.01808066759388039,0.022253129346314324,0.0,0.0,0.0,0.0,0.0,0.0,0.0,0.0,0.0,0.012517385257301807,0.02642559109874826,0.03337969401947149,0.0,0.04172461752433936,0.016689847009735744,0.0,0.0,0.01808066759388039,0.006954102920723227,0.0,0.02364394993045897,0.005563282336578581,0.043115438108484005,0.0,0.0,0.0,0.005563282336578581,0.0,0.011126564673157162,0.043115438108484005,0.0,0.02364394993045897,0.04033379694019471,0.004172461752433936
FCz,0.027777777777777776,0.027777777777777776,0.027777777777777776,0.027777777777777776,0.027777777777777776,0.027777777777777776,0.027777777777777776,0.027777777777777776,0.027777777777777776,0.0,0.0,0.0,0.027777777777777776,0.027777777777777776,0.027777777777777776,0.0,0.027777777777777776,0.0,0.0,0.027777777777777776,0.027777777777777776,0.027777777777777776,0.0,0.027777777777777776,0.027777777777777776,0.027777777777777776,0.027777777777777776,0.027777777777777776,0.027777777777777776,0.0,0.0,0.0,0.0,0.0,0.0,0.0,0.0,0.0,0.018518518518518517,0.027777777777777776,0.027777777777777776,0.0,0.027777777777777776,0.027777777777777776,0.0,0.0,0.009259259259259259,0.027777777777777776,0.0,0.027777777777777776,0.018518518518518517,0.027777777777777776,0.0,0.0,0.0,0.018518518518518517,0.0,0.027777777777777776,0.027777777777777776,0.0,0.027777777777777776,0.027777777777777776,0.018518518518518517
