,S1_D1 hbo,S1_D3 hbo,S2_D1 hbo,S2_D2 hbo,S2_D4 hbo,S3_D1 hbo,S3_D3 hbo,S3_D4 hbo,S3_D5 hbo,S4_D2 hbo,S4_D4 hbo,S4_D6 hbo,S4_D11 hbo,S5_D3 hbo,S5_D5 hbo,S5_D7 hbo,S6_D4 hbo,S6_D5 hbo,S6_D6 hbo,S6_D8 hbo,S7_D5 hbo,S7_D7 hbo,S7_D8 hbo,S8_D6 hbo,S8_D8 hbo,S8_D15 hbo,S9_D2 hbo,S9_D9 hbo,S9_D11 hbo,S10_D9 hbo,S10_D10 hbo,S10_D12 hbo,S11_D9 hbo,S11_D11 hbo,S11_D12 hbo,S11_D13 hbo,S12_D10 hbo,S12_D12 hbo,S12_D14 hbo,S13_D6 hbo,S13_D11 hbo,S13_D13 hbo,S13_D15 hbo,S14_D12 hbo,S14_D13 hbo,S14_D14 hbo,S14_D16 hbo,S15_D13 hbo,S15_D15 hbo,S15_D16 hbo,S16_D14 hbo,S16_D16 hbo
S1_D1 hbo,0.09599236452625741,-0.0001261440895545999,-0.0012795178954655556,-0.07737339028233235,-0.0012795178954655556,0.18744760940035055,0.016389342659614364,-0.0909186314515713,0.028472864385862495,-0.05065571274667752,-0.0243108400138458,0.10934274728620322,-0.04413987737746615,-0.2109625184166381,0.09486700957658462,-0.08273585184563267,-0.033796920962987094,-0.20557203799709953,-0.014451954261881431,-0.08989491643317853,0.03771653977573061,-0.08812633226517129,0.03560391011717012,-0.03748327638026167,0.21181025171817164,0.06232158765282492,0.011679272223947034,-0.044549122489794334,-0.1388983064815674,0.0722169137142944,0.06877222340026132,-0.07774619508515543,-0.09497779167166896,0.002779642324632107,-0.014824759064704509,-0.010765598844606846,-0.033796920962987094,-0.0188839192848022,-0.033796920962987094,-0.08167495606170319,-0.010765598844606846,0.25377655496929774,0.21181025171817164,-0.02662943492217445,-0.048264237219338806,0.13200126460176037,-0.043861031508687955,-0.010765598844606846,0.11244265165365143,0.02345518876914699,-0.014824759064704509,-0.010765598844606846
S1_D3 hbo,0.01914696819642363,-0.1573262734321399,-0.0011896351517101062,0.002811864904042119,-0.0011896351517101062,0.12185972567302229,-0.1213339886942761,-0.011896351517101183,0.05367484776711069,0.002811864904042119,-0.11282181024902535,0.1612879292483613,0.0356994037044286,-0.28783271654103704,0.01971254941470071,-0.1427474214250582,-0.037311284303635624,-0.1582054339901024,-0.04395958027108736,-0.08738928390217858,0.06516861722765224,-0.09994021935443133,0.06436397057218941,-0.011896351517101183,0.17932029365323052,0.03562488980192917,-0.0926300950446406,-0.07933143327911195,-0.09672370256320456,0.16064990395820963,0.05305441603727145,-0.026604567938244516,-0.01589785157285344,0.03891385066503024,-0.01589785157285344,-0.011896351517101183,-0.037311284303635624,-0.019899351628605663,-0.037311284303635624,-0.014415852845364138,0.06030762000487506,0.07980231974629616,0.21542227941421865,-0.013194135318966781,-0.033875365466160476,0.1860255099628693,0.012220797467567598,-0.011896351517101183,0.058463400918013386,0.18337664422054484,-0.01589785157285344,-0.011896351517101183
S2_D1 hbo,-0.004644707862260007,0.008109570318994199,-0.3062310075695136,0.31189839009684356,-0.23536054450147234,0.21293545919534268,-0.0021207347795527973,-0.17733553277065117,0.18198556042303415,0.19473983860428834,0.2194420900243036,0.14069748461972087,0.113730243593666,0.1292507795578032,0.13802239999280372,0.05570523186284483,-0.16684624419543653,0.19247484899824868,-0.3938983449533068,0.19221586552158115,-0.004644707862260007,-0.004644707862260007,0.19221586552158115,0.24893330413306572,0.15874199366656533,-0.11427927365090734,-0.24312681490555615,0.006801997199657633,0.24096798864055827,-0.12450957874945433,-0.2557299815426004,0.18596821816928782,0.14598771548531111,0.006710824043691741,-0.21333337770837416,-0.19407246869815908,-0.53898155395862,-0.25703755466193695,-0.48746317305675985,0.15874199366656533,0.062211862691805696,-0.2507899073096437,0.2926374810866285,0.208952801449089,0.26314626697786647,-0.11029661590465362,0.2256897373765969,0.1974149232312055,0.0917942499565337,0.16524862449552624,-0.6639543093994729,-0.19407246869815908
S2_D2 hbo,-0.09303494202990394,-0.02104496256241852,0.3619468850955866,-0.27390747012713695,0.037827179962596325,0.1669853125581652,-0.04633202639500642,-0.05991920054557067,0.17725302024690323,-0.11912861502451542,-0.04550982796152642,-0.12688211087483312,-0.11471152944609811,0.14923952970222065,0.0926813601339428,0.1665742133414252,0.3031499243719995,0.10023597164119483,0.2705823151766529,-0.08473331389059952,-0.023970273617578815,0.010562060588583716,0.04591659322822631,0.11009122557457514,-0.04061979189555006,-0.006087457689387586,-0.04796083399051006,-0.07073504052329528,0.03150722064418206,-0.11471152944609811,0.05753904236797459,-0.274729668560617,-0.21328146292636282,-0.2229996837874964,-0.023422141328592137,0.006220156811594155,0.013562553445171821,-0.033277395261972424,0.08249018878525019,0.015801344600481024,0.09261950886312383,0.2012435806198344,-0.08752159187351324,-0.20580203322053853,-0.1266080447303397,0.03619837236709263,-0.26194910357207635,0.1620952764921889,0.028170810372281682,-0.14910683058001406,-0.08072732752892225,0.24822056239922535
S2_D4 hbo,0.0028473156847704157,0.015066449326951033,-0.20095037756159873,0.016837079055545708,-0.45202448073307144,0.13725778574875697,0.004836144228404037,0.17263103299334828,0.1560479230503889,0.08106026361534013,0.22936272490347245,0.1110739279440843,0.11924505624715451,0.13725778574875697,0.1952986705491148,0.19988084566493253,-0.26563261427325113,0.09839574215004578,-0.06792183332619212,0.08379907606421688,0.019648624442768735,0.0028473156847704157,0.02866750879771159,0.18965054056638553,-0.0921419017955144,0.13107548598932037,-0.03295994450339562,-0.003334984074666167,0.23089011660874503,0.05058516244823495,-0.059459773269736754,0.07182318044535836,0.07143447654534368,-0.09495344718273743,-0.16116546028616557,-0.055168529907304205,-0.45204713525485146,-0.11320941470766202,-0.3940789833928399,0.19988084566493253,-0.05356840526368532,0.010266075396094388,0.14627667010369982,0.06983435190172474,0.18446146273551414,-0.17476651975692606,0.07747131042808766,-0.11779158982347977,0.09907299311694262,0.016837079055545708,-0.4280703048088512,-0.14237532298453362
S3_D1 hbo,0.04194171673481456,-0.1148051871298927,0.21540103354398582,0.0894244891172396,0.1506848812909553,-0.6616574707412979,-0.116392903818447,-0.19622134437232258,0.0697730717253124,-0.29460542535129336,-0.13842092357221175,-0.1148051871298927,0.13980483078764377,0.22917444204098647,-0.04026332618089864,-0.007905250054383377,0.13581148453283265,0.26868714116314396,0.24431575754625096,-0.1437199111321579,0.1286568615371905,-0.1593655743142092,0.20610869972922857,0.1466915350361441,0.07667639522316742,0.19922199548072816,-0.1336262836890525,0.03956511437297702,0.16527620266565873,0.018859355173701905,-0.07768149832463765,-0.15459996163546944,-0.1755446123774668,-0.03947444050761528,-0.16625227856270958,0.07615542829702576,0.05147294209229426,0.06579634471985592,0.019648240846985264,0.05574415243623462,0.011972650925201535,0.04063186413538961,-0.05644236424415624,-0.10845185776259873,0.09392218304883768,-0.07900375887912736,-0.36358284260627693,0.24376576341568995,-0.0339099968136045,0.30159521142022017,-0.0023631596574248234,-0.14768423018254967
S3_D3 hbo,0.100949344973836,0.0026834565253968526,0.00710900171350411,0.010443112215068029,0.00710900171350411,0.13326905525506466,0.010885536862825604,-0.04160291781781972,-0.0427421828624737,0.010443112215068029,-0.21116795689526935,0.06587962336232644,-0.1417031937932458,-0.1942872845310515,-0.10399458279874803,-0.14373410581448684,-0.03319417811218054,-0.02140690871693311,-0.12093503694583878,-0.13794040196043242,0.09253719409813062,-0.01941531145816723,0.13382930089494408,-0.01304258819933823,0.13614883900222993,-0.07233244747006208,0.03126255990877346,-0.11070381181985378,-0.05336113061985162,0.038796782465339186,-0.10701611504662084,-0.016376698700902147,-0.016376698700902147,0.010443112215068029,-0.004633848493699034,-0.0012997379921350855,-0.021451327904977426,0.020592370623218552,-0.021451327904977426,-0.06257091169330446,0.040202488661076556,0.11724412627502524,0.2718568972940837,0.020592370623218552,-0.018361424301414037,0.14963220791194445,0.02900111032885775,-0.01304258819933823,0.08079775506099371,0.20314372592344254,0.020592370623218552,-0.0012997379921350855
S3_D4 hbo,-0.09490065182029153,0.00668865694900062,0.044715115904271616,-0.07025148657088028,0.24205394946038603,-0.13457770495187166,-0.04286121016225825,-0.9981221354501676,0.07730759777999462,-0.024355433274326006,0.30389059329460294,-0.0011809373922825963,0.12902919493957668,0.14731932985297044,0.1014232765564162,0.009557447678279176,0.1596061065759285,0.17718494068892474,0.026121376611868807,-0.12415905389822761,0.02916609215008867,0.00668865694900062,-0.009963234389059604,0.21887945357834254,0.007615599723936618,-0.006079538480374426,-0.28290946178719706,-0.09785740495404077,0.24423991962815128,-0.3044667799337776,-0.27490477347683234,-0.030195217256796008,0.13852279273675128,-0.10642405997627938,0.21763466630495534,0.015700836039758206,-0.16856619770797196,-0.04481729823604302,-0.090395507034146,0.07598908822157892,-0.019456832186234237,-0.21314185192764395,-0.021716524639028026,0.14147954587050046,0.1610002279378393,0.14731932985297044,-0.13792791438756719,0.25893572289242683,0.10726306053888615,0.1837217853523501,-0.22838727130281786,0.14856411712635764
S3_D5 hbo,-0.2920407975203403,-0.2848129601661663,0.2713300999815519,0.18810379609810793,0.21422761269946614,0.13264369129413625,-0.3881337805839585,0.079197520804256,-0.4001618858886873,0.1310013088160221,0.1325903043441958,0.09635593209770413,-0.06016610172990964,-0.3628787479594683,-0.3565196945821626,-0.10083038926985292,0.16443775900179144,-0.1307172965632976,0.20699977534529226,-0.22620627358614406,-0.44817237310694424,-0.3773344226678162,-0.025076879820641336,0.1896927916262816,0.16242382468770003,0.19784279990726406,-0.24299313304361492,-0.11460885013145071,-0.015590151072317471,0.1443966294173838,0.08464479250013818,0.07196968345008206,0.14796814997935223,-0.026527692168637432,0.1643529627715543,0.11919498374283409,0.00951510994773618,0.10367895492750012,0.04758343480246003,0.12189772032793435,0.03780263246762226,0.15712512541738038,0.18709682894106217,0.10532133740561427,-0.20250882720953087,0.2359111247619879,0.016509578646110454,0.1896927916262816,-0.14453755595057705,-0.07375299246138946,-0.0032981822824975342,0.16535992992859996
S4_D2 hbo,-0.07463955417294554,0.0036682863962709156,0.2215542620130333,-0.21818702591258946,0.016044691367989476,-0.21818702591258946,-0.012669800984906202,-0.08290572025035299,0.1724024601890437,-0.44623054070730905,0.01959115275479022,-0.013166954532629824,0.04880279865540952,0.15935292187728853,0.08339962830403276,0.16885599880224308,0.1408625926621369,0.020809392515303355,0.32808709567006134,-0.014358868923469808,0.009366989617046044,0.009366989617046044,0.05209134772483144,0.13280934244540113,-0.04615664876775524,0.17810116340981885,-0.019586743966194583,0.0813029936254508,0.20039586632914988,-0.1994387843800592,0.16885599880224308,-0.20466665942278395,-0.19992828364514328,-0.04116036067273587,-0.09266670949268624,0.15155758397793148,0.09057448360269986,-0.013398541480335318,-0.06915376681284204,0.03929972173045498,0.04880279865540952,0.23434588800740977,-0.19397166810698946,-0.17312679189587715,0.06182601159749148,-0.1949319955501239,-0.2939087325381397,0.13803721748812592,0.061104925384701816,0.13803721748812592,-0.12588799067551715,-0.23097865190696593
S4_D4 hbo,-0.11498988978553608,-0.3087413629357923,0.27073127807149905,-0.04812157070124112,0.18887573141556382,-0.03286582432253003,-0.3079959386949434,0.2978891214067494,0.040245233620851834,-0.0005906925996731435,-0.24811929396821283,0.14431999734361184,0.11008793631572493,-0.05118932225733741,-0.05463710004406513,-0.093422729014042,0.142655518838437,-0.05472391505580363,0.22477806346336743,-0.01760931752478129,-0.06597319529797444,-0.3065108827279875,-0.11992699521588598,0.0498234824240681,-0.04681669769154189,0.1434869976719866,-0.3584093532996469,-0.32474253355535226,0.22831844877657556,-0.0709978761591007,-0.18289380265342167,0.07177494110285985,0.0600537875226151,0.19696892425182416,0.25975554873210316,0.26050097297295205,-0.025785053696113842,0.032244648311071884,0.008627950708067475,-0.1665330265383862,0.09670154381126758,-0.09202524847786239,0.031026590313111217,0.10981514583198784,0.13631941203383188,0.11335477072615824,0.036704848307643693,0.11716367484643707,-0.2903295291511708,0.006012412173927205,-0.20205030025985424,0.20776447063396342
S4_D6 hbo,0.007663301519142697,0.007663301519142697,0.11683156495465871,-0.036395414350037514,0.04803880468568925,0.016726170234161963,-0.03241642453197572,0.006961598337249932,0.040360498174413804,0.10119010618790146,0.15802979301210568,-0.2666073228022727,0.07300919236488104,0.061080663218770245,0.15149400528655874,0.2047178260329748,-0.05429789390885177,0.08889845330151701,0.1800134985511983,-0.24413947181389872,-0.012161619390109473,0.04767050832605731,-0.02554205736480964,0.07014353193378949,0.09674058384799117,0.041430497715938444,-0.06362682282128632,-0.1124308381458049,0.011483639921364027,0.1120434631731293,0.08299184951365912,-0.1431091160402849,0.04016695722120227,-0.2593401149768203,-0.171822150258136,-0.014218167857733385,-0.11157839633689166,0.1364817304574905,-0.12688127566202975,0.1281257375437222,-0.04735100749748195,0.16653082441428152,0.050565885675161605,-0.026467018417926737,-0.08585833053025782,-0.12052077086215787,-0.1462225786412553,0.001350771664819998,0.03797845567334905,-0.06175864268751578,-0.09158965139244075,-0.032048128172343815
S4_D11 hbo,-0.13065347224446178,-0.0734108810789293,0.18276821988034556,0.008650573986493354,0.10279860382396916,0.12700658550954136,-0.24455486968935955,0.14203491791163098,0.09385799094715855,0.10861259405696394,0.17033689662879775,0.1867092515515463,-0.09051651556387293,-0.10435365154984318,-0.03374787233858963,-0.13517896625396839,0.11845797439979662,-0.12382900247262214,0.08765628633945691,-0.031874913776795515,-0.07811228964047635,-0.18484032069753478,0.049955777891555135,0.11424239672831851,0.13802715444557856,-0.12022083633109629,-0.29693549137549025,-0.2980168508456917,0.02150859189071922,0.08794257603369997,-0.1915278561953054,-0.09053172994220438,0.013222643831432021,0.026264849297298026,0.015600772534721453,0.07663571740341973,-0.02245622808664087,0.05744665617488393,0.030386597845773206,-0.06768724928457179,0.15184907605321735,-0.12997585823529187,0.21086238439208674,-0.015294744648621229,0.0017669679772628509,0.13169611112126853,-0.009124262242165981,0.1294785433358338,-0.07729359322073251,-0.12928650053215626,-0.0453438138953396,0.1389910581489915
S5_D3 hbo,-0.4071575400409046,-0.4936099394764907,0.1961119126651212,0.19760869555873414,0.1961119126651212,0.28312198511044745,-0.44448864738086397,0.17415451957441433,-0.05445525023383893,0.19760869555873414,0.08152421364412407,0.16093064868864154,-0.12007218615884263,-0.3893235975415489,-0.3374237370851939,-0.2052493836879573,0.10837772776241994,-0.19290152592254947,0.10585440274880886,-0.030595301902768872,-0.4298955587918502,-0.474431114746512,0.037235945812578726,0.04752934767463335,0.06465371650125887,0.053238385059079615,-0.21556849268598666,-0.06221737185828181,0.005366587733949453,0.0865157221318394,-0.14336787791952837,0.09824281012399931,0.14920356069648164,0.19760869555873414,0.16401960193599363,0.1858816075665742,0.0010024325801260827,0.10133176337135147,0.04173287805406141,-0.042010633344948096,0.1858816075665742,0.04634432133100106,0.27757280361299186,0.09365707398303423,0.036678272802838426,0.14056542595167384,0.08192998599087434,0.11551907961361484,-0.18900102798169677,0.16535790060597258,-0.012221438305646723,0.1655163848296065
S5_D5 hbo,-0.11917223836940122,-0.26948783430794576,0.14324703335981684,0.14494772201051515,0.14324703335981684,0.07179999976697515,-0.3225055285296645,0.06392442667626178,-0.06423328229886767,0.11894569655170824,-0.009212012423421215,0.13400922505315743,0.01321433977806834,-0.20801297407493113,-0.332220519795274,-0.15499527985321226,0.0761913094179948,-0.24487279748394505,0.07698380719059919,0.004010380902979821,-0.3708278814305662,-0.45164188671056005,-0.10200129658597569,-0.04377665631953504,0.15262528819082594,0.029185486824227395,-0.23386384219891532,-0.11677322122825234,0.05637545154305977,0.1376209348731918,-0.08072903421294078,0.09205861883590523,0.10801848273820747,0.13438152791948052,0.14324703335981684,0.13320487180331203,-0.00032394069537111875,0.14789552510505397,0.04598355340794579,-0.09317021291059432,0.16333135647282632,-0.055856815294722424,0.25616749021096064,0.14988781761492473,0.056434626726874784,0.18075948035046938,0.12587808466598865,0.048488595308489486,-0.1830590136851839,0.12157932949936077,0.049886867087152585,0.13320487180331203
S5_D7 hbo,-0.27784684933406334,-0.27784684933406334,0.15038252387916487,0.13758154862077052,0.16598373915444903,0.10022131041388953,-0.36520847129269907,0.12733312162898888,0.07980437128708656,0.13758154862077052,-0.016435383487991374,0.22838860025558563,-0.1198474231171385,-0.14432677120886475,-0.1473285218707046,-0.2910970269876849,0.08369900335849312,-0.0793975722116611,-0.003278591252014084,0.03437101963657355,-0.08881276946008693,-0.36456328163340945,0.14775006075579186,0.13948890722809365,0.16598373915444903,-0.004003695768063883,-0.3859946979579691,-0.2554426367431769,0.06800440266556475,-0.027866064571046262,-0.26442889478692505,0.07899140473428021,0.12108745193591972,0.16878397917133883,0.12108745193591972,0.12388769195280948,-0.025509503568495948,0.07899140473428021,0.005692926982072365,-0.2173493468402499,0.13948890722809365,-0.1895923459658611,0.2907934613567222,0.12108745193591972,0.11237709601299434,0.15228988248648803,0.13668866721120387,0.13948890722809365,-0.18614691628968166,0.08134244235594283,-0.014615886917424702,0.10828647667752536
S6_D4 hbo,0.017903033922457245,0.00590209909531557,-0.15400463840145273,0.39642666932777926,-0.43880755086453965,0.18496177280843312,0.007672728823910247,0.09962282203755073,0.13872866322846117,0.20536606078752004,0.16146602086318484,-0.07736763136474394,0.22810341842224374,0.08485059480706854,0.10348425305756087,0.18622628482799278,-0.6162037865213233,0.28608518622786766,-0.22884943472897434,-0.0666312085571619,-0.04210164021325103,-0.03010070538610939,0.1903299842122241,0.24957626403740768,0.23030456340547353,0.23833372352079074,0.03344522820678821,0.06464226121146419,0.21736699561466172,0.04101458459380906,-0.06856850419557795,0.14536138665181178,0.15559169175035878,-0.18007572836655902,-0.4039373337302675,-0.11046721877042148,-0.5581148270434385,-0.07546507696374237,-0.592853119505304,0.2035954310589254,-0.09309807253948885,0.04037654221236712,0.30781030844452134,0.13822254551942614,0.17959356140464208,-0.3168277532307903,0.11422067586514285,-0.22947590436709212,0.06874596059569554,0.2107342721913111,-0.3030561886750541,-0.3500592653088748
S6_D5 hbo,-0.2554495500678393,-0.16322815924696615,0.2025436938566502,0.035674430226319956,0.09447923666775777,0.2650783330637714,-0.14131446838895798,0.1315279797627497,0.019484170751383183,-0.01146593247597749,0.11559694455565299,0.14721341861920664,-0.07846065145256141,-0.0987918129676855,-0.19243810561988062,0.0058580664786479,0.22777036570093945,-0.24855465861638795,0.17323607343360894,-0.06316404899786447,-0.3756552562367098,-0.2870660241313931,-0.14757465847430243,-0.010013015267013384,-0.037488587290379724,0.13178720403058972,-0.07628140994596895,-0.07450931500772948,0.07712329962933918,-0.04336964618501337,-0.06496415931374609,-0.06303443686394442,-0.0984126817769747,0.06517161624471658,0.12773819353563104,0.15540333115435273,-0.00793144781054772,-0.01782379661144868,0.03920891489174973,0.009939015057399832,0.11019269090185695,0.12783586758575777,0.16321411249878798,0.0016514284721270522,-0.057153377969310894,0.09024066057744373,-0.04944027067500233,0.08233798768777979,-0.07093710975360835,0.051198318865063694,-0.05667265002232221,0.13968987692025364
S6_D6 hbo,-0.14265819389905723,-0.12946079124927,-0.02164461802453961,0.21533240925428437,0.08711074157080217,0.17036203980804837,-0.3341474316565072,0.004376863408693987,0.13132586546429273,0.2293334998859496,0.14938400953581638,0.18436313043971364,-0.21888534114520475,-0.06690125537751568,-0.03970276209606325,-0.24240870267320347,0.018895374115497243,0.027144979383947287,-0.1972005077493601,0.14155617056283973,-0.07015462083549603,-0.1789099804308378,0.12835876791305253,0.17413282534116664,0.12835876791305253,-0.3231618810052148,-0.4852407734827176,-0.22590949213630332,0.18652654000907576,-0.0013746219545211842,-0.36964397263554244,0.16013173470950137,0.1563609491763831,0.16507953209083845,0.06735816557592178,0.01262646867714409,-0.23236901170173208,0.01262646867714409,-0.09561147084305976,-0.1699051296096423,0.16013173470950137,-0.395665454068776,0.2263664023347094,0.21156162372116605,0.28237076486137047,0.09785846674448714,0.25356489561616186,0.2861415503944887,-0.1451563138042921,0.25813936913115815,-0.2978956451247266,0.05712786047737479
S6_D8 hbo,-0.17674978867368163,-0.18123591113978707,0.38772455906013215,0.1416437951982376,0.19844042679163357,-0.08027696768570002,-0.1672905030535388,-0.05854526815553603,-0.023967376780236062,0.03243528827124858,0.12323603330482957,-0.0657105268929602,-0.07045634133590274,-0.05563020856632582,-0.05068081407123401,0.03535034786045873,0.12333768205764677,-0.025908637540096972,0.2912517380721505,-0.49910210154426493,-0.21944296895680945,-0.1939715970787945,0.21932374490421117,0.15319352764894995,0.22757330837711315,0.09820416479685534,-0.12191818649909215,-0.06973337733007925,-0.2021195117988793,0.06221297122216539,-0.04240748193938635,-0.2261214695528163,-0.09713743536115853,-0.026293746928696987,-0.036114373278494254,0.05525129253689043,0.1608220584153604,0.10500808280462512,0.011575738817616643,0.16105798173325192,0.0866782010050887,0.169307545206154,0.18011054499209717,-0.11252848891253905,-0.1472555663585476,0.0012680717798874688,-0.28835425378272134,0.1300161826536537,-0.05333618168360711,-0.06633155959945175,-0.0005389144148992759,0.2041362714049798
S7_D5 hbo,0.1356844228876216,0.08749236425843315,0.024952101671955076,0.026770279742011276,0.024952101671955076,0.28759408720706076,-0.027994010943899826,-0.04026307489348073,-0.1198699929592339,0.026770279742011276,0.022604365047150195,0.04573714167012295,0.07953965421358654,-0.20737987449370351,-0.05537835170144775,0.08630768122712754,-0.03844489682342459,-0.2880338841603255,0.036124327444537085,-0.19027110711774203,-0.296446972160577,-0.08343829939443288,-0.30726714729094096,-0.3298952386472301,0.08275697452672938,0.08328433766688563,0.08591571410281569,0.07303363757336431,-0.06205529001042338,0.07872865126230517,0.18538614648767607,-0.019736801418372942,-0.019736801418372942,-0.008037212505634639,0.013779875899373064,0.015598053969429267,-0.004928219505678586,0.02131574553184276,-0.004928219505678586,0.054613572808622696,-0.05583510859591877,0.1840931361431837,0.35813059738141323,-0.004665062153433605,-0.06764302482184385,0.09574957378396007,-0.01765546599607176,-0.1906652696566464,0.10980974710093964,0.14343694714646488,-0.010382753715847102,-0.01920943827821665
S7_D7 hbo,0.06749578590274852,-0.02703870975756486,0.022592020308037006,0.024831983392106374,0.022592020308037006,0.14534576840426505,0.03333291334448834,0.012697704844663142,-9.587514983987326e-07,0.024831983392106374,-0.19358503046187173,0.08777849343499948,0.002573928189341487,-0.13374263818692925,-0.1272522101266689,-0.04682734068431259,-0.03359944626104043,-0.18993410475600672,-0.03807937242917914,-0.1012904978856276,-0.05384699957168371,-0.04257687570812173,-0.0073203872740323144,-0.15718219481954204,0.14337042073375103,0.04629619235420521,0.05984143352344409,-0.031588944368918806,0.00761823940619852,-0.021130243856826682,-0.045963186000431436,-0.035839409345109784,-0.02594509388173592,0.024831983392106374,0.010457741760593789,0.012697704844663142,-0.009330889166153966,-0.001676536786849458,-0.009330889166153966,-0.08968545016529503,0.012697704844663142,0.15691566190298994,0.2934968436928161,-0.01829074150243141,-0.011235928393452818,0.0976728088983733,-0.03042502004987466,-0.06010796643999625,0.07425082937656438,0.1574800469517083,-0.01157085225022332,0.012697704844663142
S7_D8 hbo,0.024775776773692724,0.034789980468828724,0.2675794578068682,0.0448776092179999,-0.018511090183887757,0.24164024358365388,0.034789980468828724,0.01309808499142408,-0.013147910088971662,0.10014894881503068,0.02434857297608893,-0.01696802503717749,-0.1032114791519637,0.03989630581740507,-0.07380592872411204,0.18482583883991285,0.0977749750163063,-0.16080686643687694,0.22039905084704656,0.04176965076449044,-0.3528933074760127,-0.14144194687180942,-0.3075598182956284,-0.2361800384782148,-0.303412351771502,0.22813620474068702,0.06103597554922449,-0.036285946715857886,0.1101866514533602,0.06763543993366956,0.0683929235316483,-0.11559965664582393,-0.02895249767662758,-0.1662199726426348,0.09976874290381396,0.15926390230346069,0.0784071272267843,-0.061871382195503595,-0.01825423543754804,0.17481163514477685,-0.1032114791519637,0.2675794578068682,0.17675840514589738,-0.060658596849168314,-0.10548852895345916,0.002753601495913033,-0.18513251868380023,-0.27562329154439597,0.0874304915207953,-0.04209982955157143,-0.11175604275442452,0.08621770617445998
S8_D6 hbo,0.01710406871559516,0.01865898405337656,0.3141564753776591,-0.05218302726715218,0.0835845639812549,0.19868584664858585,0.007385847854461537,0.23134815119139773,0.1679762687274036,0.06472667428595413,0.10796650261306902,-0.02910250042512543,0.015411492343568055,0.13531396418459168,-0.009339792349988434,0.2120924502122488,0.16162016421592945,-0.057353562502587156,0.36625522164273816,0.035454951314907814,-0.3371029948071318,-0.11599580072386712,-0.39031576541727153,-0.38565223727782455,-0.32026272996283084,0.15363759943569558,0.031487035590072925,-0.12935810670476036,0.02635958006351045,0.07349699705837894,0.007385847854461537,-0.11133227258442019,-0.25934936334255715,-0.1834744778208392,0.03148581771617571,0.10309376850839783,0.03849323705949206,-0.07751286398767528,0.0909170318035437,0.2120924502122488,-0.25320246479630737,0.17126684014608465,0.1652357841135831,-0.061692042163061574,-0.026969033060377515,-0.14969936680686388,-0.12260540878333524,-0.1490492698489188,0.0853486852842605,-0.025414117722596087,-0.15494144697327736,0.07386634312012128
S8_D8 hbo,0.04140451681526338,0.11316584247474902,0.26672972206474577,-0.10522188980640201,-0.12198711951240354,0.07619498960383794,0.059811424318028876,-0.02215932249931929,0.17602278661692214,-0.12017699644626262,0.03922413673292687,-0.010611242840925274,0.10152796267093785,0.09930255632462304,0.24324049092376826,0.22337150591507263,0.20123234067862358,-0.1306782818789005,0.25685693906309726,0.13400322896778055,0.00884245888759644,0.05606775918034847,-0.21278385510564413,-0.19437694760287857,-0.38421267901570144,0.22337150591507263,0.08523419753054588,-0.11526311807742752,0.05346908730324526,0.037414013666785886,0.10316964046770197,-0.2259288386793637,-0.4061755048584491,-0.35377808078206807,0.05308742288305286,0.14833797968351597,0.1048563445284444,-0.062032118926105904,-0.05362141343038743,0.19000949177244666,-0.4359172728687932,0.15833418169056307,0.14488617882061097,-0.07758210913697434,-0.00867770076938576,-0.05733145970808631,-0.27626930167880676,-0.24109716447003962,0.18614240762936768,-0.03190868649556931,0.0359855550208373,0.026494436439381205
S8_D15 hbo,-0.12745245347644307,-0.12745245347644307,0.134965699569269,0.08801720245555092,0.19827497894723367,0.20333853127342233,-0.3090938225148778,0.10795605538746446,0.15369462968994693,0.18298112152249793,0.13454714275025806,0.10030029903768797,-0.2486346507329701,-0.04989858623843634,-0.06303645173341249,-0.17208430541385974,0.16467650325516356,0.0475543364059289,-0.06398252085193654,0.003914301232833602,-0.10355677058340676,-0.15910709316542537,0.19827497894723367,0.16113823011305167,0.19827497894723367,-0.2703743416962467,-0.4115926422106146,-0.27258778642637865,0.09245004203605696,-0.04303419588088441,-0.4091212939080136,-0.03797064355469575,0.07197177656414563,0.056362562766568584,-0.009538920634983855,0.07487933696057476,-0.04899231464546723,0.03879185769108648,0.037266578507009616,-0.1269764438570599,0.18804467384868667,-0.3081992560764837,0.27108065023189304,0.022115719053998503,0.037306376032564564,0.09017319438531053,-0.009538920634983855,0.22444750949101636,-0.09975464374858348,0.10795605538746446,-0.07041664923590259,0.151641838206357
S9_D2 hbo,0.08575362485262855,0.0813669389787153,-0.05352651496763123,-0.019564899297070077,-0.014953973889666013,0.21868141416815662,0.11232746675699555,-0.10548335320082708,-0.058932734281759484,0.016837936345259603,-0.1749218720517882,-0.039917978278909846,-0.26359938643908964,0.0005831898529535416,-0.03420980827425295,-0.2441890787674262,-0.010343048482261948,0.07006898370655693,-0.17141384363716253,-0.08504691066642395,0.11966796552054756,0.12505734598642926,0.1763293301394327,-0.005956362608348697,0.07146023408371475,-0.14285844728072955,0.17862402173474826,-0.1287429700696635,-0.10238771530326181,-0.02972291999952985,-0.1438307057183024,-0.0013454372009446328,-0.0013454372009446328,-0.005956362608348697,-0.0013454372009446328,-0.005956362608348697,0.002162591213681043,-0.030920366997592534,-0.010343048482261948,-0.13349477145799488,-0.005956362608348697,0.26384078271006633,0.22057960506765914,0.02126071076909406,-0.062665002229876,0.03505739844138504,0.06666115769274109,0.021448861752663667,0.07153794524075262,0.14809272332177495,-0.039917978278909846,0.021448861752663667
S9_D9 hbo,-0.14682141786429567,-0.08354388437701277,0.12538045024059322,0.05930665133032616,0.003128404302906867,0.27857015990956285,-0.15739079545244664,0.014103634529988836,-0.028307436121269063,0.1896708819227834,-0.12588385560503904,0.003128404302906867,-0.36759600133133224,0.025953883379419368,-0.10508849219224578,-0.17334719169561588,0.033530121901445505,-0.03691779746893249,0.17869565169570145,-0.0816937369996089,0.0309350493955067,-0.20232583918641164,0.1366236535340474,0.014103634529988836,-0.0261893156774929,-0.057357183035296556,-0.1976169655106013,-0.03487077644838801,-0.04520995041001858,0.1345055330902713,-0.060986378366872596,-0.08347278495378117,-0.07324247985523417,-0.03675869326564382,0.011579661447281626,0.07273907449078834,0.12148328184264472,-0.0491738989572941,0.092165561862245,-0.1390483056991289,0.014103634529988836,0.10047462016015661,0.1497170042049056,-0.03928266634835103,-0.01958820591052206,0.10764500604325164,0.11541811820841848,0.1688044190867583,-0.1390483056991289,0.1831786410188961,-0.05728608361206487,0.20310330508324545
S9_D11 hbo,-0.2903626086587862,-0.30580968306137524,0.22110135550758128,0.033394266635816225,0.20270834381461472,0.1701596875404871,-0.16650392413390208,0.20684839340423525,0.05353910331991719,0.19346317920703893,0.22533872261938687,0.1529975014011915,-0.10585669638952579,-0.09350767270163038,-0.04266332225672121,0.0259982445415599,0.16091452293291134,-0.02307619826451159,0.1659223204286816,-0.3346419716611607,-0.14377622780694493,-0.14868670778053014,0.1505725635482775,0.004561978036030816,0.019335939576840242,0.013807142643606597,-0.17513077178182943,-0.15172996259309263,-0.524797889399169,0.11498065246158742,0.0965876407686208,-0.06596681392327304,-0.26401586217967193,0.041348001421964,-0.0567216493156972,0.015001254942849658,-0.018105114023169257,0.13337366415455398,0.032163441082145264,0.15548304352186268,-0.03470958747057349,0.12422581706916314,0.25788737889351443,-0.005258981911139641,-0.10152201175553527,0.08366282174113078,-0.12854187109642917,0.19346317920703893,-0.02297888074232653,-0.16898946625457326,0.004622582303787921,0.11989113243517262
S10_D9 hbo,-0.12851206127616732,0.09169656549186908,0.16759242303297384,-0.17052744186322139,0.1577227580344145,0.17517580291478688,0.019820018708242487,-0.12913032420917211,0.1152712925179987,-0.05939415293996659,-0.07944740357953309,0.054913276212891354,0.011202874111247452,0.08071712752584374,0.051643971027222756,-0.09041267458203779,0.06084779061474444,-0.0748574123670829,0.1517708226536038,-0.024218470999369853,-0.05345179591104677,-0.16939066956490706,0.04658946911115966,0.05930193271791679,0.03387700550440253,0.011970300662014459,-0.2266569700763591,-0.03444331478195587,0.18415445063226252,-0.6747416718078068,0.035078781259707176,0.12999412472519634,-0.033951804747494756,0.17267392427988518,0.12471445093908723,0.22671850208370134,-0.4709840049946489,0.05368133895851152,-0.42841995354321,-0.1471494609328867,0.15761017209939143,-0.012601613396558102,0.06793966046209637,0.223398452251773,0.31369680517396364,0.036313880682313913,0.18680691932832916,0.30036607863420167,-0.047896205608631746,0.12715132611699853,-0.4036974494234724,-0.17052744186322139
S10_D10 hbo,-0.08287323788595284,-0.09778077483531748,0.07262087096671807,0.12681443166971637,0.09773882947347064,0.08504044474231794,-0.28832953406234296,0.019671291850602155,0.07250802150229507,0.21218916021198791,-0.09268781739989311,0.12358699679346806,-0.16105362497324435,-0.14251772983841685,-0.08986130583285945,-0.39995843449959345,0.03435312987112079,-0.148986943745919,0.044496095246796256,0.0149741764586255,0.06627885067864446,-0.3277284072803996,0.09512875394604418,5.737662002219086e-05,0.09512875394604418,-0.30397654271419106,-0.36044671181711374,-0.18419321145639797,0.1112802724822912,0.17972434327183576,0.05613144854014917,0.07250802150229507,-0.003170058256226113,0.12681443166971637,0.11066291313346935,0.11587380129908358,0.06677827929727649,0.018314460799296776,0.08032898519533575,-0.43175188042192164,5.737662002219086e-05,-0.34304194880474576,0.2374199681831635,0.11974220256839793,0.2878815841255146,0.14881780476464362,0.29757823290926505,0.2561815622468369,-0.28634608077297696,0.2168955384932032,-0.061222757339300056,0.14234859085714152
S10_D12 hbo,-0.06285811125427862,0.011610865868276315,0.2535666630809422,-0.28355894087648353,0.13430662690942924,-0.04329428781620931,0.02674271633198659,0.012315342578151079,0.07764776368154831,-0.1642989047049706,0.15045343496620767,-0.11469369758130968,-0.09550561231762808,0.10024373550037383,0.15688388923990562,0.19896240961744763,0.19084994001750502,0.02978713727513568,0.24782841295472618,-0.2097570214871052,-0.013315469521621347,-0.010646786752859873,-0.0234295641571489,0.039581622201323066,-0.11876864186963011,0.00689670216127536,0.03208008186950952,-0.12051322258687858,0.014965315858563463,0.07737200987486262,0.0830289851217258,-0.22853509333594677,-0.22962174514616565,-0.17842537823781507,0.023773133342234038,0.008240398289830702,-0.015103906141524315,0.05343234192748177,0.11230601860662956,0.2185513794698224,0.043299537803605036,0.18076099179628285,-0.08709867942265057,-0.07114635029320499,-0.14296535413534753,-0.029105248892361196,-0.5028187819026219,0.0507198032560658,0.08036030235296436,-0.13897168472637988,0.07869699651506881,0.18916792469126031
S11_D9 hbo,-0.0886546774578085,0.004505868450606589,0.26140329186708894,-0.22611311991743646,0.11800786890138397,-0.0718701034096096,0.0184768945270156,0.1833408000016403,0.16046194401107963,-0.07366417233543442,0.164636112948818,0.07082013281527498,-0.06461064771913727,0.1374373933183735,0.19794072125576356,0.21909491145953866,0.19558716029126377,0.008051142210630665,0.2946581476583421,-0.17651402646192774,-0.01969546272434945,-0.0075947971368714295,0.03522332279366137,0.025502757218096885,-0.23154036090053093,0.06481374917015865,0.03244792060342464,-0.10441977246004226,-0.08271769695173149,-0.09053664468087884,-0.029925767822896444,-0.24848223638501463,-0.6146464426321293,-0.05250998213165925,-0.08763519841184345,0.07573763427538681,-0.0038540761590094156,0.04614720789888947,0.056561353481135064,0.26140329186708894,0.06180475398053094,0.21909491145953866,0.15614208037119584,-0.2655004034326046,-0.05742748359177115,-0.11905783949571859,-0.4378886149545788,0.08357623262788094,0.0981761538820042,-0.12085190842154346,-0.10009990882015848,0.1247575850688737
S11_D11 hbo,0.021994927019163727,0.034605034376256553,0.08198973348658306,-0.14157808966757418,-0.04653047868403465,0.028520146525100473,0.030652796334045187,0.07109094868184054,0.14095691300652755,0.02274819034795796,0.2539075579125243,-0.07498451692442899,0.03480585122514814,0.14731616447636428,0.19549282487248257,0.2096831355586174,-0.054469803581249,0.10985647643428309,0.1499625628082143,-0.06759378936291154,0.057800994864078185,0.021994927019163727,-0.034913149461625076,0.08222924829247208,-0.10759161005592628,0.08198973348658306,0.01199636918112931,-0.06965289240206711,0.12546076261003133,0.10226493202387407,0.048555830256502404,-0.1821632056532833,-0.04546415377956217,-0.4270725522492039,-0.1644996865367151,-0.036806284464680775,-0.1513370027980552,0.07381089378347967,-0.15240332770252757,0.2189283001661932,-0.1379387832993764,0.16521919839882152,0.06302037465965346,-0.023608881814893623,-0.02020909025258503,-0.1821632056532833,-0.27009830183819183,-0.0010002166197662853,0.11151009663144985,-0.1094847450589821,-0.15157651760394422,-0.045224638973673216
S11_D12 hbo,-0.0021729485248076406,-0.015718189694046595,-0.046674916759261,0.051850597908422,-0.04683935644595704,-0.0028307072715916303,0.0011419875458843166,0.20882931184294765,0.15779182210701792,-0.02412053734513565,0.2901657698973077,-0.008689349132482229,0.03814091705248707,0.1355663220662846,0.21402317351408418,0.21938849631488666,-0.13741246003571814,0.1664720809785123,0.06175202363357697,-0.09771240649519071,0.016737615445233753,-0.0021729485248076406,0.1437462404347211,0.11427649199274065,0.12483567646467966,0.01055009421095122,0.018002164785815226,-0.026777714669043495,0.027245831764186147,0.019559232455837672,0.030618757430834604,-0.013389891743530712,-0.02207015061502514,-0.08150998800204384,-0.45915083785302535,-0.07598022551454539,-0.32651809973613205,0.06811100599752533,-0.38374311070634426,0.21938849631488666,0.057215920709224474,0.10559623312124627,0.25720962425496946,-0.016869267500918713,0.09692299569272173,-0.4586575187929373,-0.18772210197807532,0.09520148833600324,0.1059251124946383,0.0003197891124042232,-0.2783022270108063,-0.3415503195286051
S11_D13 hbo,-0.0036319190371535844,-0.0005958617170330012,-0.03249253842404312,-0.03129243246722301,0.08664030559456452,0.07021412468670941,-0.0005958617170330012,-0.051928980146310366,0.14757773466567298,0.12109153068671522,0.2673464240907609,-0.06757960892267421,-0.04404671064847716,0.13671636295737047,0.12897380018454832,0.20210124688657125,-1.697142020393457e-05,0.15236699173373433,-0.0021947249934734857,-0.18255904127970088,-0.0036319190371535844,-0.0036319190371535844,0.1319271058893092,0.09079371725614549,0.1143835706399937,-0.1710048690552668,-0.06885129973563488,-0.022292808627929487,-0.01853815428596881,0.05570664675751445,-0.060472891556332384,-0.15839029759902357,-0.013831648833267247,-0.09779467073788418,-0.16437966062390502,-0.22784584157444554,-0.29274921656866626,-0.07434452407904692,-0.1893239564360736,0.20210124688657125,0.15913190689010712,-0.0010773706520130406,0.1355990086159101,-0.008959640149846184,-0.043410865241996964,-0.09188805932836246,-0.1105489489191384,0.24501363177338417,0.09684003539067818,-0.04404671064847716,-0.3181180662061636,0.05754259812081493
S12_D10 hbo,0.007176464099856896,-0.02041305343959298,0.06587401409608738,0.24484698924145396,-0.20467989630503264,0.24275672433012072,-0.04385906156871095,-0.14173386406045013,-0.007787792523178066,0.32985565953285634,-0.0962252178845122,-0.03466255572222767,-0.08912683646072712,-0.0146453026630413,0.014033974239720191,-0.04385906156871095,-0.07778732626784604,-0.02041305343959298,-0.057304049663546394,0.29698013378469834,-0.0020200417466263863,-0.0020200417466263863,0.2645784910930189,0.1029980220925974,0.2645784910930189,-0.21573365529029243,-0.11281371587376687,0.36616779986231107,0.026659235156135105,-0.3617862247638014,0.2069712064922092,0.03957810679153641,-0.0020200417466263863,-0.12176935043632837,-0.17203738232943144,-0.06701931849020766,-0.3589284660770032,-0.1938591490923296,-0.4907241797886217,-0.03466255572222767,-0.08912683646072712,-0.007028158259078273,0.11772140743171056,0.03957810679153641,0.23932796926018907,0.010890970377409827,0.3443460330994128,0.2101142103545194,0.010605219169788528,0.4077659484004738,-0.7697149617721252,0.00035597437232806677
S12_D12 hbo,0.02702779112341237,0.014254866336630024,-0.04626855285618232,-0.14861921942995904,-0.10064375036456719,0.16028595195652076,0.030146925242615585,-0.0975246162453639,0.15063216128894164,-0.0110365724409035,0.14023377113664026,0.22906110536398103,-0.0012507577054070307,0.1475130271697384,0.21865981117421399,0.0945975924941287,0.0785735095202259,0.016168648419089306,-0.026377832240888344,0.11156588340640668,0.050202010099961766,0.01737400045583324,-0.03732992553665611,0.038595363873450785,-0.09973478663779269,-0.07656056766124328,-0.20358046025594528,-0.13002680144285372,0.2584735925789369,-0.09557176068643206,-0.19392376555090038,-0.029464626185956563,-0.11487934202159032,0.08166030346529415,0.2137521857381312,0.06888737867851182,-0.22451216866593093,-0.31889494795776013,-0.13327505559250852,0.20202024874604058,0.038595363873450785,-0.20137028986351654,0.07854116934609087,-0.018766943686219964,0.11478470141939218,0.11718867219054242,0.019551830674127073,-0.09898728311560476,0.14601802012536258,-0.06690677699366415,-0.4898593077344107,0.10100022497458738
S12_D14 hbo,0.00931106029259059,-0.0033507955830023215,-0.2502959760576414,0.1521590308585041,-0.09508549528956747,0.2691379912713006,0.011742611069636538,-0.0900102911995405,0.09651585431105987,0.15383318069768392,0.007882863181909332,-0.010990201941055771,0.10917771018665282,0.09408430353401395,0.13206987116079275,0.1194080152851998,-0.3049091024662539,0.08628554921251287,0.07664658924182663,0.06876059178282806,0.00931106029259059,0.00931106029259059,0.1194080152851998,0.1741344429313303,0.1194080152851998,0.03247587046769608,-0.027617760722889566,0.1843647480298773,0.13450142193783868,-0.46403208569454246,0.07786204544412627,0.16147258705573733,0.11390081403075974,-0.09549079598151358,-0.24098241986040803,-0.0866619915211809,-0.718079166217847,-0.09935054386924085,-0.41578236277665315,0.1194080152851998,-0.06468657944835468,0.10793555751188606,0.1843647480298773,0.1661956908998443,0.22399776902336896,-0.19800109918855682,0.2564761353957077,0.19346620169117557,0.1194080152851998,0.27156954204834655,-0.6847107474166614,-0.3159495630751544
S13_D6 hbo,-0.2108298120550602,-0.17008852468372113,0.16239744716795101,0.10686405980081044,0.16239744716795101,0.09173444448821716,-0.26894175663042197,0.14421496942776557,0.07070232439732142,0.1289822384189348,-0.1027480346827639,0.1278961798917062,-0.06601188967925921,-0.10017105389883116,-0.21975465790318943,-0.21168003607042976,0.10154055236240478,-0.10274961110705214,0.04960076281653011,0.00499321605714766,-0.14576455480479772,-0.39228692790229797,0.03033222654911605,0.0869516724434852,0.1324773082838444,0.04529229599116928,-0.3397078750063932,-0.28776808546051863,0.11246022880599359,-0.0087470162706906,-0.2888525675634589,0.0956717217904442,0.13468309954464358,0.15110041703705918,0.11972303010259022,0.138346138855805,-0.03310007261607487,0.0988941300885764,0.011780135710085012,-0.26378779506255623,0.1533062082978583,-0.14596935130596775,0.2157234668500043,0.15065978602402996,0.11836431000858422,0.15873440785678958,0.15975102489412268,0.1533062082978583,-0.2604959452745284,0.09210563401135088,-0.014917594875889412,0.1233860694137517
S13_D11 hbo,0.04464926208507858,0.05862185501627197,0.11133959533181055,0.028390153140724454,-0.0775044549349934,-0.0007887173737809205,0.07623613032707664,-0.020810990412078286,0.12772018599049662,-0.043344153667466606,0.13893532137339162,-0.027213301571681097,0.1390164534065631,0.14025330929037488,0.18704645511568496,0.20077248071567091,-0.03984614612946447,0.09613331774849856,0.15430703425473968,-0.05348786846458586,0.04073925191783303,0.03584212442967624,-0.06986845912327189,0.0005478597679359315,-0.23103565131532333,0.20957961837107325,0.018639851748115013,-0.062232463311550454,0.04110730096337237,0.13284529158512717,-0.010704454064426428,-0.08515903997144852,-0.10909132317699147,-0.5155277023711277,-0.025976445687869342,0.09878788280719863,-0.16429819325319414,-0.005788737351535945,-0.17567876393412518,0.2649333345205782,-0.6707077572645129,0.17184017753237293,-0.062379309384852796,0.09753243769865315,0.0759238489557384,-0.10028418552158913,-0.04850960894325767,-0.048572151751695374,0.14290787434907498,0.10127701256786273,-0.19705937457056627,-0.09005616745960528
S13_D13 hbo,-0.09811227282080408,-0.17754703191474164,0.056449699794319706,0.17763670728712333,0.1207404220825786,0.1279053330903638,-0.25066087400423154,-0.033215364398164846,0.09538757759855375,0.20506741546344712,-0.08519791789557779,0.14674244754138552,-0.2152295426098133,-0.03096418509751142,-0.11987124496746214,-0.3552966593940404,0.11258798067633054,0.014294609711170343,-0.083011230855527,0.09190252860893888,-0.0489655873382239,-0.26641109694429055,0.14959981297641925,0.12279678835467667,0.09188103118873796,-0.18985520070558756,-0.401802289890343,-0.21442854344687762,0.13646914760243678,-0.05778870713945496,-0.4766569824951985,0.10910293168671567,0.13304859087342452,0.15020599911079954,0.13304859087342452,0.11193879970154846,-0.047710220229061566,-0.022335878324835752,0.005722513406069135,-0.2772905830176196,0.13651214244283852,-0.20157039898922582,0.2016038638940331,0.13304859087342452,0.1879100072260721,0.1604792990497483,0.1879100072260721,0.205088912883648,-0.1732824811823919,0.24909234058316737,-0.11834335694196901,0.1913735587954861
S13_D15 hbo,0.003334461981262803,0.031048809604570304,0.1874269940485749,-0.2893378559668181,-0.02060888874506124,0.011517041399844438,0.03579053921719771,-0.11240506580822526,0.0024816553213552897,-0.2560289720709757,-0.04697025176747717,-0.15384442432843093,-0.00429583470211637,0.14136383197147828,0.20836385164841073,0.24387852680505226,0.16919610565052223,0.006040431183045957,0.2001812722298291,-0.06548909707122112,0.07813480919152928,0.1114436930873717,-0.05730651765263949,0.09563081698541089,-0.053917772640903666,0.1874269940485749,-0.012148267029668779,-0.09879798096706355,0.1394881878017084,0.03917928422893354,0.10461409826968164,-0.29649759787553737,-0.06328330581042203,-0.16287981040692007,0.1297925075411608,0.03579053921719771,-0.010324727654117315,-0.07350164563984793,0.06447561955614917,0.05419145846520523,-0.10901632079648944,0.2023870634906282,-0.08238071733568195,-0.05052902762916783,-0.18155877195173842,0.08152355420326511,-0.2769137248765931,-0.06074736745859372,0.07254027291899436,-0.1157938108199611,-0.0850729700701654,0.10240830700888255
S14_D12 hbo,0.043604543490015815,0.030306703985968443,0.23468367334032447,-0.2385569722296631,0.05592937916536961,-0.03998128825757211,0.03658452124020476,0.17147808216123356,0.13002697048775858,-0.11284933835686999,0.21263979840665292,0.04788689222113395,-0.11196243564726743,0.10868664403947555,0.22173760807897133,0.21648225551915962,0.16466513644008898,0.08851347999964503,0.26618293066553667,-0.2636773769758142,0.021912442799038534,0.009988842232110011,-0.021924568150435024,0.022520754436130247,-0.16583361984439307,-0.053134430047591615,0.06318020024829951,-0.1358919556805138,-0.06314866321049294,0.12251961201043128,0.1209620188490984,-0.25029721857237763,-0.3129439589801078,-0.08469606618744234,-0.26324328383373075,0.05416470947537033,-0.017349041771559475,0.05613645569403605,0.09676304347254706,0.2571179790268765,0.1434695077058338,0.18007941987682993,0.12717745728869614,-0.2844002560577997,-0.08395386119186767,-0.2215227168169508,-0.46436036915139306,0.03247260878439299,0.1009959313379342,-0.23153694997985205,-0.0171656875473454,-0.0004395439881242469
S14_D13 hbo,-0.10510510915696787,-0.11795316879543713,0.22128497651368834,-0.09204047457667809,0.09420598663501012,0.098589927832563,-0.13670141032796745,0.11241495362197919,-0.07381958999848529,0.09767992550721422,0.2136005427426012,-0.00029973592172157724,-0.16626979731314753,-0.0876446157879014,-0.0019775053256758917,0.03066649169567105,0.1125095185038271,-0.09444288241608734,0.26500469888770223,-0.2173113773958826,-0.09734179396905882,-0.11779164008799106,-0.04561458040906556,0.07029411923509758,0.026400950562413754,0.005868457152857395,-0.07834937643845813,-0.12458990671617699,-0.11186024714200327,0.1970381341076597,0.161967894064456,-0.20277363076223523,-0.10746438835322658,-0.09293855931080301,-0.044822978148012366,0.0376262870313031,0.019894530297193305,0.057284530889182145,0.050766193032737925,0.17374442267013043,0.11143798747103231,0.1749774824103714,0.12417956463642979,-0.09656210929922954,-0.17742816995643867,0.07771054182566672,-0.12423976193431169,0.10026769723651725,-0.02427856714723226,-0.21500353443832132,-0.06183009644666719,0.1810391930118785
S14_D14 hbo,0.12348122319621292,0.1106142415258755,-0.03827698791352135,0.07746194031928809,-0.168838005577446,0.07941704808006571,0.11684668577244521,0.1541697327930609,0.21307638325257452,-0.0511158720130326,0.11556878778204856,-0.0693753023461424,0.11743195067531088,0.09337104435655723,0.22638126732951128,0.26184808560253814,-0.22154802101979112,0.08124517925682834,0.1071342167523445,-0.04184130539953118,0.09774725985553803,0.10044348418692427,0.0840683801722296,0.017376270882566595,0.04704854731562312,0.05526419689379668,0.1027376153411124,0.01427795337398244,0.09032892198962555,-0.041686231244689884,0.13944652237513463,-0.0956664330188566,-0.046492637491694966,-0.2772012798158792,-0.46034533633813385,-0.048447745252472633,-0.1884945988263925,0.026403818473711333,-0.46515174258513897,0.2533573194311815,-0.08546757810907905,0.18384200922611743,0.1663236954636161,-0.09823568076622775,0.12137026376769243,-0.3977473918085953,-0.09426927010301994,-0.01567715131083195,0.20812183699640147,0.10642119775256227,-0.31356428881435594,-0.4731842204376451
S14_D16 hbo,0.0321682733648454,0.05187371495040179,0.23370687098536674,-0.16766779161719644,0.08581669653683667,-0.04646212539451511,0.03493003921283337,-0.06157144307502481,0.10600658666581271,-0.08125929836733213,0.11295668975783581,-0.05453330084557333,-0.04154912519743618,0.08516248642797215,0.15433651996495404,0.2157301620261917,0.1036701937720853,0.024211803614244163,0.33636334056802497,-0.17293571192435667,0.026829900213505793,-0.013294268655630609,-0.08243312960611451,-0.023906878823542296,-0.1554610378018502,0.017384912246147487,0.08131998902423863,-0.0005917967130275851,0.03650027985760686,0.09466023327507748,0.2019242040178026,-0.34398879321120573,-0.3584904506243694,-0.18564450057637158,-0.2047598681878309,0.028931139243217358,0.07528591646812453,0.026151787101980347,0.0787609680141361,0.2293044116484259,0.04986327861848629,0.23370687098536674,-0.008143351034168073,-0.24177528287605737,-0.052073696227919415,-0.09967896657401704,-0.43081645037710187,0.08395337493150863,0.07658927614024515,-0.04981396521660025,-0.12063490128076379,0.07938621457473123
S15_D13 hbo,0.021073400331640107,0.02234170683308139,0.08155311864546569,0.08282142514690703,-0.30521461033055175,0.2156632184245922,0.01136597749368552,0.25173901717367947,0.14150052137433156,0.16494132352376054,0.15435655494318573,-0.18033001837945953,0.11915810193671875,0.10542472262524437,0.12221647102105034,0.17897542194748803,-0.27543674564779513,0.15864338945743,0.29157613698621454,0.06733782432407089,-0.17421328021079638,-0.022829517025943446,-0.300275937016762,-0.07612857860571767,-0.44711198764664595,0.2234903370330885,0.051989488797741554,0.07175545416094317,0.2009268806262798,0.2239715394384775,0.17442770939251923,-0.059075952169187165,0.03275136904562089,-0.3576867267427451,-0.14587364581910603,0.21378291419513398,-0.14027866373189185,0.0037598958543850944,-0.22847545920587994,0.20608659090926557,-0.3512587099583181,0.2234903370330885,0.07665428640320444,-0.04294051254680557,0.1352935415591004,-0.262449916756313,-0.0017050035147324941,-0.4149215031494712,0.06418921359317135,0.08924944193133404,-0.17447415825152088,-0.22182640545225701
S15_D15 hbo,-0.09886874130098253,-0.18852733826762802,0.11986658354734392,0.12196394047569954,0.11986658354734392,0.09257163852998661,-0.24740157363889168,0.08625543684834616,-0.029748325605168807,0.12196394047569954,-0.13733867009425724,0.0828883317190069,-0.048440744508562325,-0.14260533428457187,-0.17957345963190857,-0.1706850815794534,0.06454712469179949,-0.13841062042786068,0.03782661643217003,-0.054061634746947064,-0.1468000481412831,-0.29814953910180775,0.05384867841263738,0.02706123280658654,0.13715839372879485,0.03957132472118228,-0.21940119069727826,-0.15561293977504326,0.05484126439297267,0.08079097479065128,-0.14914188732143951,0.06244976776344392,0.07225524537753941,0.12196394047569954,0.10796374900489276,0.11006110593324842,-0.007654684840431545,0.09856773089556169,0.011546810882995095,-0.1809087084161564,0.11006110593324842,-0.006285178678609723,0.24999284892035084,0.0799633660632794,0.032771613879239624,0.16137352231846155,0.06806053152082826,0.0505469332209928,-0.1602824730742136,0.09289160720048255,-0.021654876311238226,0.11006110593324842
S15_D16 hbo,-0.07675381346950831,0.02816115483045456,0.15778811592576644,-0.08050727772116577,0.025771859240932896,0.2601386706209922,0.00668043099403707,0.12357170615034142,-0.021880018614023288,0.130252793245092,0.05593366130106893,-0.0164302093492363,-0.2742820984262303,0.0505434489784241,-0.02038982450347138,0.07322005502589364,0.08796009482541838,-0.14368960734567485,0.27194422219366765,-0.17225252578631745,-0.08809429785901773,-0.11423005625864474,-0.05646650301156044,-0.06381197662792315,-0.054136804364181064,0.06374420210059763,-0.019920394588756034,-0.03099513113354549,-0.13307993798405138,0.13543685466515915,0.1498024571110223,-0.20809885206859818,-0.11967986552343185,-0.13145002147719562,-0.07914310905902998,0.014931837653501083,0.04975303700839594,-0.01503064506818894,0.0752244088864109,0.11614610707981723,0.016096686977190803,0.2724092893768337,0.0882854396122805,-0.09111941591537148,-0.210869416575913,0.06989379350590835,-0.10851449914913779,0.13071786042825803,0.0027208158398018697,-0.18603139833214785,-0.1138556189049833,0.17358431554003925
S16_D14 hbo,0.02561543309300241,0.004245932830304119,-0.13078014337366367,-0.0011872167651685126,0.04155719818672074,-0.010080912378536429,0.038060846987815956,0.1079796324508883,-0.010080912378536429,-0.11414477911524323,-0.224577263642637,0.02021267425204655,-0.1320566075379862,-0.013602239905465285,0.05050626088262953,-0.06211284574688986,0.3058406194565685,-0.13011152053698566,-0.1505734031104336,0.05088052178419442,0.022094105566073524,0.016691346725117694,-0.014270862742143267,-0.032757267560073945,0.5129308836182319,-0.11766610664217213,-0.09277527885254498,-0.11766610664217213,0.027255329305904265,-0.0603504372023771,0.08050548557809946,0.5451695572498154,-0.15500234832661283,-0.03054279495198434,-0.16235019416856913,-0.19106754027322378,-0.5479378135832484,-0.34303163127515784,-0.11835970580687409,0.038060846987815956,-0.1320566075379862,-0.18214345390533906,0.220293548292309,0.3233557508982752,-0.1068605889602604,-0.10333926143333155,-0.15154467648665748,0.3249956471111771,0.02913676061993124,-0.16429528116956968,1.0,0.017937420134923405
S16_D16 hbo,-0.004644707862260007,0.008109570318994199,-0.04232843568878983,0.2941769285265411,-0.12139341807937017,0.01035037500491899,-0.0021207347795527973,0.0960288985328917,0.15737241935316956,-0.07933695380137282,0.16233960274221784,-0.012338269954431772,0.17509388092347206,0.13712698470015988,0.14491407949236576,0.16760272445171656,-0.24730518236391597,0.15210929764367084,0.08493374802364968,0.1062592036314387,-0.004644707862260007,-0.004644707862260007,0.14579169482672888,0.15328285129848437,0.07081628049083373,0.18532418602201906,0.030878978054711074,0.1321598013111116,0.18288097571567793,-0.32110704304499754,0.03419980369541525,0.12689667960161288,0.05397243425489436,-0.08887927926230484,-0.43813892165888996,0.0128743480876262,-0.41497747260600865,-0.00942225555456009,-0.66035155588712,0.18532418602201906,-0.06210106624826891,0.14170212677204366,0.20304564759232152,0.04900525086584608,0.2434557541219748,-0.4640395193385629,0.058547576326778164,0.06603873279853366,0.09671687817050661,0.24597972720468197,-0.4620011202730543,-0.6755362744510472
