,bankssts-lh,bankssts-rh,caudalanteriorcingulate-lh,caudalanteriorcingulate-rh,caudalmiddlefrontal-lh,caudalmiddlefrontal-rh,cuneus-lh,cuneus-rh,entorhinal-lh,entorhinal-rh,frontalpole-lh,frontalpole-rh,fusiform-lh,fusiform-rh,inferiorparietal-lh,inferiorparietal-rh,inferiortemporal-lh,inferiortemporal-rh,insula-lh,insula-rh,isthmuscingulate-lh,isthmuscingulate-rh,lateraloccipital-lh,lateraloccipital-rh,lateralorbitofrontal-lh,lateralorbitofrontal-rh,lingual-lh,lingual-rh,medialorbitofrontal-lh,medialorbitofrontal-rh,middletemporal-lh,middletemporal-rh,paracentral-lh,paracentral-rh,parahippocampal-lh,parahippocampal-rh,parsopercularis-lh,parsopercularis-rh,parsorbitalis-lh,parsorbitalis-rh,parstriangularis-lh,parstriangularis-rh,pericalcarine-lh,pericalcarine-rh,postcentral-lh,postcentral-rh,posteriorcingulate-lh,posteriorcingulate-rh,precentral-lh,precentral-rh,precuneus-lh,precuneus-rh,rostralanteriorcingulate-lh,rostralanteriorcingulate-rh,rostralmiddlefrontal-lh,rostralmiddlefrontal-rh,superiorfrontal-lh,superiorfrontal-rh,superiorparietal-lh,superiorparietal-rh,superiortemporal-lh,superiortemporal-rh,supramarginal-lh,supramarginal-rh,temporalpole-lh,temporalpole-rh,transversetemporal-lh,transversetemporal-rh
bankssts-lh,0.271505376344086,0.0,0.013440860215053764,0.005376344086021506,0.0,0.0,0.0,0.0,0.056451612903225805,0.0,0.0,0.0,0.0,0.0,0.0,0.0,0.010752688172043012,0.0,0.0,0.0,0.043010752688172046,0.005376344086021506,0.0,0.0,0.0,0.07526881720430108,0.0,0.0,0.0,0.0,0.07526881720430108,0.0,0.0,0.0,0.0,0.0,0.0,0.0,0.0,0.11559139784946236,0.0,0.0,0.0,0.08602150537634409,0.0,0.0,0.0,0.0,0.0,0.0,0.0,0.0,0.0,0.0,0.0,0.0,0.0,0.0,0.0,0.0,0.24193548387096775,0.0,0.0,0.0,0.0,0.0,0.0,0.0
bankssts-rh,0.0,0.0,0.0,0.0,0.0,0.0,0.0,0.0,0.0,0.0,0.0,0.0,0.0,0.0,0.0,0.0,0.0,0.0,0.0,0.0,0.0,0.0,0.0,0.0,0.0,0.0,0.0,0.0,0.0,0.0,0.0,0.0,0.0,0.0,0.0,0.0,0.0,0.0,0.0,0.0,0.0,0.0,0.0,0.0,0.0,0.0,0.0,0.0,0.0,0.0,0.0,0.0,0.0,0.0,0.0,0.0,0.0,0.0,0.0,0.0,0.0,0.0,0.0,0.0,0.0,0.0,0.0,0.0
caudalanteriorcingulate-lh,0.03070175438596491,0.0,0.17982456140350878,0.08771929824561403,0.0,0.08333333333333333,0.0,0.0,0.15350877192982457,0.0,0.0,0.0,0.0,0.0,0.0,0.0,0.17543859649122806,0.0,0.0,0.0,0.0,0.0,0.0,0.0,0.0,0.0,0.0,0.0,0.0,0.0,0.0,0.0,0.0,0.0,0.0,0.0,0.14035087719298245,0.0,0.0,0.07456140350877193,0.0,0.0,0.0,0.05701754385964912,0.0,0.0,0.0,0.0,0.0,0.0,0.0,0.0,0.0,0.0,0.0,0.0,0.0,0.0,0.0,0.0,0.017543859649122806,0.0,0.0,0.0,0.0,0.0,0.0,0.0
caudalanteriorcingulate-rh,0.03305785123966942,0.0,0.1652892561983471,0.15702479338842976,0.0,0.0,0.0,0.0,0.1652892561983471,0.0,0.0,0.0,0.0,0.0,0.0,0.0,0.1652892561983471,0.0,0.0,0.0,0.0,0.0,0.0,0.0,0.0,0.0,0.0,0.0,0.0,0.0,0.0,0.0,0.0,0.0,0.0,0.0,0.10743801652892562,0.0,0.0,0.11570247933884298,0.0,0.0,0.0,0.08264462809917356,0.0,0.0,0.0,0.0,0.0,0.0,0.0,0.0,0.0,0.0,0.0,0.0,0.0,0.0,0.0,0.0,0.008264462809917356,0.0,0.0,0.0,0.0,0.0,0.0,0.0
caudalmiddlefrontal-lh,0.0,0.0,0.0,0.0,0.2180746561886051,0.0,0.0,0.0,0.0,0.0,0.0,0.0,0.0,0.0,0.0,0.0,0.008840864440078585,0.0,0.1237721021611002,0.0,0.0,0.0,0.0,0.022593320235756387,0.0,0.0,0.0,0.0,0.0,0.0,0.01669941060903733,0.0,0.03732809430255403,0.05108055009823183,0.17288801571709234,0.0,0.015717092337917484,0.0206286836935167,0.0,0.0,0.09823182711198428,0.0,0.05795677799607073,0.007858546168958742,0.0,0.0,0.0,0.03831041257367387,0.0,0.011787819253438114,0.0,0.0,0.0,0.0,0.018664047151277015,0.0,0.0,0.0,0.0,0.004911591355599214,0.0,0.0,0.0,0.0,0.0,0.0,0.07465618860510806,0.0
caudalmiddlefrontal-rh,0.0,0.0,0.20192307692307693,0.019230769230769232,0.0,0.21153846153846154,0.0,0.0,0.125,0.0,0.0,0.0,0.0,0.0,0.0,0.0,0.22115384615384615,0.0,0.0,0.0,0.0,0.0,0.0,0.0,0.0,0.0,0.0,0.0,0.0,0.0,0.0,0.0,0.0,0.0,0.0,0.0,0.22115384615384615,0.0,0.0,0.0,0.0,0.0,0.0,0.0,0.0,0.0,0.0,0.0,0.0,0.0,0.0,0.0,0.0,0.0,0.0,0.0,0.0,0.0,0.0,0.0,0.0,0.0,0.0,0.0,0.0,0.0,0.0,0.0
cuneus-lh,0.0,0.0,0.0,0.0,0.0,0.0,0.0,0.0,0.0,0.0,0.0,0.0,0.0,0.0,0.0,0.0,0.0,0.0,0.0,0.0,0.0,0.0,0.0,0.0,0.0,0.0,0.0,0.0,0.0,0.0,0.0,0.0,0.0,0.0,0.0,0.0,0.0,0.0,0.0,0.0,0.0,0.0,0.0,0.0,0.0,0.0,0.0,0.0,0.0,0.0,0.0,0.0,0.0,0.0,0.0,0.0,0.0,0.0,0.0,0.0,0.0,0.0,0.0,0.0,0.0,0.0,0.0,0.0
cuneus-rh,0.0,0.0,0.0,0.0,0.0,0.0,0.0,0.0,0.0,0.0,0.0,0.0,0.0,0.0,0.0,0.0,0.0,0.0,0.0,0.0,0.0,0.0,0.0,0.0,0.0,0.0,0.0,0.0,0.0,0.0,0.0,0.0,0.0,0.0,0.0,0.0,0.0,0.0,0.0,0.0,0.0,0.0,0.0,0.0,0.0,0.0,0.0,0.0,0.0,0.0,0.0,0.0,0.0,0.0,0.0,0.0,0.0,0.0,0.0,0.0,0.0,0.0,0.0,0.0,0.0,0.0,0.0,0.0
entorhinal-lh,0.08243727598566308,0.0,0.11827956989247312,0.07168458781362007,0.0,0.03942652329749104,0.0,0.0,0.17562724014336917,0.0,0.0,0.0,0.0,0.0,0.0,0.0,0.11469534050179211,0.0,0.0,0.0,0.0,0.0,0.0,0.0,0.0,0.017921146953405017,0.0,0.0,0.0,0.0,0.0,0.0,0.0,0.0,0.0,0.0,0.08602150537634409,0.0,0.0,0.11827956989247312,0.0,0.0,0.0,0.1039426523297491,0.0,0.0,0.0,0.0,0.0,0.0,0.0,0.0,0.0,0.0,0.0,0.0,0.0,0.0,0.0,0.0,0.07168458781362007,0.0,0.0,0.0,0.0,0.0,0.0,0.0
entorhinal-rh,0.0,0.0,0.0,0.0,0.0,0.0,0.0,0.0,0.0,0.0,0.0,0.0,0.0,0.0,0.0,0.0,0.0,0.0,0.0,0.0,0.0,0.0,0.0,0.0,0.0,0.0,0.0,0.0,0.0,0.0,0.0,0.0,0.0,0.0,0.0,0.0,0.0,0.0,0.0,0.0,0.0,0.0,0.0,0.0,0.0,0.0,0.0,0.0,0.0,0.0,0.0,0.0,0.0,0.0,0.0,0.0,0.0,0.0,0.0,0.0,0.0,0.0,0.0,0.0,0.0,0.0,0.0,0.0
frontalpole-lh,0.0,0.0,0.0,0.0,0.0,0.0,0.0,0.0,0.0,0.0,0.0,0.0,0.0,0.0,0.0,0.0,0.0,0.0,0.0,0.0,0.0,0.0,0.0,0.0,0.0,0.0,0.0,0.0,0.0,0.0,0.0,0.0,0.0,0.0,0.0,0.0,0.0,0.0,0.0,0.0,0.0,0.0,0.0,0.0,0.0,0.0,0.0,0.0,0.0,0.0,0.0,0.0,0.0,0.0,0.0,0.0,0.0,0.0,0.0,0.0,0.0,0.0,0.0,0.0,0.0,0.0,0.0,0.0
frontalpole-rh,0.0,0.0,0.0,0.0,0.0,0.0,0.0,0.0,0.0,0.0,0.0,0.0,0.0,0.0,0.0,0.0,0.0,0.0,0.0,0.0,0.0,0.0,0.0,0.0,0.0,0.0,0.0,0.0,0.0,0.0,0.0,0.0,0.0,0.0,0.0,0.0,0.0,0.0,0.0,0.0,0.0,0.0,0.0,0.0,0.0,0.0,0.0,0.0,0.0,0.0,0.0,0.0,0.0,0.0,0.0,0.0,0.0,0.0,0.0,0.0,0.0,0.0,0.0,0.0,0.0,0.0,0.0,0.0
fusiform-lh,0.0,0.0,0.0,0.0,0.0,0.0,0.0,0.0,0.0,0.0,0.0,0.0,0.14857142857142858,0.0,0.0,0.0,0.0,0.0,0.0,0.0,0.13714285714285715,0.0,0.0,0.0,0.0,0.12,0.0,0.0,0.0,0.0,0.15428571428571428,0.0,0.0,0.0,0.0,0.0,0.0,0.0,0.0,0.0,0.06285714285714286,0.0,0.0,0.0,0.0,0.0,0.0,0.0,0.0,0.13142857142857142,0.0,0.0,0.0,0.0,0.04,0.0,0.0,0.0,0.0,0.0,0.05714285714285714,0.0,0.0,0.0,0.0,0.0,0.14857142857142858,0.0
fusiform-rh,0.0,0.0,0.0,0.0,0.0,0.0,0.0,0.0,0.0,0.0,0.0,0.0,0.0,0.0,0.0,0.0,0.0,0.0,0.0,0.0,0.0,0.0,0.0,0.0,0.0,0.0,0.0,0.0,0.0,0.0,0.0,0.0,0.0,0.0,0.0,0.0,0.0,0.0,0.0,0.0,0.0,0.0,0.0,0.0,0.0,0.0,0.0,0.0,0.0,0.0,0.0,0.0,0.0,0.0,0.0,0.0,0.0,0.0,0.0,0.0,0.0,0.0,0.0,0.0,0.0,0.0,0.0,0.0
inferiorparietal-lh,0.0,0.0,0.0,0.0,0.0,0.0,0.0,0.0,0.0,0.0,0.0,0.0,0.0,0.0,0.0,0.0,0.0,0.0,0.0,0.0,0.0,0.0,0.0,0.0,0.0,0.0,0.0,0.0,0.0,0.0,0.0,0.0,0.0,0.0,0.0,0.0,0.0,0.0,0.0,0.0,0.0,0.0,0.0,0.0,0.0,0.0,0.0,0.0,0.0,0.0,0.0,0.0,0.0,0.0,0.0,0.0,0.0,0.0,0.0,0.0,0.0,0.0,0.0,0.0,0.0,0.0,0.0,0.0
inferiorparietal-rh,0.0,0.0,0.0,0.0,0.0,0.0,0.0,0.0,0.0,0.0,0.0,0.0,0.0,0.0,0.0,0.0,0.0,0.0,0.0,0.0,0.0,0.0,0.0,0.0,0.0,0.0,0.0,0.0,0.0,0.0,0.0,0.0,0.0,0.0,0.0,0.0,0.0,0.0,0.0,0.0,0.0,0.0,0.0,0.0,0.0,0.0,0.0,0.0,0.0,0.0,0.0,0.0,0.0,0.0,0.0,0.0,0.0,0.0,0.0,0.0,0.0,0.0,0.0,0.0,0.0,0.0,0.0,0.0
inferiortemporal-lh,0.013605442176870748,0.0,0.09523809523809523,0.045351473922902494,0.015873015873015872,0.05215419501133787,0.0,0.0,0.07709750566893424,0.0,0.0,0.0,0.0,0.0,0.0,0.0,0.2290249433106576,0.0,0.0,0.0,0.0,0.0,0.0,0.0,0.0,0.0,0.0,0.0,0.0,0.0,0.0,0.0,0.0,0.0,0.0045351473922902496,0.0,0.17233560090702948,0.018140589569160998,0.0,0.036281179138321996,0.0,0.0,0.011337868480725623,0.1292517006802721,0.0,0.0,0.0,0.0,0.0,0.0,0.0,0.0,0.0,0.0,0.0,0.0,0.0,0.0,0.0,0.09297052154195011,0.006802721088435374,0.0,0.0,0.0,0.0,0.0,0.0,0.0
inferiortemporal-rh,0.0,0.0,0.0,0.0,0.0,0.0,0.0,0.0,0.0,0.0,0.0,0.0,0.0,0.0,0.0,0.0,0.0,0.0,0.0,0.0,0.0,0.0,0.0,0.0,0.0,0.0,0.0,0.0,0.0,0.0,0.0,0.0,0.0,0.0,0.0,0.0,0.0,0.0,0.0,0.0,0.0,0.0,0.0,0.0,0.0,0.0,0.0,0.0,0.0,0.0,0.0,0.0,0.0,0.0,0.0,0.0,0.0,0.0,0.0,0.0,0.0,0.0,0.0,0.0,0.0,0.0,0.0,0.0
insula-lh,0.0,0.0,0.0,0.0,0.15133876600698487,0.0,0.0,0.0,0.0,0.0,0.0,0.0,0.0,0.0,0.0,0.0,0.0,0.0,0.18975552968568102,0.0,0.0,0.008149010477299184,0.0,0.02677532013969732,0.0,0.0,0.0,0.0,0.0,0.0,0.06053550640279395,0.0,0.0,0.08614668218859138,0.11175785797438882,0.0,0.0,0.0,0.0,0.0,0.11757857974388825,0.0,0.04423748544819558,0.012805587892898719,0.0,0.0,0.010477299185098952,0.05820721769499418,0.0,0.0,0.0,0.0,0.0,0.0,0.0,0.0,0.0,0.0,0.0,0.009313154831199068,0.0,0.0,0.0,0.0,0.0,0.0,0.11292200232828871,0.0
insula-rh,0.0,0.0,0.0,0.0,0.0,0.0,0.0,0.0,0.0,0.0,0.0,0.0,0.0,0.0,0.0,0.0,0.0,0.0,0.0,0.0,0.0,0.0,0.0,0.0,0.0,0.0,0.0,0.0,0.0,0.0,0.0,0.0,0.0,0.0,0.0,0.0,0.0,0.0,0.0,0.0,0.0,0.0,0.0,0.0,0.0,0.0,0.0,0.0,0.0,0.0,0.0,0.0,0.0,0.0,0.0,0.0,0.0,0.0,0.0,0.0,0.0,0.0,0.0,0.0,0.0,0.0,0.0,0.0
isthmuscingulate-lh,0.027906976744186046,0.0,0.0,0.0,0.0,0.0,0.0,0.0,0.0,0.0,0.0,0.0,0.06046511627906977,0.0,0.0,0.0,0.0,0.0,0.0,0.0,0.17906976744186046,0.04186046511627907,0.0,0.0,0.0,0.14883720930232558,0.0,0.0,0.0,0.0,0.16046511627906976,0.0,0.0,0.0,0.0,0.0,0.0,0.0,0.0,0.0069767441860465115,0.05581395348837209,0.0,0.0,0.0,0.0,0.0,0.0,0.0,0.0,0.07209302325581396,0.0,0.0,0.0,0.0,0.03255813953488372,0.0,0.0,0.0,0.0,0.0,0.1,0.0,0.0,0.0,0.0,0.0,0.11395348837209303,0.0
isthmuscingulate-rh,0.0,0.0,0.0,0.0,0.0,0.0,0.0,0.0,0.0,0.0,0.0,0.0,0.0,0.0,0.0,0.0,0.0,0.0,0.055900621118012424,0.0,0.11180124223602485,0.15527950310559005,0.0,0.0,0.0,0.11180124223602485,0.0,0.0,0.0,0.0,0.16770186335403728,0.0,0.0,0.037267080745341616,0.0,0.0,0.0,0.0,0.0,0.0,0.055900621118012424,0.0,0.0,0.0,0.0,0.0,0.055900621118012424,0.055900621118012424,0.0,0.0,0.0,0.0,0.0,0.0,0.0,0.0,0.0,0.0,0.0,0.0,0.11180124223602485,0.0,0.0,0.0,0.0,0.0,0.08074534161490683,0.0
lateraloccipital-lh,0.0,0.0,0.0,0.0,0.0,0.0,0.0,0.0,0.0,0.0,0.0,0.0,0.0,0.0,0.0,0.0,0.0,0.0,0.0,0.0,0.0,0.0,0.0,0.0,0.0,0.0,0.0,0.0,0.0,0.0,0.0,0.0,0.0,0.0,0.0,0.0,0.0,0.0,0.0,0.0,0.0,0.0,0.0,0.0,0.0,0.0,0.0,0.0,0.0,0.0,0.0,0.0,0.0,0.0,0.0,0.0,0.0,0.0,0.0,0.0,0.0,0.0,0.0,0.0,0.0,0.0,0.0,0.0
lateraloccipital-rh,0.0,0.0,0.0,0.0,0.13725490196078433,0.0,0.0,0.0,0.0,0.0,0.0,0.0,0.0,0.0,0.0,0.0,0.0,0.0,0.1503267973856209,0.0,0.0,0.0,0.0,0.1437908496732026,0.0,0.0,0.0,0.0,0.0,0.0,0.0,0.0,0.0,0.1503267973856209,0.1503267973856209,0.0,0.0,0.0,0.0,0.0,0.0,0.0,0.10457516339869281,0.058823529411764705,0.0,0.0,0.0,0.06535947712418301,0.0,0.0,0.0,0.0,0.0,0.0,0.0,0.0,0.0,0.0,0.0,0.0392156862745098,0.0,0.0,0.0,0.0,0.0,0.0,0.0,0.0
lateralorbitofrontal-lh,0.0,0.0,0.0,0.0,0.0,0.0,0.0,0.0,0.0,0.0,0.0,0.0,0.0,0.0,0.0,0.0,0.0,0.0,0.0,0.0,0.0,0.0,0.0,0.0,0.0,0.0,0.0,0.0,0.0,0.0,0.0,0.0,0.0,0.0,0.0,0.0,0.0,0.0,0.0,0.0,0.0,0.0,0.0,0.0,0.0,0.0,0.0,0.0,0.0,0.0,0.0,0.0,0.0,0.0,0.0,0.0,0.0,0.0,0.0,0.0,0.0,0.0,0.0,0.0,0.0,0.0,0.0,0.0
lateralorbitofrontal-rh,0.04809619238476954,0.0,0.0,0.0,0.0,0.0,0.0,0.0,0.006012024048096192,0.0,0.0,0.0,0.04609218436873747,0.0,0.0,0.0,0.0,0.0,0.0,0.0,0.13026052104208416,0.03406813627254509,0.0,0.0,0.0,0.17234468937875752,0.0,0.0,0.0,0.0,0.16032064128256512,0.0,0.0,0.0,0.0,0.0,0.0,0.0,0.0,0.052104208416833664,0.04208416833667335,0.0,0.0,0.028056112224448898,0.0,0.0,0.0,0.0,0.0,0.056112224448897796,0.0,0.0,0.0,0.0,0.022044088176352707,0.0,0.0,0.0,0.0,0.0,0.11022044088176353,0.0,0.0,0.0,0.0,0.0,0.09218436873747494,0.0
lingual-lh,0.0,0.0,0.0,0.0,0.0,0.0,0.0,0.0,0.0,0.0,0.0,0.0,0.0,0.0,0.0,0.0,0.0,0.0,0.0,0.0,0.0,0.0,0.0,0.0,0.0,0.0,0.0,0.0,0.0,0.0,0.0,0.0,0.0,0.0,0.0,0.0,0.0,0.0,0.0,0.0,0.0,0.0,0.0,0.0,0.0,0.0,0.0,0.0,0.0,0.0,0.0,0.0,0.0,0.0,0.0,0.0,0.0,0.0,0.0,0.0,0.0,0.0,0.0,0.0,0.0,0.0,0.0,0.0
lingual-rh,0.0,0.0,0.0,0.0,0.0,0.0,0.0,0.0,0.0,0.0,0.0,0.0,0.0,0.0,0.0,0.0,0.0,0.0,0.0,0.0,0.0,0.0,0.0,0.0,0.0,0.0,0.0,0.0,0.0,0.0,0.0,0.0,0.0,0.0,0.0,0.0,0.0,0.0,0.0,0.0,0.0,0.0,0.0,0.0,0.0,0.0,0.0,0.0,0.0,0.0,0.0,0.0,0.0,0.0,0.0,0.0,0.0,0.0,0.0,0.0,0.0,0.0,0.0,0.0,0.0,0.0,0.0,0.0
medialorbitofrontal-lh,0.0,0.0,0.0,0.0,0.0,0.0,0.0,0.0,0.0,0.0,0.0,0.0,0.0,0.0,0.0,0.0,0.0,0.0,0.0,0.0,0.0,0.0,0.0,0.0,0.0,0.0,0.0,0.0,0.0,0.0,0.0,0.0,0.0,0.0,0.0,0.0,0.0,0.0,0.0,0.0,0.0,0.0,0.0,0.0,0.0,0.0,0.0,0.0,0.0,0.0,0.0,0.0,0.0,0.0,0.0,0.0,0.0,0.0,0.0,0.0,0.0,0.0,0.0,0.0,0.0,0.0,0.0,0.0
medialorbitofrontal-rh,0.0,0.0,0.0,0.0,0.0,0.0,0.0,0.0,0.0,0.0,0.0,0.0,0.0,0.0,0.0,0.0,0.0,0.0,0.0,0.0,0.0,0.0,0.0,0.0,0.0,0.0,0.0,0.0,0.0,0.0,0.0,0.0,0.0,0.0,0.0,0.0,0.0,0.0,0.0,0.0,0.0,0.0,0.0,0.0,0.0,0.0,0.0,0.0,0.0,0.0,0.0,0.0,0.0,0.0,0.0,0.0,0.0,0.0,0.0,0.0,0.0,0.0,0.0,0.0,0.0,0.0,0.0,0.0
middletemporal-lh,0.018691588785046728,0.0,0.0,0.0,0.01954120645709431,0.0,0.0,0.0,0.0,0.0,0.0,0.0,0.022939677145284623,0.0,0.0,0.0,0.0,0.0,0.04927782497875956,0.0,0.05692438402718777,0.022090059473237042,0.0,0.0,0.0,0.06542056074766354,0.0,0.0,0.0,0.0,0.20220900594732372,0.0,0.0,0.04078164825828377,0.0,0.0,0.0,0.0,0.0,0.014443500424808835,0.1308411214953271,0.0,0.0,0.004248088360237893,0.0,0.0,0.01954120645709431,0.038232795242141036,0.0,0.05012744265080714,0.0,0.0,0.0,0.0,0.03908241291418862,0.0,0.0,0.0,0.0,0.0,0.04672897196261682,0.0,0.0,0.0,0.0,0.0,0.1588785046728972,0.0
middletemporal-rh,0.0,0.0,0.0,0.0,0.0,0.0,0.0,0.0,0.0,0.0,0.0,0.0,0.0,0.0,0.0,0.0,0.0,0.0,0.0,0.0,0.0,0.0,0.0,0.0,0.0,0.0,0.0,0.0,0.0,0.0,0.0,0.0,0.0,0.0,0.0,0.0,0.0,0.0,0.0,0.0,0.0,0.0,0.0,0.0,0.0,0.0,0.0,0.0,0.0,0.0,0.0,0.0,0.0,0.0,0.0,0.0,0.0,0.0,0.0,0.0,0.0,0.0,0.0,0.0,0.0,0.0,0.0,0.0
paracentral-lh,0.0,0.0,0.0,0.0,0.20212765957446807,0.0,0.0,0.0,0.0,0.0,0.0,0.0,0.0,0.0,0.0,0.0,0.0,0.0,0.0,0.0,0.0,0.0,0.0,0.0,0.0,0.0,0.0,0.0,0.0,0.0,0.0,0.0,0.19680851063829788,0.0,0.19148936170212766,0.0,0.0,0.010638297872340425,0.0,0.0,0.17553191489361702,0.0,0.0,0.0,0.0,0.0,0.0,0.0,0.0,0.05851063829787234,0.0,0.0,0.0,0.0,0.09574468085106383,0.0,0.0,0.0,0.0,0.0,0.0,0.0,0.0,0.0,0.0,0.0,0.06914893617021277,0.0
paracentral-rh,0.0,0.0,0.0,0.0,0.09060402684563758,0.0,0.0,0.0,0.0,0.0,0.0,0.0,0.0,0.0,0.0,0.0,0.0,0.0,0.12416107382550336,0.0,0.0,0.006711409395973154,0.0,0.03859060402684564,0.0,0.0,0.0,0.0,0.0,0.0,0.08053691275167785,0.0,0.0,0.1761744966442953,0.08557046979865772,0.0,0.0,0.0,0.0,0.0,0.08221476510067115,0.0,0.06375838926174497,0.02181208053691275,0.0,0.0,0.010067114093959731,0.1174496644295302,0.0,0.0,0.0,0.0,0.0,0.0,0.0,0.0,0.0,0.0,0.0,0.016778523489932886,0.0,0.0,0.0,0.0,0.0,0.0,0.08557046979865772,0.0
parahippocampal-lh,0.0,0.0,0.0,0.0,0.20140515222482436,0.0,0.0,0.0,0.0,0.0,0.0,0.0,0.0,0.0,0.0,0.0,0.00702576112412178,0.0,0.1053864168618267,0.0,0.0,0.0,0.0,0.026932084309133488,0.0,0.0,0.0,0.0,0.0,0.0,0.0,0.0,0.03981264637002342,0.05737704918032787,0.23185011709601874,0.0,0.01053864168618267,0.01639344262295082,0.0,0.0,0.06791569086651054,0.0,0.08430913348946135,0.02576112412177986,0.0,0.0,0.0,0.03864168618266979,0.0,0.00936768149882904,0.0,0.0,0.0,0.0,0.01756440281030445,0.0,0.0,0.0,0.0,0.01990632318501171,0.0,0.0,0.0,0.0,0.0,0.0,0.03981264637002342,0.0
parahippocampal-rh,0.0,0.0,0.0,0.0,0.0,0.0,0.0,0.0,0.0,0.0,0.0,0.0,0.0,0.0,0.0,0.0,0.0,0.0,0.0,0.0,0.0,0.0,0.0,0.0,0.0,0.0,0.0,0.0,0.0,0.0,0.0,0.0,0.0,0.0,0.0,0.0,0.0,0.0,0.0,0.0,0.0,0.0,0.0,0.0,0.0,0.0,0.0,0.0,0.0,0.0,0.0,0.0,0.0,0.0,0.0,0.0,0.0,0.0,0.0,0.0,0.0,0.0,0.0,0.0,0.0,0.0,0.0,0.0
parsopercularis-lh,0.0,0.0,0.09392265193370165,0.04143646408839779,0.03867403314917127,0.06353591160220995,0.0,0.0,0.0718232044198895,0.0,0.0,0.0,0.0,0.0,0.0,0.0,0.2154696132596685,0.0,0.0,0.0,0.0,0.0,0.0,0.0,0.0,0.0,0.0,0.0,0.0,0.0,0.0,0.0,0.0,0.0,0.019337016574585635,0.0,0.2265193370165746,0.04143646408839779,0.0,0.022099447513812154,0.0,0.0,0.0027624309392265192,0.08839779005524862,0.0,0.0,0.0,0.0,0.0,0.0,0.0,0.0,0.0,0.0,0.0,0.0,0.0,0.0,0.0,0.07458563535911603,0.0,0.0,0.0,0.0,0.0,0.0,0.0,0.0
parsopercularis-rh,0.0,0.0,0.0,0.0,0.24358974358974358,0.0,0.0,0.0,0.0,0.0,0.0,0.0,0.0,0.0,0.0,0.0,0.1282051282051282,0.0,0.0,0.0,0.0,0.0,0.0,0.0,0.0,0.0,0.0,0.0,0.0,0.0,0.0,0.0,0.0,0.0,0.15384615384615385,0.0,0.21794871794871795,0.2564102564102564,0.0,0.0,0.0,0.0,0.0,0.0,0.0,0.0,0.0,0.0,0.0,0.0,0.0,0.0,0.0,0.0,0.0,0.0,0.0,0.0,0.0,0.0,0.0,0.0,0.0,0.0,0.0,0.0,0.0,0.0
parsorbitalis-lh,0.0,0.0,0.0,0.0,0.0,0.0,0.0,0.0,0.0,0.0,0.0,0.0,0.0,0.0,0.0,0.0,0.0,0.0,0.0,0.0,0.0,0.0,0.0,0.0,0.0,0.0,0.0,0.0,0.0,0.0,0.0,0.0,0.0,0.0,0.0,0.0,0.0,0.0,0.0,0.0,0.0,0.0,0.0,0.0,0.0,0.0,0.0,0.0,0.0,0.0,0.0,0.0,0.0,0.0,0.0,0.0,0.0,0.0,0.0,0.0,0.0,0.0,0.0,0.0,0.0,0.0,0.0,0.0
parsorbitalis-rh,0.13870967741935483,0.0,0.04838709677419355,0.03870967741935484,0.0,0.0,0.0,0.0,0.1,0.0,0.0,0.0,0.0032258064516129032,0.0,0.0,0.0,0.04516129032258064,0.0,0.0,0.0,0.016129032258064516,0.0,0.0,0.0,0.0,0.09032258064516129,0.0,0.0,0.0,0.0,0.06129032258064516,0.0,0.0,0.0,0.0,0.0,0.01935483870967742,0.0,0.0,0.17419354838709677,0.0,0.0,0.0,0.12580645161290321,0.0,0.0,0.0,0.0,0.0,0.0,0.0,0.0,0.0,0.0,0.0,0.0,0.0,0.0,0.0,0.0,0.13870967741935483,0.0,0.0,0.0,0.0,0.0,0.0,0.0
parstriangularis-lh,0.0,0.0,0.0,0.0,0.0906801007556675,0.0,0.0,0.0,0.0,0.0,0.0,0.0,0.007556675062972292,0.0,0.0,0.0,0.0,0.0,0.08984047019311503,0.0,0.016792611251049538,0.007556675062972292,0.0,0.0,0.0,0.014273719563392108,0.0,0.0,0.0,0.0,0.12174643157010916,0.0,0.02938706968933669,0.04114189756507137,0.055415617128463476,0.0,0.0,0.0,0.0,0.0,0.19311502938706968,0.0,0.005037783375314861,0.0,0.0,0.0,0.01595298068849706,0.03526448362720403,0.0,0.04953820319059614,0.0,0.0,0.0,0.0,0.055415617128463476,0.0,0.0,0.0,0.0,0.0,0.0,0.0,0.0,0.0,0.0,0.0,0.1712846347607053,0.0
parstriangularis-rh,0.0,0.0,0.0,0.0,0.0,0.0,0.0,0.0,0.0,0.0,0.0,0.0,0.0,0.0,0.0,0.0,0.0,0.0,0.0,0.0,0.0,0.0,0.0,0.0,0.0,0.0,0.0,0.0,0.0,0.0,0.0,0.0,0.0,0.0,0.0,0.0,0.0,0.0,0.0,0.0,0.0,0.0,0.0,0.0,0.0,0.0,0.0,0.0,0.0,0.0,0.0,0.0,0.0,0.0,0.0,0.0,0.0,0.0,0.0,0.0,0.0,0.0,0.0,0.0,0.0,0.0,0.0,0.0
pericalcarine-lh,0.0,0.0,0.0,0.0,0.1553133514986376,0.0,0.0,0.0,0.0,0.0,0.0,0.0,0.0,0.0,0.0,0.0,0.01907356948228883,0.0,0.10354223433242507,0.0,0.0,0.0,0.0,0.04904632152588556,0.0,0.0,0.0,0.0,0.0,0.0,0.0,0.0,0.0,0.10354223433242507,0.18528610354223432,0.0,0.008174386920980926,0.0,0.0,0.0,0.010899182561307902,0.0,0.23705722070844687,0.021798365122615803,0.0,0.0,0.0,0.08446866485013624,0.0,0.0,0.0,0.0,0.0,0.0,0.0,0.0,0.0,0.0,0.0,0.0027247956403269754,0.0,0.0,0.0,0.0,0.0,0.0,0.01907356948228883,0.0
pericalcarine-rh,0.059027777777777776,0.0,0.019097222222222224,0.013888888888888888,0.010416666666666666,0.0,0.0,0.0,0.046875,0.0,0.0,0.0,0.0,0.0,0.0,0.0,0.0920138888888889,0.0,0.015625,0.0,0.0,0.0,0.0,0.012152777777777778,0.0,0.027777777777777776,0.0,0.0,0.0,0.0,0.012152777777777778,0.0,0.0,0.019097222222222224,0.03125,0.0,0.052083333333333336,0.0,0.0,0.06770833333333333,0.0,0.0,0.006944444444444444,0.2517361111111111,0.0,0.0,0.0,0.0,0.0,0.0,0.0,0.0,0.0,0.0,0.0,0.0,0.04513888888888889,0.0,0.0,0.16319444444444445,0.05381944444444445,0.0,0.0,0.0,0.0,0.0,0.0,0.0
postcentral-lh,0.0,0.0,0.0,0.0,0.0,0.0,0.0,0.0,0.0,0.0,0.0,0.0,0.0,0.0,0.0,0.0,0.0,0.0,0.0,0.0,0.0,0.0,0.0,0.0,0.0,0.0,0.0,0.0,0.0,0.0,0.0,0.0,0.0,0.0,0.0,0.0,0.0,0.0,0.0,0.0,0.0,0.0,0.0,0.0,0.0,0.0,0.0,0.0,0.0,0.0,0.0,0.0,0.0,0.0,0.0,0.0,0.0,0.0,0.0,0.0,0.0,0.0,0.0,0.0,0.0,0.0,0.0,0.0
postcentral-rh,0.0,0.0,0.0,0.0,0.0,0.0,0.0,0.0,0.0,0.0,0.0,0.0,0.0,0.0,0.0,0.0,0.0,0.0,0.0,0.0,0.0,0.0,0.0,0.0,0.0,0.0,0.0,0.0,0.0,0.0,0.0,0.0,0.0,0.0,0.0,0.0,0.0,0.0,0.0,0.0,0.0,0.0,0.0,0.0,0.0,0.0,0.0,0.0,0.0,0.0,0.0,0.0,0.0,0.0,0.0,0.0,0.0,0.0,0.0,0.0,0.0,0.0,0.0,0.0,0.0,0.0,0.0,0.0
posteriorcingulate-lh,0.0,0.0,0.0,0.0,0.0,0.0,0.0,0.0,0.0,0.0,0.0,0.0,0.0,0.0,0.0,0.0,0.0,0.0,0.04741379310344827,0.0,0.0,0.03879310344827586,0.0,0.0,0.0,0.0,0.0,0.0,0.0,0.0,0.10344827586206896,0.0,0.0,0.034482758620689655,0.0,0.0,0.0,0.0,0.0,0.0,0.09051724137931035,0.0,0.0,0.0,0.0,0.0,0.3706896551724138,0.21551724137931033,0.0,0.0,0.0,0.0,0.0,0.0,0.0,0.0,0.0,0.0,0.0,0.0,0.0,0.0,0.0,0.0,0.0,0.0,0.09913793103448276,0.0
posteriorcingulate-rh,0.0,0.0,0.0,0.0,0.07347670250896057,0.0,0.0,0.0,0.0,0.0,0.0,0.0,0.0,0.0,0.0,0.0,0.0,0.0,0.0931899641577061,0.0,0.0,0.016129032258064516,0.0,0.021505376344086023,0.0,0.0,0.0,0.0,0.0,0.0,0.08064516129032258,0.0,0.0,0.13261648745519714,0.06272401433691756,0.0,0.0,0.0,0.0,0.0,0.07885304659498207,0.0,0.05913978494623656,0.0,0.0,0.0,0.08243727598566308,0.2132616487455197,0.0,0.0,0.0,0.0,0.0,0.0,0.0,0.0,0.0,0.0,0.0,0.0,0.0,0.0,0.0,0.0,0.0,0.0,0.08602150537634409,0.0
precentral-lh,0.0,0.0,0.0,0.0,0.0,0.0,0.0,0.0,0.0,0.0,0.0,0.0,0.0,0.0,0.0,0.0,0.0,0.0,0.0,0.0,0.0,0.0,0.0,0.0,0.0,0.0,0.0,0.0,0.0,0.0,0.0,0.0,0.0,0.0,0.0,0.0,0.0,0.0,0.0,0.0,0.0,0.0,0.0,0.0,0.0,0.0,0.0,0.0,0.525,0.0,0.0,0.0,0.0,0.0,0.0,0.0,0.475,0.0,0.0,0.0,0.0,0.0,0.0,0.0,0.0,0.0,0.0,0.0
precentral-rh,0.0,0.0,0.0,0.0,0.03248259860788863,0.0,0.0,0.0,0.0,0.0,0.0,0.0,0.048723897911832945,0.0,0.0,0.0,0.0,0.0,0.0,0.0,0.06264501160092807,0.0,0.0,0.0,0.0,0.05568445475638051,0.0,0.0,0.0,0.0,0.13225058004640372,0.0,0.030162412993039442,0.0,0.02320185614849188,0.0,0.0,0.0,0.0,0.0,0.14153132250580047,0.0,0.0,0.0,0.0,0.0,0.0,0.0,0.0,0.16241299303944315,0.0,0.0,0.0,0.0,0.13225058004640372,0.0,0.0,0.0,0.0,0.0,0.01160092807424594,0.0,0.0,0.0,0.0,0.0,0.16705336426914152,0.0
precuneus-lh,0.0,0.0,0.0,0.0,0.0,0.0,0.0,0.0,0.0,0.0,0.0,0.0,0.0,0.0,0.0,0.0,0.0,0.0,0.0,0.0,0.0,0.0,0.0,0.0,0.0,0.0,0.0,0.0,0.0,0.0,0.0,0.0,0.0,0.0,0.0,0.0,0.0,0.0,0.0,0.0,0.0,0.0,0.0,0.0,0.0,0.0,0.0,0.0,0.0,0.0,0.0,0.0,0.0,0.0,0.0,0.0,0.0,0.0,0.0,0.0,0.0,0.0,0.0,0.0,0.0,0.0,0.0,0.0
precuneus-rh,0.0,0.0,0.0,0.0,0.0,0.0,0.0,0.0,0.0,0.0,0.0,0.0,0.0,0.0,0.0,0.0,0.0,0.0,0.0,0.0,0.0,0.0,0.0,0.0,0.0,0.0,0.0,0.0,0.0,0.0,0.0,0.0,0.0,0.0,0.0,0.0,0.0,0.0,0.0,0.0,0.0,0.0,0.0,0.0,0.0,0.0,0.0,0.0,0.0,0.0,0.0,0.0,0.0,0.0,0.0,0.0,0.0,0.0,0.0,0.0,0.0,0.0,0.0,0.0,0.0,0.0,0.0,0.0
rostralanteriorcingulate-lh,0.0,0.0,0.0,0.0,0.0,0.0,0.0,0.0,0.0,0.0,0.0,0.0,0.0,0.0,0.0,0.0,0.0,0.0,0.0,0.0,0.0,0.0,0.0,0.0,0.0,0.0,0.0,0.0,0.0,0.0,0.0,0.0,0.0,0.0,0.0,0.0,0.0,0.0,0.0,0.0,0.0,0.0,0.0,0.0,0.0,0.0,0.0,0.0,0.0,0.0,0.0,0.0,0.0,0.0,0.0,0.0,0.0,0.0,0.0,0.0,0.0,0.0,0.0,0.0,0.0,0.0,0.0,0.0
rostralanteriorcingulate-rh,0.0,0.0,0.0,0.0,0.0,0.0,0.0,0.0,0.0,0.0,0.0,0.0,0.0,0.0,0.0,0.0,0.0,0.0,0.0,0.0,0.0,0.0,0.0,0.0,0.0,0.0,0.0,0.0,0.0,0.0,0.0,0.0,0.0,0.0,0.0,0.0,0.0,0.0,0.0,0.0,0.0,0.0,0.0,0.0,0.0,0.0,0.0,0.0,0.0,0.0,0.0,0.0,0.0,0.0,0.0,0.0,0.0,0.0,0.0,0.0,0.0,0.0,0.0,0.0,0.0,0.0,0.0,0.0
rostralmiddlefrontal-lh,0.0,0.0,0.0,0.0,0.057692307692307696,0.0,0.0,0.0,0.0,0.0,0.0,0.0,0.013736263736263736,0.0,0.0,0.0,0.0,0.0,0.0,0.0,0.027472527472527472,0.0,0.0,0.0,0.0,0.019230769230769232,0.0,0.0,0.0,0.0,0.11813186813186813,0.0,0.054945054945054944,0.0,0.046703296703296704,0.0,0.0,0.0,0.0,0.0,0.17857142857142858,0.0,0.0,0.0,0.0,0.0,0.0,0.0,0.0,0.14560439560439561,0.0,0.0,0.0,0.0,0.17582417582417584,0.0,0.0,0.0,0.0,0.0,0.0,0.0,0.0,0.0,0.0,0.0,0.1620879120879121,0.0
rostralmiddlefrontal-rh,0.0,0.0,0.0,0.0,0.0,0.0,0.0,0.0,0.0,0.0,0.0,0.0,0.0,0.0,0.0,0.0,0.0,0.0,0.0,0.0,0.0,0.0,0.0,0.0,0.0,0.0,0.0,0.0,0.0,0.0,0.0,0.0,0.0,0.0,0.0,0.0,0.0,0.0,0.0,0.0,0.0,0.0,0.0,0.0,0.0,0.0,0.0,0.0,0.0,0.0,0.0,0.0,0.0,0.0,0.0,0.0,0.0,0.0,0.0,0.0,0.0,0.0,0.0,0.0,0.0,0.0,0.0,0.0
superiorfrontal-lh,0.0,0.0,0.0,0.0,0.0,0.0,0.0,0.0,0.0,0.0,0.0,0.0,0.0,0.0,0.0,0.0,0.0,0.0,0.0,0.0,0.0,0.0,0.0,0.0,0.0,0.0,0.0,0.0,0.0,0.0,0.0,0.0,0.0,0.0,0.0,0.0,0.0,0.0,0.0,0.0,0.0,0.0,0.0,0.15294117647058825,0.0,0.0,0.0,0.0,0.12352941176470589,0.0,0.0,0.0,0.0,0.0,0.0,0.0,0.4411764705882353,0.0,0.0,0.2823529411764706,0.0,0.0,0.0,0.0,0.0,0.0,0.0,0.0
superiorfrontal-rh,0.0,0.0,0.0,0.0,0.0,0.0,0.0,0.0,0.0,0.0,0.0,0.0,0.0,0.0,0.0,0.0,0.0,0.0,0.0,0.0,0.0,0.0,0.0,0.0,0.0,0.0,0.0,0.0,0.0,0.0,0.0,0.0,0.0,0.0,0.0,0.0,0.0,0.0,0.0,0.0,0.0,0.0,0.0,0.0,0.0,0.0,0.0,0.0,0.0,0.0,0.0,0.0,0.0,0.0,0.0,0.0,0.0,0.0,0.0,0.0,0.0,0.0,0.0,0.0,0.0,0.0,0.0,0.0
superiorparietal-lh,0.0,0.0,0.0,0.0,0.0,0.0,0.0,0.0,0.0,0.0,0.0,0.0,0.0,0.0,0.0,0.0,0.0,0.0,0.0,0.0,0.0,0.0,0.0,0.0,0.0,0.0,0.0,0.0,0.0,0.0,0.0,0.0,0.0,0.0,0.0,0.0,0.0,0.0,0.0,0.0,0.0,0.0,0.0,0.0,0.0,0.0,0.0,0.0,0.0,0.0,0.0,0.0,0.0,0.0,0.0,0.0,0.0,0.0,0.0,0.0,0.0,0.0,0.0,0.0,0.0,0.0,0.0,0.0
superiorparietal-rh,0.0,0.0,0.0,0.0,0.008333333333333333,0.0,0.0,0.0,0.0,0.0,0.0,0.0,0.0,0.0,0.0,0.0,0.10833333333333334,0.0,0.016666666666666666,0.0,0.0,0.0,0.0,0.011111111111111112,0.0,0.0,0.0,0.0,0.0,0.0,0.0,0.0,0.0,0.022222222222222223,0.041666666666666664,0.0,0.06944444444444445,0.0,0.0,0.0,0.0,0.0,0.0,0.2611111111111111,0.0,0.0,0.0,0.0,0.0,0.0,0.0,0.0,0.0,0.0,0.0,0.0,0.1388888888888889,0.0,0.0,0.32222222222222224,0.0,0.0,0.0,0.0,0.0,0.0,0.0,0.0
superiortemporal-lh,0.16538461538461538,0.0,0.0038461538461538464,0.0,0.0,0.0,0.0,0.0,0.03461538461538462,0.0,0.0,0.0,0.023076923076923078,0.0,0.0,0.0,0.0019230769230769232,0.0,0.0,0.0,0.09038461538461538,0.03461538461538462,0.0,0.0,0.0,0.11346153846153846,0.0,0.0,0.0,0.0,0.11730769230769231,0.0,0.0,0.0,0.0,0.0,0.0,0.0,0.0,0.07884615384615384,0.0,0.0,0.0,0.05576923076923077,0.0,0.0,0.0,0.0,0.0,0.013461538461538462,0.0,0.0,0.0,0.0,0.0,0.0,0.0,0.0,0.0,0.0,0.23846153846153847,0.0,0.0,0.0,0.0,0.0,0.028846153846153848,0.0
superiortemporal-rh,0.0,0.0,0.0,0.0,0.0,0.0,0.0,0.0,0.0,0.0,0.0,0.0,0.0,0.0,0.0,0.0,0.0,0.0,0.0,0.0,0.0,0.0,0.0,0.0,0.0,0.0,0.0,0.0,0.0,0.0,0.0,0.0,0.0,0.0,0.0,0.0,0.0,0.0,0.0,0.0,0.0,0.0,0.0,0.0,0.0,0.0,0.0,0.0,0.0,0.0,0.0,0.0,0.0,0.0,0.0,0.0,0.0,0.0,0.0,0.0,0.0,0.0,0.0,0.0,0.0,0.0,0.0,0.0
supramarginal-lh,0.0,0.0,0.0,0.0,0.0,0.0,0.0,0.0,0.0,0.0,0.0,0.0,0.0,0.0,0.0,0.0,0.0,0.0,0.0,0.0,0.0,0.0,0.0,0.0,0.0,0.0,0.0,0.0,0.0,0.0,0.0,0.0,0.0,0.0,0.0,0.0,0.0,0.0,0.0,0.0,0.0,0.0,0.0,0.0,0.0,0.0,0.0,0.0,0.0,0.0,0.0,0.0,0.0,0.0,0.0,0.0,0.0,0.0,0.0,0.0,0.0,0.0,0.0,0.0,0.0,0.0,0.0,0.0
supramarginal-rh,0.0,0.0,0.0,0.0,0.0,0.0,0.0,0.0,0.0,0.0,0.0,0.0,0.0,0.0,0.0,0.0,0.0,0.0,0.0,0.0,0.0,0.0,0.0,0.0,0.0,0.0,0.0,0.0,0.0,0.0,0.0,0.0,0.0,0.0,0.0,0.0,0.0,0.0,0.0,0.0,0.0,0.0,0.0,0.0,0.0,0.0,0.0,0.0,0.0,0.0,0.0,0.0,0.0,0.0,0.0,0.0,0.0,0.0,0.0,0.0,0.0,0.0,0.0,0.0,0.0,0.0,0.0,0.0
temporalpole-lh,0.0,0.0,0.0,0.0,0.0,0.0,0.0,0.0,0.0,0.0,0.0,0.0,0.0,0.0,0.0,0.0,0.0,0.0,0.0,0.0,0.0,0.0,0.0,0.0,0.0,0.0,0.0,0.0,0.0,0.0,0.0,0.0,0.0,0.0,0.0,0.0,0.0,0.0,0.0,0.0,0.0,0.0,0.0,0.0,0.0,0.0,0.0,0.0,0.0,0.0,0.0,0.0,0.0,0.0,0.0,0.0,0.0,0.0,0.0,0.0,0.0,0.0,0.0,0.0,0.0,0.0,0.0,0.0
temporalpole-rh,0.0,0.0,0.0,0.0,0.0,0.0,0.0,0.0,0.0,0.0,0.0,0.0,0.0,0.0,0.0,0.0,0.0,0.0,0.0,0.0,0.0,0.0,0.0,0.0,0.0,0.0,0.0,0.0,0.0,0.0,0.0,0.0,0.0,0.0,0.0,0.0,0.0,0.0,0.0,0.0,0.0,0.0,0.0,0.0,0.0,0.0,0.0,0.0,0.0,0.0,0.0,0.0,0.0,0.0,0.0,0.0,0.0,0.0,0.0,0.0,0.0,0.0,0.0,0.0,0.0,0.0,0.0,0.0
transversetemporal-lh,0.0,0.0,0.0,0.0,0.06645569620253164,0.0,0.0,0.0,0.0,0.0,0.0,0.0,0.0189873417721519,0.0,0.0,0.0,0.0,0.0,0.0814873417721519,0.0,0.03560126582278481,0.00870253164556962,0.0,0.0,0.0,0.03322784810126582,0.0,0.0,0.0,0.0,0.14082278481012658,0.0,0.011867088607594937,0.040348101265822785,0.03322784810126582,0.0,0.0,0.0,0.0,0.0,0.16534810126582278,0.0,0.007120253164556962,0.0,0.0,0.0,0.01661392405063291,0.03639240506329114,0.0,0.056962025316455694,0.0,0.0,0.0,0.0,0.0490506329113924,0.0,0.0,0.0,0.0,0.0,0.00870253164556962,0.0,0.0,0.0,0.0,0.0,0.18908227848101267,0.0
transversetemporal-rh,0.0,0.0,0.0,0.0,0.0,0.0,0.0,0.0,0.0,0.0,0.0,0.0,0.0,0.0,0.0,0.0,0.0,0.0,0.0,0.0,0.0,0.0,0.0,0.0,0.0,0.0,0.0,0.0,0.0,0.0,0.0,0.0,0.0,0.0,0.0,0.0,0.0,0.0,0.0,0.0,0.0,0.0,0.0,0.0,0.0,0.0,0.0,0.0,0.0,0.0,0.0,0.0,0.0,0.0,0.0,0.0,0.0,0.0,0.0,0.0,0.0,0.0,0.0,0.0,0.0,0.0,0.0,0.0
