,S1_D1 hbo,S1_D3 hbo,S2_D1 hbo,S2_D2 hbo,S2_D4 hbo,S3_D1 hbo,S3_D3 hbo,S3_D4 hbo,S3_D5 hbo,S4_D2 hbo,S4_D4 hbo,S4_D6 hbo,S4_D11 hbo,S5_D3 hbo,S5_D5 hbo,S5_D7 hbo,S6_D4 hbo,S6_D5 hbo,S6_D6 hbo,S6_D8 hbo,S7_D5 hbo,S7_D7 hbo,S7_D8 hbo,S8_D6 hbo,S8_D8 hbo,S8_D15 hbo,S9_D2 hbo,S9_D9 hbo,S9_D11 hbo,S10_D9 hbo,S10_D10 hbo,S10_D12 hbo,S11_D9 hbo,S11_D11 hbo,S11_D12 hbo,S11_D13 hbo,S12_D10 hbo,S12_D12 hbo,S12_D14 hbo,S13_D6 hbo,S13_D11 hbo,S13_D13 hbo,S13_D15 hbo,S14_D12 hbo,S14_D13 hbo,S14_D14 hbo,S14_D16 hbo,S15_D13 hbo,S15_D15 hbo,S15_D16 hbo,S16_D14 hbo,S16_D16 hbo
S1_D1 hbo,0.05486284289276808,0.0,0.012468827930174564,0.0,0.03740648379052369,0.04488778054862843,0.0,0.04239401496259352,0.057356608478802994,0.0,0.029925187032418952,0.02493765586034913,0.04488778054862843,0.0,0.0,0.0,0.0,0.02493765586034913,0.017456359102244388,0.0399002493765586,0.017456359102244388,0.05236907730673317,0.04488778054862843,0.012468827930174564,0.03740648379052369,0.007481296758104738,0.0,0.0,0.04488778054862843,0.012468827930174564,0.0,0.0,0.0199501246882793,0.0024937655860349127,0.04987531172069826,0.004987531172069825,0.012468827930174564,0.0024937655860349127,0.0,0.004987531172069825,0.02743142144638404,0.0,0.0,0.0,0.0399002493765586,0.0,0.0399002493765586,0.0399002493765586,0.0,0.04738154613466334,0.0,0.04738154613466334
S1_D3 hbo,0.0,0.1625,0.025,0.025,0.0,0.0,0.15,0.0,0.0,0.0,0.0,0.025,0.0,0.1625,0.025,0.0,0.025,0.025,0.0,0.0,0.0125,0.0,0.0,0.025,0.0,0.025,0.0,0.0,0.0,0.025,0.025,0.0,0.025,0.0,0.0,0.025,0.025,0.025,0.0,0.025,0.025,0.0,0.0,0.1,0.0,0.0125,0.0,0.0,0.0,0.0,0.0,0.0
S2_D1 hbo,0.03414634146341464,0.004878048780487805,0.03902439024390244,0.00975609756097561,0.02926829268292683,0.03414634146341464,0.00975609756097561,0.02926829268292683,0.03414634146341464,0.0,0.01951219512195122,0.04390243902439024,0.024390243902439025,0.004878048780487805,0.00975609756097561,0.0,0.014634146341463415,0.04390243902439024,0.0,0.03414634146341464,0.03902439024390244,0.01951219512195122,0.024390243902439025,0.03902439024390244,0.03414634146341464,0.02926829268292683,0.0,0.0,0.02926829268292683,0.03902439024390244,0.014634146341463415,0.0,0.04390243902439024,0.0,0.024390243902439025,0.024390243902439025,0.03902439024390244,0.01951219512195122,0.0,0.024390243902439025,0.04390243902439024,0.0,0.0,0.0,0.024390243902439025,0.004878048780487805,0.00975609756097561,0.02926829268292683,0.0,0.014634146341463415,0.0,0.00975609756097561
S2_D2 hbo,0.017241379310344827,0.017241379310344827,0.05172413793103448,0.034482758620689655,0.0,0.017241379310344827,0.034482758620689655,0.0,0.017241379310344827,0.0,0.0,0.05172413793103448,0.0,0.017241379310344827,0.034482758620689655,0.0,0.05172413793103448,0.05172413793103448,0.0,0.017241379310344827,0.034482758620689655,0.0,0.0,0.05172413793103448,0.017241379310344827,0.05172413793103448,0.0,0.0,0.0,0.05172413793103448,0.05172413793103448,0.0,0.05172413793103448,0.0,0.0,0.05172413793103448,0.05172413793103448,0.05172413793103448,0.0,0.05172413793103448,0.05172413793103448,0.0,0.0,0.0,0.0,0.017241379310344827,0.0,0.0,0.0,0.0,0.0,0.0
S2_D4 hbo,0.046153846153846156,0.0,0.012307692307692308,0.0,0.043076923076923075,0.046153846153846156,0.0,0.046153846153846156,0.046153846153846156,0.0,0.036923076923076927,0.027692307692307693,0.046153846153846156,0.0,0.0,0.0,0.0,0.027692307692307693,0.021538461538461538,0.046153846153846156,0.018461538461538463,0.043076923076923075,0.046153846153846156,0.012307692307692308,0.043076923076923075,0.006153846153846154,0.0,0.0,0.046153846153846156,0.012307692307692308,0.0,0.0,0.021538461538461538,0.003076923076923077,0.046153846153846156,0.003076923076923077,0.012307692307692308,0.0,0.0,0.003076923076923077,0.03076923076923077,0.0,0.0,0.0,0.046153846153846156,0.0,0.036923076923076927,0.046153846153846156,0.0,0.04,0.0,0.036923076923076927
S3_D1 hbo,0.05,0.0,0.013157894736842105,0.0,0.039473684210526314,0.04736842105263158,0.0,0.04473684210526316,0.05,0.0,0.031578947368421054,0.02631578947368421,0.04736842105263158,0.0,0.0,0.0,0.0,0.02631578947368421,0.018421052631578946,0.042105263157894736,0.018421052631578946,0.04473684210526316,0.04736842105263158,0.013157894736842105,0.039473684210526314,0.007894736842105263,0.0,0.0,0.04736842105263158,0.013157894736842105,0.0,0.0,0.021052631578947368,0.002631578947368421,0.04736842105263158,0.005263157894736842,0.013157894736842105,0.002631578947368421,0.0,0.005263157894736842,0.02894736842105263,0.0,0.0,0.0,0.042105263157894736,0.0,0.039473684210526314,0.042105263157894736,0.0,0.042105263157894736,0.0,0.039473684210526314
S3_D3 hbo,0.010752688172043012,0.11827956989247312,0.03225806451612903,0.021505376344086023,0.0,0.010752688172043012,0.11827956989247312,0.0,0.010752688172043012,0.0,0.0,0.03225806451612903,0.0,0.11827956989247312,0.021505376344086023,0.0,0.03225806451612903,0.03225806451612903,0.0,0.010752688172043012,0.021505376344086023,0.0,0.0,0.03225806451612903,0.010752688172043012,0.03225806451612903,0.0,0.0,0.0,0.03225806451612903,0.03225806451612903,0.0,0.03225806451612903,0.0,0.0,0.03225806451612903,0.03225806451612903,0.03225806451612903,0.0,0.03225806451612903,0.03225806451612903,0.0,0.0,0.06451612903225806,0.0,0.010752688172043012,0.0,0.0,0.0,0.0,0.0,0.0
S3_D4 hbo,0.04871060171919771,0.0,0.011461318051575931,0.0,0.04011461318051576,0.04871060171919771,0.0,0.045845272206303724,0.04871060171919771,0.0,0.034383954154727794,0.025787965616045846,0.04871060171919771,0.0,0.0,0.0,0.0,0.025787965616045846,0.02005730659025788,0.04297994269340974,0.017191977077363897,0.045845272206303724,0.04871060171919771,0.011461318051575931,0.04011461318051576,0.0057306590257879654,0.0,0.0,0.04871060171919771,0.011461318051575931,0.0,0.0,0.02005730659025788,0.0028653295128939827,0.04871060171919771,0.0028653295128939827,0.011461318051575931,0.0,0.0,0.0028653295128939827,0.02865329512893983,0.0,0.0,0.0,0.045845272206303724,0.0,0.04011461318051576,0.04297994269340974,0.0,0.04297994269340974,0.0,0.04011461318051576
S3_D5 hbo,0.05459057071960298,0.0,0.01240694789081886,0.0,0.03722084367245657,0.04466501240694789,0.0,0.04218362282878412,0.05955334987593052,0.0,0.02977667493796526,0.02481389578163772,0.04466501240694789,0.0,0.0,0.0,0.0,0.02481389578163772,0.017369727047146403,0.03970223325062035,0.017369727047146403,0.05459057071960298,0.04466501240694789,0.01240694789081886,0.03722084367245657,0.007444168734491315,0.0,0.0,0.04466501240694789,0.01240694789081886,0.0,0.0,0.019851116625310174,0.0024813895781637717,0.04962779156327544,0.004962779156327543,0.01240694789081886,0.0024813895781637717,0.0,0.004962779156327543,0.02729528535980149,0.0,0.0,0.0,0.03970223325062035,0.0,0.03970223325062035,0.03970223325062035,0.0,0.04714640198511166,0.0,0.04714640198511166
S4_D2 hbo,0.0,0.0,0.0,0.0,0.0,0.0,0.0,0.0,0.0,0.0,0.0,0.0,0.0,0.0,0.0,0.0,0.0,0.0,0.0,0.0,0.0,0.0,0.0,0.0,0.0,0.0,0.0,0.0,0.0,0.0,0.0,0.0,0.0,0.0,0.0,0.0,0.0,0.0,0.0,0.0,0.0,0.0,0.0,0.0,0.0,0.0,0.0,0.0,0.0,0.0,0.0,0.0
S4_D4 hbo,0.046153846153846156,0.0,0.007692307692307693,0.0,0.046153846153846156,0.046153846153846156,0.0,0.046153846153846156,0.046153846153846156,0.0,0.04230769230769231,0.026923076923076925,0.046153846153846156,0.0,0.0,0.0,0.0,0.026923076923076925,0.026923076923076925,0.046153846153846156,0.015384615384615385,0.046153846153846156,0.046153846153846156,0.007692307692307693,0.046153846153846156,0.0,0.0,0.0,0.046153846153846156,0.007692307692307693,0.0,0.0,0.019230769230769232,0.0038461538461538464,0.046153846153846156,0.0,0.007692307692307693,0.0,0.0,0.0,0.03076923076923077,0.0,0.0,0.0,0.046153846153846156,0.0,0.04230769230769231,0.046153846153846156,0.0,0.046153846153846156,0.0,0.04230769230769231
S4_D6 hbo,0.03785488958990536,0.0031545741324921135,0.025236593059936908,0.006309148264984227,0.03470031545741325,0.03785488958990536,0.006309148264984227,0.03470031545741325,0.03785488958990536,0.0,0.028391167192429023,0.04100946372239748,0.031545741324921134,0.0031545741324921135,0.006309148264984227,0.0,0.00946372239747634,0.04100946372239748,0.015772870662460567,0.03785488958990536,0.028391167192429023,0.028391167192429023,0.031545741324921134,0.025236593059936908,0.03785488958990536,0.01892744479495268,0.0,0.0,0.03470031545741325,0.025236593059936908,0.00946372239747634,0.0,0.03470031545741325,0.0031545741324921135,0.031545741324921134,0.015772870662460567,0.025236593059936908,0.012618296529968454,0.0,0.015772870662460567,0.04416403785488959,0.0,0.0,0.0,0.031545741324921134,0.0031545741324921135,0.022082018927444796,0.03470031545741325,0.0,0.025236593059936908,0.0,0.022082018927444796
S4_D11 hbo,0.052941176470588235,0.0,0.008823529411764706,0.0,0.03823529411764706,0.047058823529411764,0.0,0.04411764705882353,0.052941176470588235,0.0,0.03529411764705882,0.023529411764705882,0.05,0.0,0.0,0.0,0.0,0.023529411764705882,0.020588235294117647,0.041176470588235294,0.014705882352941176,0.052941176470588235,0.05,0.008823529411764706,0.03823529411764706,0.0029411764705882353,0.0,0.0,0.047058823529411764,0.008823529411764706,0.0,0.0,0.01764705882352941,0.0029411764705882353,0.052941176470588235,0.0,0.008823529411764706,0.0,0.0,0.0,0.026470588235294117,0.0,0.0,0.0,0.04411764705882353,0.0,0.047058823529411764,0.041176470588235294,0.0,0.05,0.0,0.047058823529411764
S5_D3 hbo,0.0,0.1625,0.025,0.025,0.0,0.0,0.15,0.0,0.0,0.0,0.0,0.025,0.0,0.1625,0.025,0.0,0.025,0.025,0.0,0.0,0.0125,0.0,0.0,0.025,0.0,0.025,0.0,0.0,0.0,0.025,0.025,0.0,0.025,0.0,0.0,0.025,0.025,0.025,0.0,0.025,0.025,0.0,0.0,0.1,0.0,0.0125,0.0,0.0,0.0,0.0,0.0,0.0
S5_D5 hbo,0.017241379310344827,0.017241379310344827,0.05172413793103448,0.034482758620689655,0.0,0.017241379310344827,0.034482758620689655,0.0,0.017241379310344827,0.0,0.0,0.05172413793103448,0.0,0.017241379310344827,0.034482758620689655,0.0,0.05172413793103448,0.05172413793103448,0.0,0.017241379310344827,0.034482758620689655,0.0,0.0,0.05172413793103448,0.017241379310344827,0.05172413793103448,0.0,0.0,0.0,0.05172413793103448,0.05172413793103448,0.0,0.05172413793103448,0.0,0.0,0.05172413793103448,0.05172413793103448,0.05172413793103448,0.0,0.05172413793103448,0.05172413793103448,0.0,0.0,0.0,0.0,0.017241379310344827,0.0,0.0,0.0,0.0,0.0,0.0
S5_D7 hbo,0.0,0.0,0.0,0.0,0.0,0.0,0.0,0.0,0.0,0.0,0.0,0.0,0.0,0.0,0.0,0.0,0.0,0.0,0.0,0.0,0.0,0.0,0.0,0.0,0.0,0.0,0.0,0.0,0.0,0.0,0.0,0.0,0.0,0.0,0.0,0.0,0.0,0.0,0.0,0.0,0.0,0.0,0.0,0.0,0.0,0.0,0.0,0.0,0.0,0.0,0.0,0.0
S6_D4 hbo,0.025,0.0125,0.05,0.025,0.0125,0.025,0.025,0.0125,0.025,0.0,0.0,0.05,0.0,0.0125,0.025,0.0,0.0375,0.05,0.0,0.025,0.0375,0.0,0.0,0.05,0.025,0.05,0.0,0.0,0.0125,0.05,0.0375,0.0,0.05,0.0,0.0,0.05,0.05,0.05,0.0,0.05,0.05,0.0,0.0,0.0,0.0,0.0125,0.0,0.0125,0.0,0.0,0.0,0.0
S6_D5 hbo,0.03785488958990536,0.0031545741324921135,0.025236593059936908,0.006309148264984227,0.03470031545741325,0.03785488958990536,0.006309148264984227,0.03470031545741325,0.03785488958990536,0.0,0.028391167192429023,0.04100946372239748,0.031545741324921134,0.0031545741324921135,0.006309148264984227,0.0,0.00946372239747634,0.04100946372239748,0.015772870662460567,0.03785488958990536,0.028391167192429023,0.028391167192429023,0.031545741324921134,0.025236593059936908,0.03785488958990536,0.01892744479495268,0.0,0.0,0.03470031545741325,0.025236593059936908,0.00946372239747634,0.0,0.03470031545741325,0.0031545741324921135,0.031545741324921134,0.015772870662460567,0.025236593059936908,0.012618296529968454,0.0,0.015772870662460567,0.04416403785488959,0.0,0.0,0.0,0.031545741324921134,0.0031545741324921135,0.022082018927444796,0.03470031545741325,0.0,0.025236593059936908,0.0,0.022082018927444796
S6_D6 hbo,0.04861111111111111,0.0,0.0,0.0,0.04861111111111111,0.04861111111111111,0.0,0.04861111111111111,0.04861111111111111,0.0,0.04861111111111111,0.020833333333333332,0.04861111111111111,0.0,0.0,0.0,0.0,0.020833333333333332,0.041666666666666664,0.04861111111111111,0.0,0.04861111111111111,0.04861111111111111,0.0,0.04861111111111111,0.0,0.0,0.0,0.04861111111111111,0.0,0.0,0.0,0.006944444444444444,0.006944444444444444,0.04861111111111111,0.0,0.0,0.0,0.0,0.0,0.027777777777777776,0.0,0.0,0.0,0.04861111111111111,0.0,0.04861111111111111,0.04861111111111111,0.0,0.04861111111111111,0.0,0.04861111111111111
S6_D8 hbo,0.04722222222222222,0.0,0.013888888888888888,0.0,0.041666666666666664,0.04722222222222222,0.0,0.04722222222222222,0.04722222222222222,0.0,0.03333333333333333,0.027777777777777776,0.044444444444444446,0.0,0.0,0.0,0.0,0.027777777777777776,0.019444444444444445,0.044444444444444446,0.019444444444444445,0.041666666666666664,0.044444444444444446,0.013888888888888888,0.041666666666666664,0.008333333333333333,0.0,0.0,0.04722222222222222,0.013888888888888888,0.0,0.0,0.022222222222222223,0.002777777777777778,0.044444444444444446,0.005555555555555556,0.013888888888888888,0.002777777777777778,0.0,0.005555555555555556,0.030555555555555555,0.0,0.0,0.0,0.044444444444444446,0.0,0.03611111111111111,0.044444444444444446,0.0,0.03888888888888889,0.0,0.03611111111111111
S7_D5 hbo,0.04186046511627907,0.0,0.027906976744186046,0.0,0.037209302325581395,0.04186046511627907,0.0,0.037209302325581395,0.04186046511627907,0.0,0.027906976744186046,0.04186046511627907,0.03255813953488372,0.0,0.0,0.0,0.004651162790697674,0.04186046511627907,0.009302325581395349,0.04186046511627907,0.037209302325581395,0.027906976744186046,0.03255813953488372,0.027906976744186046,0.04186046511627907,0.018604651162790697,0.0,0.0,0.037209302325581395,0.027906976744186046,0.004651162790697674,0.0,0.04186046511627907,0.004651162790697674,0.03255813953488372,0.013953488372093023,0.027906976744186046,0.009302325581395349,0.0,0.013953488372093023,0.04186046511627907,0.0,0.0,0.0,0.03255813953488372,0.0,0.018604651162790697,0.037209302325581395,0.0,0.023255813953488372,0.0,0.018604651162790697
S7_D7 hbo,0.05740181268882175,0.0,0.006042296072507553,0.0,0.03625377643504532,0.045317220543806644,0.0,0.04229607250755287,0.0634441087613293,0.0,0.03323262839879154,0.021148036253776436,0.04833836858006042,0.0,0.0,0.0,0.0,0.021148036253776436,0.021148036253776436,0.03927492447129909,0.012084592145015106,0.0634441087613293,0.04833836858006042,0.006042296072507553,0.03625377643504532,0.0,0.0,0.0,0.045317220543806644,0.006042296072507553,0.0,0.0,0.015105740181268883,0.0030211480362537764,0.054380664652567974,0.0,0.006042296072507553,0.0,0.0,0.0,0.02416918429003021,0.0,0.0,0.0,0.04229607250755287,0.0,0.04833836858006042,0.03927492447129909,0.0,0.05740181268882175,0.0,0.05740181268882175
S7_D8 hbo,0.052941176470588235,0.0,0.008823529411764706,0.0,0.03823529411764706,0.047058823529411764,0.0,0.04411764705882353,0.052941176470588235,0.0,0.03529411764705882,0.023529411764705882,0.05,0.0,0.0,0.0,0.0,0.023529411764705882,0.020588235294117647,0.041176470588235294,0.014705882352941176,0.052941176470588235,0.05,0.008823529411764706,0.03823529411764706,0.0029411764705882353,0.0,0.0,0.047058823529411764,0.008823529411764706,0.0,0.0,0.01764705882352941,0.0029411764705882353,0.052941176470588235,0.0,0.008823529411764706,0.0,0.0,0.0,0.026470588235294117,0.0,0.0,0.0,0.04411764705882353,0.0,0.047058823529411764,0.041176470588235294,0.0,0.05,0.0,0.047058823529411764
S8_D6 hbo,0.03414634146341464,0.004878048780487805,0.03902439024390244,0.00975609756097561,0.02926829268292683,0.03414634146341464,0.00975609756097561,0.02926829268292683,0.03414634146341464,0.0,0.01951219512195122,0.04390243902439024,0.024390243902439025,0.004878048780487805,0.00975609756097561,0.0,0.014634146341463415,0.04390243902439024,0.0,0.03414634146341464,0.03902439024390244,0.01951219512195122,0.024390243902439025,0.03902439024390244,0.03414634146341464,0.02926829268292683,0.0,0.0,0.02926829268292683,0.03902439024390244,0.014634146341463415,0.0,0.04390243902439024,0.0,0.024390243902439025,0.024390243902439025,0.03902439024390244,0.01951219512195122,0.0,0.024390243902439025,0.04390243902439024,0.0,0.0,0.0,0.024390243902439025,0.004878048780487805,0.00975609756097561,0.02926829268292683,0.0,0.014634146341463415,0.0,0.00975609756097561
S8_D8 hbo,0.04610951008645533,0.0,0.01440922190201729,0.0,0.043227665706051875,0.04610951008645533,0.0,0.04610951008645533,0.04610951008645533,0.0,0.0345821325648415,0.02881844380403458,0.043227665706051875,0.0,0.0,0.0,0.0,0.02881844380403458,0.020172910662824207,0.04610951008645533,0.020172910662824207,0.040345821325648415,0.043227665706051875,0.01440922190201729,0.043227665706051875,0.008645533141210375,0.0,0.0,0.04610951008645533,0.01440922190201729,0.0,0.0,0.023054755043227664,0.002881844380403458,0.043227665706051875,0.005763688760806916,0.01440922190201729,0.002881844380403458,0.0,0.005763688760806916,0.03170028818443804,0.0,0.0,0.0,0.043227665706051875,0.0,0.0345821325648415,0.04610951008645533,0.0,0.037463976945244955,0.0,0.0345821325648415
S8_D15 hbo,0.03225806451612903,0.0064516129032258064,0.04516129032258064,0.012903225806451613,0.025806451612903226,0.03225806451612903,0.012903225806451613,0.025806451612903226,0.03225806451612903,0.0,0.012903225806451613,0.04516129032258064,0.01935483870967742,0.0064516129032258064,0.012903225806451613,0.0,0.01935483870967742,0.04516129032258064,0.0,0.03225806451612903,0.03870967741935484,0.012903225806451613,0.01935483870967742,0.04516129032258064,0.03225806451612903,0.03870967741935484,0.0,0.0,0.025806451612903226,0.04516129032258064,0.01935483870967742,0.0,0.04516129032258064,0.0,0.01935483870967742,0.03225806451612903,0.04516129032258064,0.025806451612903226,0.0,0.03225806451612903,0.04516129032258064,0.0,0.0,0.0,0.01935483870967742,0.0064516129032258064,0.0,0.025806451612903226,0.0,0.0064516129032258064,0.0,0.0
S9_D2 hbo,0.0,0.0,0.0,0.0,0.0,0.0,0.0,0.0,0.0,0.0,0.0,0.0,0.0,0.0,0.0,0.0,0.0,0.0,0.0,0.0,0.0,0.0,0.0,0.0,0.0,0.0,0.0,0.0,0.0,0.0,0.0,0.0,0.0,0.0,0.0,0.0,0.0,0.0,0.0,0.0,0.0,0.0,0.0,0.0,0.0,0.0,0.0,0.0,0.0,0.0,0.0,0.0
S9_D9 hbo,0.0,0.0,0.0,0.0,0.0,0.0,0.0,0.0,0.0,0.0,0.0,0.0,0.0,0.0,0.0,0.0,0.0,0.0,0.0,0.0,0.0,0.0,0.0,0.0,0.0,0.0,0.0,0.0,0.0,0.0,0.0,0.0,0.0,0.0,0.0,0.0,0.0,0.0,0.0,0.0,0.0,0.0,0.0,0.0,0.0,0.0,0.0,0.0,0.0,0.0,0.0,0.0
S9_D11 hbo,0.05027932960893855,0.0,0.0111731843575419,0.0,0.03910614525139665,0.04748603351955307,0.0,0.0446927374301676,0.05027932960893855,0.0,0.0335195530726257,0.025139664804469275,0.05027932960893855,0.0,0.0,0.0,0.0,0.025139664804469275,0.019553072625698324,0.04189944134078212,0.01675977653631285,0.04748603351955307,0.05027932960893855,0.0111731843575419,0.03910614525139665,0.00558659217877095,0.0,0.0,0.04748603351955307,0.0111731843575419,0.0,0.0,0.019553072625698324,0.002793296089385475,0.05027932960893855,0.002793296089385475,0.0111731843575419,0.0,0.0,0.002793296089385475,0.027932960893854747,0.0,0.0,0.0,0.0446927374301676,0.0,0.04189944134078212,0.04189944134078212,0.0,0.0446927374301676,0.0,0.04189944134078212
S10_D9 hbo,0.03414634146341464,0.004878048780487805,0.03902439024390244,0.00975609756097561,0.02926829268292683,0.03414634146341464,0.00975609756097561,0.02926829268292683,0.03414634146341464,0.0,0.01951219512195122,0.04390243902439024,0.024390243902439025,0.004878048780487805,0.00975609756097561,0.0,0.014634146341463415,0.04390243902439024,0.0,0.03414634146341464,0.03902439024390244,0.01951219512195122,0.024390243902439025,0.03902439024390244,0.03414634146341464,0.02926829268292683,0.0,0.0,0.02926829268292683,0.03902439024390244,0.014634146341463415,0.0,0.04390243902439024,0.0,0.024390243902439025,0.024390243902439025,0.03902439024390244,0.01951219512195122,0.0,0.024390243902439025,0.04390243902439024,0.0,0.0,0.0,0.024390243902439025,0.004878048780487805,0.00975609756097561,0.02926829268292683,0.0,0.014634146341463415,0.0,0.00975609756097561
S10_D10 hbo,0.025,0.0125,0.05,0.025,0.0125,0.025,0.025,0.0125,0.025,0.0,0.0,0.05,0.0,0.0125,0.025,0.0,0.0375,0.05,0.0,0.025,0.0375,0.0,0.0,0.05,0.025,0.05,0.0,0.0,0.0125,0.05,0.0375,0.0,0.05,0.0,0.0,0.05,0.05,0.05,0.0,0.05,0.05,0.0,0.0,0.0,0.0,0.0125,0.0,0.0125,0.0,0.0,0.0,0.0
S10_D12 hbo,0.0,0.05,0.05,0.05,0.0,0.0,0.05,0.0,0.0,0.0,0.0,0.05,0.0,0.05,0.05,0.0,0.05,0.05,0.0,0.0,0.0,0.0,0.0,0.05,0.0,0.05,0.0,0.0,0.0,0.05,0.05,0.0,0.05,0.0,0.0,0.05,0.05,0.05,0.0,0.05,0.05,0.0,0.0,0.0,0.0,0.05,0.0,0.0,0.0,0.0,0.0,0.0
S11_D9 hbo,0.03636363636363636,0.0036363636363636364,0.02909090909090909,0.007272727272727273,0.03272727272727273,0.03636363636363636,0.007272727272727273,0.03272727272727273,0.03636363636363636,0.0,0.025454545454545455,0.04363636363636364,0.02909090909090909,0.0036363636363636364,0.007272727272727273,0.0,0.01090909090909091,0.04363636363636364,0.01090909090909091,0.03636363636363636,0.03272727272727273,0.025454545454545455,0.02909090909090909,0.02909090909090909,0.03636363636363636,0.02181818181818182,0.0,0.0,0.03272727272727273,0.02909090909090909,0.01090909090909091,0.0,0.04,0.0036363636363636364,0.02909090909090909,0.01818181818181818,0.02909090909090909,0.014545454545454545,0.0,0.01818181818181818,0.04363636363636364,0.0,0.0,0.0,0.02909090909090909,0.0036363636363636364,0.01818181818181818,0.03272727272727273,0.0,0.02181818181818182,0.0,0.01818181818181818
S11_D11 hbo,0.045454545454545456,0.0,0.0,0.0,0.045454545454545456,0.045454545454545456,0.0,0.045454545454545456,0.045454545454545456,0.0,0.045454545454545456,0.045454545454545456,0.045454545454545456,0.0,0.0,0.0,0.0,0.045454545454545456,0.045454545454545456,0.045454545454545456,0.0,0.045454545454545456,0.045454545454545456,0.0,0.045454545454545456,0.0,0.0,0.0,0.045454545454545456,0.0,0.0,0.0,0.0,0.0,0.045454545454545456,0.0,0.0,0.0,0.0,0.0,0.045454545454545456,0.0,0.0,0.0,0.045454545454545456,0.0,0.045454545454545456,0.045454545454545456,0.0,0.045454545454545456,0.0,0.045454545454545456
S11_D12 hbo,0.05698005698005698,0.0,0.008547008547008548,0.0,0.037037037037037035,0.045584045584045586,0.0,0.042735042735042736,0.05698005698005698,0.0,0.03418803418803419,0.022792022792022793,0.04843304843304843,0.0,0.0,0.0,0.0,0.022792022792022793,0.019943019943019943,0.039886039886039885,0.014245014245014245,0.05698005698005698,0.04843304843304843,0.008547008547008548,0.037037037037037035,0.002849002849002849,0.0,0.0,0.045584045584045586,0.008547008547008548,0.0,0.0,0.017094017094017096,0.002849002849002849,0.05413105413105413,0.0,0.008547008547008548,0.0,0.0,0.0,0.02564102564102564,0.0,0.0,0.0,0.042735042735042736,0.0,0.045584045584045586,0.039886039886039885,0.0,0.05413105413105413,0.0,0.05128205128205128
S11_D13 hbo,0.03076923076923077,0.007692307692307693,0.046153846153846156,0.015384615384615385,0.023076923076923078,0.03076923076923077,0.015384615384615385,0.023076923076923078,0.03076923076923077,0.0,0.007692307692307693,0.046153846153846156,0.015384615384615385,0.007692307692307693,0.015384615384615385,0.0,0.023076923076923078,0.046153846153846156,0.0,0.03076923076923077,0.038461538461538464,0.007692307692307693,0.015384615384615385,0.046153846153846156,0.03076923076923077,0.046153846153846156,0.0,0.0,0.023076923076923078,0.046153846153846156,0.023076923076923078,0.0,0.046153846153846156,0.0,0.015384615384615385,0.038461538461538464,0.046153846153846156,0.03076923076923077,0.0,0.038461538461538464,0.046153846153846156,0.0,0.0,0.0,0.015384615384615385,0.007692307692307693,0.0,0.023076923076923078,0.0,0.0,0.0,0.0
S12_D10 hbo,0.03414634146341464,0.004878048780487805,0.03902439024390244,0.00975609756097561,0.02926829268292683,0.03414634146341464,0.00975609756097561,0.02926829268292683,0.03414634146341464,0.0,0.01951219512195122,0.04390243902439024,0.024390243902439025,0.004878048780487805,0.00975609756097561,0.0,0.014634146341463415,0.04390243902439024,0.0,0.03414634146341464,0.03902439024390244,0.01951219512195122,0.024390243902439025,0.03902439024390244,0.03414634146341464,0.02926829268292683,0.0,0.0,0.02926829268292683,0.03902439024390244,0.014634146341463415,0.0,0.04390243902439024,0.0,0.024390243902439025,0.024390243902439025,0.03902439024390244,0.01951219512195122,0.0,0.024390243902439025,0.04390243902439024,0.0,0.0,0.0,0.024390243902439025,0.004878048780487805,0.00975609756097561,0.02926829268292683,0.0,0.014634146341463415,0.0,0.00975609756097561
S12_D12 hbo,0.02857142857142857,0.009523809523809525,0.047619047619047616,0.01904761904761905,0.01904761904761905,0.02857142857142857,0.01904761904761905,0.01904761904761905,0.02857142857142857,0.0,0.0,0.047619047619047616,0.009523809523809525,0.009523809523809525,0.01904761904761905,0.0,0.02857142857142857,0.047619047619047616,0.0,0.02857142857142857,0.0380952380952381,0.0,0.009523809523809525,0.047619047619047616,0.02857142857142857,0.047619047619047616,0.0,0.0,0.01904761904761905,0.047619047619047616,0.02857142857142857,0.0,0.047619047619047616,0.0,0.009523809523809525,0.047619047619047616,0.047619047619047616,0.0380952380952381,0.0,0.047619047619047616,0.047619047619047616,0.0,0.0,0.0,0.009523809523809525,0.009523809523809525,0.0,0.01904761904761905,0.0,0.0,0.0,0.0
S12_D14 hbo,0.0,0.05,0.05,0.05,0.0,0.0,0.05,0.0,0.0,0.0,0.0,0.05,0.0,0.05,0.05,0.0,0.05,0.05,0.0,0.0,0.0,0.0,0.0,0.05,0.0,0.05,0.0,0.0,0.0,0.05,0.05,0.0,0.05,0.0,0.0,0.05,0.05,0.05,0.0,0.05,0.05,0.0,0.0,0.0,0.0,0.05,0.0,0.0,0.0,0.0,0.0,0.0
S13_D6 hbo,0.03076923076923077,0.007692307692307693,0.046153846153846156,0.015384615384615385,0.023076923076923078,0.03076923076923077,0.015384615384615385,0.023076923076923078,0.03076923076923077,0.0,0.007692307692307693,0.046153846153846156,0.015384615384615385,0.007692307692307693,0.015384615384615385,0.0,0.023076923076923078,0.046153846153846156,0.0,0.03076923076923077,0.038461538461538464,0.007692307692307693,0.015384615384615385,0.046153846153846156,0.03076923076923077,0.046153846153846156,0.0,0.0,0.023076923076923078,0.046153846153846156,0.023076923076923078,0.0,0.046153846153846156,0.0,0.015384615384615385,0.038461538461538464,0.046153846153846156,0.03076923076923077,0.0,0.038461538461538464,0.046153846153846156,0.0,0.0,0.0,0.015384615384615385,0.007692307692307693,0.0,0.023076923076923078,0.0,0.0,0.0,0.0
S13_D11 hbo,0.03869047619047619,0.002976190476190476,0.023809523809523808,0.005952380952380952,0.03571428571428571,0.03869047619047619,0.005952380952380952,0.03571428571428571,0.03869047619047619,0.0,0.02976190476190476,0.03869047619047619,0.03273809523809524,0.002976190476190476,0.005952380952380952,0.0,0.008928571428571428,0.03869047619047619,0.017857142857142856,0.03869047619047619,0.026785714285714284,0.02976190476190476,0.03273809523809524,0.023809523809523808,0.03869047619047619,0.017857142857142856,0.0,0.0,0.03571428571428571,0.023809523809523808,0.008928571428571428,0.0,0.03273809523809524,0.002976190476190476,0.03273809523809524,0.01488095238095238,0.023809523809523808,0.011904761904761904,0.0,0.01488095238095238,0.041666666666666664,0.0,0.0,0.0,0.03273809523809524,0.002976190476190476,0.023809523809523808,0.03571428571428571,0.0,0.026785714285714284,0.0,0.023809523809523808
S13_D13 hbo,0.0,0.0,0.0,0.0,0.0,0.0,0.0,0.0,0.0,0.0,0.0,0.0,0.0,0.0,0.0,0.0,0.0,0.0,0.0,0.0,0.0,0.0,0.0,0.0,0.0,0.0,0.0,0.0,0.0,0.0,0.0,0.0,0.0,0.0,0.0,0.0,0.0,0.0,0.0,0.0,0.0,0.0,0.0,0.0,0.0,0.0,0.0,0.0,0.0,0.0,0.0,0.0
S13_D15 hbo,0.0,0.0,0.0,0.0,0.0,0.0,0.0,0.0,0.0,0.0,0.0,0.0,0.0,0.0,0.0,0.0,0.0,0.0,0.0,0.0,0.0,0.0,0.0,0.0,0.0,0.0,0.0,0.0,0.0,0.0,0.0,0.0,0.0,0.0,0.0,0.0,0.0,0.0,0.0,0.0,0.0,0.0,0.0,0.0,0.0,0.0,0.0,0.0,0.0,0.0,0.0,0.0
S14_D12 hbo,0.0,0.17647058823529413,0.0196078431372549,0.0196078431372549,0.0,0.0,0.17647058823529413,0.0,0.0,0.0,0.0,0.0196078431372549,0.0,0.17647058823529413,0.0196078431372549,0.0,0.0196078431372549,0.0196078431372549,0.0,0.0,0.0,0.0,0.0,0.0196078431372549,0.0,0.0196078431372549,0.0,0.0,0.0,0.0196078431372549,0.0196078431372549,0.0,0.0196078431372549,0.0,0.0,0.0196078431372549,0.0196078431372549,0.0196078431372549,0.0,0.0196078431372549,0.0196078431372549,0.0,0.0,0.13725490196078433,0.0,0.0196078431372549,0.0,0.0,0.0,0.0,0.0,0.0
S14_D13 hbo,0.04938271604938271,0.0,0.009259259259259259,0.0,0.040123456790123455,0.04938271604938271,0.0,0.046296296296296294,0.04938271604938271,0.0,0.037037037037037035,0.024691358024691357,0.04938271604938271,0.0,0.0,0.0,0.0,0.024691358024691357,0.021604938271604937,0.043209876543209874,0.015432098765432098,0.04938271604938271,0.04938271604938271,0.009259259259259259,0.040123456790123455,0.0030864197530864196,0.0,0.0,0.04938271604938271,0.009259259259259259,0.0,0.0,0.018518518518518517,0.0030864197530864196,0.04938271604938271,0.0,0.009259259259259259,0.0,0.0,0.0,0.027777777777777776,0.0,0.0,0.0,0.046296296296296294,0.0,0.043209876543209874,0.043209876543209874,0.0,0.046296296296296294,0.0,0.043209876543209874
S14_D14 hbo,0.0,0.02631578947368421,0.05263157894736842,0.05263157894736842,0.0,0.0,0.05263157894736842,0.0,0.0,0.0,0.0,0.05263157894736842,0.0,0.02631578947368421,0.05263157894736842,0.0,0.05263157894736842,0.05263157894736842,0.0,0.0,0.02631578947368421,0.0,0.0,0.05263157894736842,0.0,0.05263157894736842,0.0,0.0,0.0,0.05263157894736842,0.05263157894736842,0.0,0.05263157894736842,0.0,0.0,0.05263157894736842,0.05263157894736842,0.05263157894736842,0.0,0.05263157894736842,0.05263157894736842,0.0,0.0,0.0,0.0,0.02631578947368421,0.0,0.0,0.0,0.0,0.0,0.0
S14_D16 hbo,0.05947955390334572,0.0,0.0,0.0,0.03717472118959108,0.048327137546468404,0.0,0.04460966542750929,0.05947955390334572,0.0,0.03345724907063197,0.01858736059479554,0.05204460966542751,0.0,0.0,0.0,0.0,0.01858736059479554,0.026022304832713755,0.040892193308550186,0.007434944237918215,0.05947955390334572,0.05204460966542751,0.0,0.03717472118959108,0.0,0.0,0.0,0.048327137546468404,0.0,0.0,0.0,0.011152416356877323,0.0037174721189591076,0.05947955390334572,0.0,0.0,0.0,0.0,0.0,0.022304832713754646,0.0,0.0,0.0,0.04460966542750929,0.0,0.055762081784386616,0.040892193308550186,0.0,0.05947955390334572,0.0,0.05947955390334572
S15_D13 hbo,0.047337278106508875,0.0,0.011834319526627219,0.0,0.04142011834319527,0.047337278106508875,0.0,0.047337278106508875,0.047337278106508875,0.0,0.03550295857988166,0.026627218934911243,0.047337278106508875,0.0,0.0,0.0,0.0,0.026627218934911243,0.020710059171597635,0.04437869822485207,0.01775147928994083,0.04437869822485207,0.047337278106508875,0.011834319526627219,0.04142011834319527,0.005917159763313609,0.0,0.0,0.047337278106508875,0.011834319526627219,0.0,0.0,0.020710059171597635,0.0029585798816568047,0.047337278106508875,0.0029585798816568047,0.011834319526627219,0.0,0.0,0.0029585798816568047,0.029585798816568046,0.0,0.0,0.0,0.047337278106508875,0.0,0.038461538461538464,0.04437869822485207,0.0,0.04142011834319527,0.0,0.038461538461538464
S15_D15 hbo,0.0,0.0,0.0,0.0,0.0,0.0,0.0,0.0,0.0,0.0,0.0,0.0,0.0,0.0,0.0,0.0,0.0,0.0,0.0,0.0,0.0,0.0,0.0,0.0,0.0,0.0,0.0,0.0,0.0,0.0,0.0,0.0,0.0,0.0,0.0,0.0,0.0,0.0,0.0,0.0,0.0,0.0,0.0,0.0,0.0,0.0,0.0,0.0,0.0,0.0,0.0,0.0
S15_D16 hbo,0.05921052631578947,0.0,0.003289473684210526,0.0,0.03618421052631579,0.046052631578947366,0.0,0.04276315789473684,0.0625,0.0,0.03289473684210526,0.019736842105263157,0.049342105263157895,0.0,0.0,0.0,0.0,0.019736842105263157,0.023026315789473683,0.039473684210526314,0.009868421052631578,0.0625,0.049342105263157895,0.003289473684210526,0.03618421052631579,0.0,0.0,0.0,0.046052631578947366,0.003289473684210526,0.0,0.0,0.013157894736842105,0.003289473684210526,0.05592105263157895,0.0,0.003289473684210526,0.0,0.0,0.0,0.023026315789473683,0.0,0.0,0.0,0.04276315789473684,0.0,0.05263157894736842,0.039473684210526314,0.0,0.05921052631578947,0.0,0.0625
S16_D14 hbo,0.0,0.0,0.0,0.0,0.0,0.0,0.0,0.0,0.0,0.0,0.0,0.0,0.0,0.0,0.0,0.0,0.0,0.0,0.0,0.0,0.0,0.0,0.0,0.0,0.0,0.0,0.0,0.0,0.0,0.0,0.0,0.0,0.0,0.0,0.0,0.0,0.0,0.0,0.0,0.0,0.0,0.0,0.0,0.0,0.0,0.0,0.0,0.0,0.0,0.0,0.0,0.0
S16_D16 hbo,0.06093189964157706,0.0,0.0,0.0,0.035842293906810034,0.04659498207885305,0.0,0.043010752688172046,0.06810035842293907,0.0,0.03225806451612903,0.017921146953405017,0.05017921146953405,0.0,0.0,0.0,0.0,0.017921146953405017,0.025089605734767026,0.03942652329749104,0.007168458781362007,0.06810035842293907,0.05017921146953405,0.0,0.035842293906810034,0.0,0.0,0.0,0.04659498207885305,0.0,0.0,0.0,0.010752688172043012,0.0035842293906810036,0.05734767025089606,0.0,0.0,0.0,0.0,0.0,0.021505376344086023,0.0,0.0,0.0,0.043010752688172046,0.0,0.053763440860215055,0.03942652329749104,0.0,0.06093189964157706,0.0,0.06451612903225806
