,S1_D1 hbo,S1_D3 hbo,S2_D1 hbo,S2_D2 hbo,S2_D4 hbo,S3_D1 hbo,S3_D3 hbo,S3_D4 hbo,S3_D5 hbo,S4_D2 hbo,S4_D4 hbo,S4_D6 hbo,S4_D11 hbo,S5_D3 hbo,S5_D5 hbo,S5_D7 hbo,S6_D4 hbo,S6_D5 hbo,S6_D6 hbo,S6_D8 hbo,S7_D5 hbo,S7_D7 hbo,S7_D8 hbo,S8_D6 hbo,S8_D8 hbo,S8_D15 hbo,S9_D2 hbo,S9_D9 hbo,S9_D11 hbo,S10_D9 hbo,S10_D10 hbo,S10_D12 hbo,S11_D9 hbo,S11_D11 hbo,S11_D12 hbo,S11_D13 hbo,S12_D10 hbo,S12_D12 hbo,S12_D14 hbo,S13_D6 hbo,S13_D11 hbo,S13_D13 hbo,S13_D15 hbo,S14_D12 hbo,S14_D13 hbo,S14_D14 hbo,S14_D16 hbo,S15_D13 hbo,S15_D15 hbo,S15_D16 hbo,S16_D14 hbo,S16_D16 hbo
S1_D1 hbo,-0.016005764966409604,-0.008864677960121893,-0.006363389205386621,0.02039388855590508,0.0,-0.02150566527477335,-0.008371824166615745,0.02408410953246764,-0.026766741496737634,-0.03846973594818429,-0.014728523049013596,-0.04029966165511697,-0.007349096792398916,0.024208549540058782,-0.04016613460077017,-0.018194371540532554,0.0007545630017813082,0.03433603139637154,-0.040367569075423756,-0.03782412521182816,-0.03224212834907872,-0.027973261692770385,-0.04165070033382686,-0.04602406990435511,-0.006681375397818071,-0.022127260181212225,0.009567366514468895,0.04605914442138566,0.02785031535361326,0.02754925081911856,0.024764007532170458,0.018398497650444674,0.009863032469912976,0.0378763966441053,0.04955986471532142,0.04700808782432147,0.0,0.0,-0.04637565659956488,-0.01680252317553268,0.025890167655346727,0.04350533455712914,-0.008033739844916506,0.019280011604997302,0.0354063661371315,-0.014990333688669179,0.004520230308222235,0.021406196250828805,-0.0019562504419167147,-0.008917219513942786,0.021781300359732577,0.02498908722208209
S1_D3 hbo,0.0031391751685373656,1.0,0.003530695004041133,-0.05372518162438465,0.0,0.0031391751685373656,-0.08676920942607355,0.0037411895392582117,0.004413368755051418,0.0031391751685373656,-0.01324431615585859,0.004413368755051418,0.007493605453728,-0.10351424154910929,0.008837963885314413,0.009510143101107614,-0.046176506829155105,0.0049452182806998994,0.005015383125772263,0.0031391751685373656,0.005687562341565466,0.0031391751685373656,0.005687562341565466,-0.019854780987331858,-0.05269852102514804,-0.0470294564442682,-0.036644420779557936,0.0037411895392582117,-0.03021472634740457,-0.07763204546909493,-0.07569247718101726,-0.10142388189857572,0.004413368755051418,-0.026125859938932548,0.004413368755051418,-0.038668017842133945,-0.009030215560812675,-0.016254388009462814,0.006961755928079514,-0.019854780987331858,-0.019854780987331858,-0.06375233364853672,-0.08038676021732492,0.0031391751685373656,0.0055472326514207455,0.005687562341565466,0.0031391751685373656,0.0031391751685373656,-0.05748125469693603,0.0031391751685373656,-0.05000614700389364,0.0037411895392582117
S2_D1 hbo,0.0016368884062886804,0.003297113307168034,-0.00872157711889695,0.06799792626417904,0.0076985954043402366,-0.031666141866445126,0.003493806618717998,0.026767845269862135,0.0016368884062886804,0.0016368884062886804,0.0028426119626400684,0.0016368884062886804,0.039150646644540564,0.0,0.0016368884062886804,-0.006401774073336719,-0.0016146760135532907,0.004127225757607709,0.006995996726038948,0.0016368884062886804,0.0016368884062886804,-0.022479099032587525,0.0016368884062886804,0.06594618824329188,-0.004741549172457369,-0.030517761512212922,0.05300009627724369,0.03340874487337955,0.01248257679542833,-0.019919876299351758,0.024880037018599633,0.0,-0.03281452222067733,0.03340874487337955,-0.03281452222067733,-0.024775859741051925,-0.001660224900879354,-0.026412748147340605,-0.030780223536984296,0.040299026998772754,0.03340874487337955,-0.03281452222067733,0.022958887416046948,-0.031666141866445126,-0.032870328099698476,-0.03625966328337393,-0.029369381157980726,-0.03970480434607052,0.04144740735300495,-0.031666141866445126,0.009223872052586608,-0.03625966328337393
S2_D2 hbo,0.025113126276318253,-0.05477040671711959,0.03162658905451015,-0.04538301296826002,0.03973994617640138,0.016809751017290472,-0.051906860197904525,0.07403915332915045,0.02595023048552886,0.004812297564507217,0.01666615718965751,0.00669599236292184,0.05013544923996886,-0.06648986564606811,0.022601813648686426,0.023438917857897035,-0.01939066318929715,-0.007273972857120523,-0.0015707271945690536,0.008370200781343057,0.02595023048552886,0.016809751017290472,0.02595023048552886,0.043999282463992304,-0.027367421208058115,-0.01405069046854938,0.0265722853933822,0.01959475995575009,0.0009853278496570448,-0.044815742450874545,-0.04305094778817107,-0.07067538669212114,0.014298438389658646,0.056147071310238765,-0.020913782286020553,-0.05046775481079315,-0.015382525991162578,-0.03854513194675093,0.011289447118741244,0.044465196047501855,0.04802309926433771,-0.060196499166599346,-0.014454162668045577,-0.010187911368205436,-0.013754156395149241,-0.0022177258841146763,0.015972646808079864,-0.023485597991067947,0.017961349686288864,0.002307220727863399,-0.027146609007765558,0.007171592905766502
S2_D4 hbo,0.0,0.0,-0.08803092988635697,-0.03135898865436965,-0.06182302198196288,-0.03369233243320147,0.0,0.017873284350264872,0.0,-0.022935484557252896,-0.0024023582632621662,-0.022935484557252896,-0.005179864851075937,0.0,0.0,-0.008132631966634838,7.354040255494526e-05,-0.022935484557252896,-0.022935484557252896,-0.022935484557252896,0.0,-0.024397895899904515,0.0,0.0012763642740549583,-0.010581167512781084,-0.03253052786653935,-0.008221932345044723,-0.10396306594592013,-0.054182201837960395,-0.030206918733215113,0.0,0.0,-0.034854136999863596,0.004150197716633142,-0.05778962155711649,-0.04965698959048164,-0.007645161519084298,-0.026721505033228753,-0.024397895899904515,0.02205623845699464,0.039536746008544635,-0.05778962155711649,0.04790886409539431,-0.05662781699045437,-0.005977256884701196,-0.034854136999863596,-0.03369233243320147,-0.0589514261237786,-0.002856255717751695,-0.03136872329987723,-0.09406783569606651,-0.03950135526651207
S3_D1 hbo,0.032865760033558816,-0.010166468104949387,-0.030518714093720783,0.01553101171301348,-0.023660063298240736,0.02082896954518279,-0.009591271543207628,-0.024621638097505078,0.03480119386516902,0.032743423794743313,-0.036875049695555266,0.015785822167898596,-0.030745447429699285,0.0,-0.0151960131438695,0.03254907588324207,0.04421772186661345,0.06568356424502135,-0.01707141018113215,0.02442766511983258,0.043116952540079745,0.011480193665985029,0.03678808805146712,-0.018960089214943656,0.03210466908210852,0.016392920722953796,0.0066078794629039215,-0.0010018643919390848,-0.020119719719131103,-0.01582650351835594,0.025490473769589357,0.0,0.011345882548831334,0.0006849402427704219,0.022544733011319252,0.022952929856914703,0.0,-0.018764877788259894,-0.043740980799556205,-0.03001744267190618,-0.019486920686160678,0.02163944738484495,-0.03175827142586336,-0.02941202891565836,-0.011766257190249211,-0.011863308399805893,-0.010463273552076456,-0.02732104080671262,-0.024098943258860188,-0.007725389310214501,-0.02599641607034747,-0.02381391526612303
S3_D3 hbo,0.0010499541862883106,-0.08966135808351172,0.0016614124247067907,-0.04971996316821207,0.0,0.0010499541862883106,-0.04961161153325188,0.0010499541862883106,0.0023946750930891165,0.0010499541862883106,-0.014523960228888407,0.0023946750930891165,0.003054855103493134,-0.10002357902853751,0.0037393959998899187,0.0037393959998899187,-0.05495601752435578,0.0010499541862883106,0.0023946750930891165,0.0010499541862883106,0.0037393959998899187,0.0010499541862883106,0.0037393959998899187,-0.024482612840292576,-0.061620892151682975,-0.054657464780797284,-0.04433006283460447,0.0010499541862883106,-0.03275249745883376,-0.08904989984509325,-0.04498746539367556,-0.10002357902853751,0.0023946750930891165,-0.03144604021117828,0.0023946750930891165,-0.04537289495294967,0.012248653477163855,0.009705376979518853,0.007773558720292336,-0.024482612840292576,-0.024482612840292576,-0.061620892151682975,-0.07291414891978142,0.0010499541862883106,0.0010499541862883106,0.0037393959998899187,0.0010499541862883106,0.0010499541862883106,-0.054657464780797284,0.0010499541862883106,-0.04769403740991157,0.0010499541862883106
S3_D4 hbo,0.025851928658638976,-0.008243529023997432,-0.03724702860087602,0.026058523946493307,-0.0007237583421891104,-0.03324617858846992,-0.00923403057339247,0.026678929968913936,0.0003035407973952527,0.0003035407973952527,-0.009329301354424065,0.0003035407973952527,-0.010903923641193702,0.02767742018301404,0.0003035407973952527,0.014560172048360893,0.008167724340442337,0.003306997108464085,0.0003035407973952527,0.0003035407973952527,0.0003035407973952527,-0.02399108358547263,0.0003035407973952527,0.014142250888902275,0.006167602672810956,-0.03208929171309525,0.0033061522543681456,0.02175534049910564,0.005558990154463624,0.004499920606154424,0.024922297049294558,0.02129032321770311,-0.00672564528083053,0.02243421222252727,-0.0068055244380398104,0.0013725628467920932,0.0,-0.026608398133617202,-0.013475346433871547,0.0065594337191685155,0.022901758074344615,-0.012361878168374255,-0.010901715635985514,-0.008060988110385334,-0.0019913555574018636,-0.00672564528083053,-0.005568758405455878,-0.009544018626158168,-0.002928841014308378,-0.003254984654706552,0.0016735511062804605,-0.011353192782329182
S3_D5 hbo,-0.004082706889736171,-0.009699894555097573,-0.007618393560294363,0.020520702148635977,0.0,0.006347477836012854,-0.00972351184764171,-0.001916179946994271,-0.0022960095731733897,-0.007608763734465097,-0.015437534107213864,-0.02481152974981877,-0.008986379813043057,0.0,-0.045004531895556206,-0.0024641698450654395,0.034742912786964064,0.061122898638985776,-0.047092207217369925,-0.013455063719647201,-0.0015883991542549162,0.0005011778508307362,-0.0032010318757896045,-0.05212733066208033,0.02214529051398363,0.010211943511389201,0.01612129650109215,0.02193592298647294,0.0035380520945924097,0.005118593980238314,0.02476636466214687,0.0,0.007995266492489262,0.025390170609733042,0.0480500471621349,0.04559135196906124,0.0,0.0,-0.06494616871489402,-0.020530350763912186,0.00376786408943183,0.04770237457954463,-0.00842047314938938,-0.006138225167961032,0.010714529777089801,-0.021545204048671614,-0.008323736222054505,-0.004723004330124066,-0.003301879169151068,-0.015999882068740458,-0.004050819850021783,-0.0011908565586676893
S4_D2 hbo,-0.005550668654508027,-0.0047411643468715965,-0.003091225381714829,0.010322447866318843,-0.004827930753219575,0.012341570170442982,-0.004700535632788021,0.003679308802517782,0.006924295593921515,-0.013059573214931272,-0.022530343515024677,-0.025796259606119983,-0.0122919075659634,0.0,-0.03589620350613065,-0.0028755724915251243,0.032119394790365664,0.057591935851685906,-0.04799480957957232,-0.017203078530785218,0.00046768864196239943,0.006505077286178715,-0.0027438442713782463,-0.050035281897328435,0.014051006676212955,0.012880092210050249,0.011754543730496614,0.011725860057883737,-0.002392273775022793,0.009168316937436229,0.02526141944816814,0.0,0.018831718247679936,0.024944864899370464,0.044566025075366694,0.03976298692231932,0.0,0.0,-0.054389525051030625,-0.023744150897531242,-2.492666629167584e-05,0.04223927261459969,-0.017165976011447374,-0.008452838396201721,0.01403687640473938,-0.016229077716574163,0.0004689422101547553,-0.006512989454279095,-0.008162928419435863,-0.008377356106440895,-0.005730025930329493,0.004876822934574384
S4_D4 hbo,-0.01528060872874155,-0.01528060872874155,-0.03622583585065054,0.0016776978878877563,0.05524639525206003,-0.04836953418966935,-0.01528060872874155,0.031813852466247426,-0.01528060872874155,-0.029172071209415687,0.03390703471445863,-0.02639377871328086,-0.005526884645428355,0.0,-0.01528060872874155,-0.024545507857801335,-0.0038927113619393696,-0.03611780244975275,-0.0305612174574831,-0.02639377871328086,-0.01528060872874155,-0.043075306115920906,-0.01528060872874155,0.0015283337896223035,-0.012726848079302449,-0.04704597717123224,-0.014640110126501684,-0.025921685604216493,0.010205579721646341,-0.04023142439015578,0.0,0.0,-0.04969309120810647,0.01614843112261884,-0.06977012257545366,-0.06655961387380634,0.0,-0.029118254405616467,-0.037781078042172456,0.00894179675757635,0.022784401853809248,-0.07317739896599189,0.018358967572533177,-0.0635845536887806,-0.048867339624812156,-0.04704597717123224,-0.04572242015279513,-0.060806261192645775,-0.006418225458352967,-0.04439886313435802,-0.04078244859118722,-0.05234020524498069
S4_D6 hbo,-0.006698307569446645,-0.004625040704368905,-0.0035533849314053783,0.010644039669810668,-0.004576695331152505,0.00535674337893261,-0.005269645680587568,0.0034405790605671104,-0.0012680488407530628,-0.013656412439774657,-0.0217393028229744,-0.01824451763060179,-0.012311955045776458,0.0,-0.03847107676938374,-0.001678984513092463,0.03566041962984972,0.05293930841176172,-0.04904313657531846,-0.0130843255233806,-0.0030365454565721857,0.004784656462538538,-0.005851725342210999,-0.05399692274215346,0.015344506170010524,0.01578416676235973,0.0018490722378464626,0.012110515990708124,-0.0014825914453029236,0.008750512552168344,0.024196859294808047,0.0,0.011615854622610399,0.03072571572027265,0.04625153178349309,0.04569972706028668,0.0,0.0,-0.05779041995179487,-0.023386797506945476,0.002416715510096683,0.044342166116806955,-0.016018433659033767,-0.008895548671817546,0.01227166723476279,-0.007513182789045378,0.0053166085992481776,-0.006284898518131961,-0.006534682946416692,-0.003038421665005161,-0.0053743939892231,0.0039240327927311065
S4_D11 hbo,0.002695622033144226,0.006370439166687269,5.067533473990049e-05,0.04848092614909922,0.044472256015966556,-0.03026863133246883,0.0019716225670192346,0.05188589252916902,0.005045312206495047,-0.007103890322970549,0.025485700825994186,-0.005366669671876899,0.038860232819091796,0.0,0.006170063335331522,-0.0022068558601135335,0.016669752355794695,-0.00404154271168468,-0.006591608716391245,-0.005878951278456202,0.006170063335331522,-0.025508825192666767,0.004945124290817175,0.036906679264506345,0.009878069566964031,-0.027700623372439667,0.022109317100093485,0.025770070490246204,0.009811836826989846,-0.018277320796581144,0.02474452483440247,0.0,-0.03048694911914716,0.04067969943054071,-0.04101706086851956,-0.03799447537981116,0.0,-0.0295475161413258,-0.01788704727293458,0.04422366030882537,0.04349306091556773,-0.04348488091287086,0.021878128120710827,-0.042023682126355585,-0.02439813780722061,-0.02728852968153825,-0.028194963023696385,-0.040798743081841234,0.02230015258108957,-0.026851894108181572,-0.003852245546512412,-0.03429783807901325
S5_D3 hbo,0.040193312398127005,-0.1773720043411438,0.0,-0.05698703089013146,0.0,0.0,-0.16450015357691752,0.04180104489405209,0.0,0.0,0.0,0.0,0.0,0.5381162130348182,0.0,0.03376238241442669,-0.04305809444139573,0.0,0.0,0.0,0.0,0.0,0.0,-0.022776210358938637,-0.007337444508783287,-0.03177784695851948,-0.022653861653088556,-0.02237440994899689,-0.04756730624848468,-0.08938814913969075,-0.16846953083260183,-0.10052396388088994,0.05305517236552765,0.022459535776407937,0.05305517236552765,0.006820683316045797,-0.04534250172839397,0.006168086943322532,0.020900522447026046,-0.022776210358938637,0.02063256703103853,-0.03410341658022898,-0.07246976023298657,0.05305517236552765,0.03822351292166046,0.05144743986960257,0.05305517236552765,0.05144743986960257,-0.06004637276447459,0.05305517236552765,-0.0007795066646909446,0.05305517236552765
S5_D5 hbo,-0.0628178125746404,-0.006910167418204906,-0.008410708984936765,0.01891449995205977,0.0,-0.05306401365463853,-0.009173598197735616,-0.0016204166463446353,-0.05903175797687023,-0.06054491797303501,-0.016714161319693676,-0.06130465257847563,-0.009192525841885003,0.0,-0.05325855834326164,-0.058278332586146064,-0.002565232118333662,0.004441687160389184,-0.06007093293336138,-0.06054491797303501,-0.05827517797878784,-0.05306401365463853,-0.05979149258231085,-0.055804584081201106,-0.0060718463650533145,-0.035819846594165504,0.004454305589822109,0.02042765994822455,0.0037828999904119536,0.005220349409979192,0.0242105599386365,0.0,-0.050317134013359514,-0.0016235712537028648,-0.0016204166463446353,-0.0008701458629787071,0.0007565799980823907,0.0007565799980823907,-0.0643309725708052,-0.025114922987458134,-0.0031367312498676468,0.0006493233479025374,-0.009116815265287459,-0.005412780458831282,0.00826875165381637,-0.05979149258231085,-0.040086195446325766,-0.004656200460748891,-0.00313988585722588,-0.05656747329399997,-0.0038838474258753456,-0.003143040464584109
S5_D7 hbo,0.0037609438575346736,-0.006517134427251888,-0.015963763830563464,0.017896680758109466,-0.009711683604826628,-0.013976173248519219,-0.008272890017287775,0.012084908114032074,-0.008370630761464022,-0.017781163810780556,-0.024530955409533466,-0.022932821900824428,-0.01616072652168931,0.0216384731779549,-0.024294574430999576,0.0020158904166208613,0.009858594610053286,0.03754120151782743,-0.028772657742408444,-0.01948481122601666,-0.010403882398100035,-0.02118917730781021,-0.014910750223462136,-0.034282014386463326,0.0012582071786442,-0.015390932286690957,0.0008466556257226766,0.03269424325183487,0.015635263444325875,0.014779321169433316,0.023734232775664683,0.017516859239296825,0.011151026448579005,0.025299533392413143,0.03923219893612377,0.035066147995986445,0.0,-0.009711683604826628,-0.03907458843166419,-0.02193174705817895,0.01411762075075001,0.03435254755435802,-0.01779492277103036,0.007233502246301482,0.021984682540619107,-0.009442109423742816,0.0005431694039008822,0.009390495058630832,-0.012853489872785173,-0.007148243409292902,0.009723640770535091,0.011547487870960183
S6_D4 hbo,0.022266609537815216,-0.04481399175126651,-0.01187116050686256,-0.016881960585725657,0.0061656178744480886,0.03191773213170025,-0.04443891042277732,0.010511786122219119,0.033725719053532145,0.026031236186120632,-0.00788183253687496,0.019941049322034637,-0.0013552146936400547,-0.03584515793143774,-0.0003295402396971923,0.025867957090240746,0.01179916197020393,0.051905697676208534,-0.002611655911655891,0.02407998909453793,0.0335678325925431,0.02203329206646407,0.02210569035563078,-0.02432515292736912,-0.0019518894893793392,-0.009742550401603479,-0.013759601731142603,0.007944224337839421,-0.02194352302470723,-0.03735883649677542,-0.010340397781705696,-0.03653447577332239,0.02774757409694803,0.010496391626689581,0.03129028605036241,0.010653509883387306,0.0,-0.01381742440232905,-0.019113443929227272,-0.008081421134668853,-0.0031769643056274942,0.0020934355923470246,-0.03159037532594588,-0.010239133124791529,0.004436790313322438,0.01153270065280125,0.012156549248992645,-0.00886049744102223,-0.02318609095092449,0.015212607333575644,-0.03299356359721595,-0.002438673792268923
S6_D5 hbo,0.06555817869066957,-0.00490700375372285,-0.004052571155230849,0.002701967381269504,-0.005327191594510824,0.06952892513028494,-0.005828301686734458,0.0035134693956665286,0.0672010810173138,0.05395946528239151,-0.029595508858393467,0.03813304042908599,-0.012864358478229284,0.0,0.00842541206614367,0.06812551293872003,0.057131437564490954,0.05119960793593116,-0.0074034362146792486,0.04699896522972293,0.07093233732184984,0.06206641252121288,0.06836500307379936,-0.0010451507685422389,0.04010846449996859,0.06136470642543044,0.012084245620248067,0.008248750813009484,-0.0035943916471021897,0.011055575196139278,0.02526141944816814,0.0,0.06625988478645202,0.025336165784534053,0.038495764900538236,0.03533338648692527,0.0,0.0,0.001408351108319186,-0.010582578937747753,-0.002155837811569125,0.036736798678490175,-0.02545213761821838,-0.00972814633925575,0.013093828148967018,0.043872346959235885,0.03524591229367828,-0.005957093439019381,-0.008587256569014988,0.04573797511150389,-0.00946562391793162,0.006320293778796324
S6_D6 hbo,0.12442581726950022,-0.0018131482581114858,-0.0026633169634478013,0.007025336397750278,-0.005135345968194933,-0.04526509567954218,-0.003804504956380009,0.005660161649758311,0.12635014143523263,-0.06805455753839873,-0.025106135844508562,-0.06555963937620025,-0.012799943834765405,0.0,-0.049102317300476,0.12599208961510058,0.00608524600242647,-0.003614851937497294,0.2982106641931874,-0.06577218155253432,-0.05507640526347629,-0.045835689676008276,0.12599208961510058,-0.05624045561156776,-0.004319519933133027,-0.026201643797609066,-0.0021156121244330596,0.009162202739816746,-0.002931447093592332,0.010582965441619166,0.024277221356805656,0.0,-0.04149491552524184,-0.0009744241315008536,-0.006892906272495968,-0.006467821919827812,0.0,0.0,-0.06091641029320961,-0.03193044611742937,-0.006534854452363943,-0.005326633926895603,-0.019400195879847523,-0.00788858462163023,0.012227714898481346,-0.05323054927490835,-0.030900469768507532,-0.00596426045589784,-0.0074635002689620745,-0.04882273365750843,-0.005102647171835843,0.004731515833160186
S6_D8 hbo,-0.007275037534601056,-0.0054261073695658114,-0.0036300548831500134,0.011634566736465119,-0.004489766313055666,0.006384588265356317,-0.005313717250545888,0.003103864780465825,0.00020882856285880247,-0.012232026717416479,-0.021326389987014412,-0.023149905132652866,-0.012273146958169235,0.0,-0.03791529355177068,-0.004524545892939742,0.03436275306565301,0.05675927090119299,-0.048259710387865834,-0.013852957818961264,-0.0018308320662998722,0.006384588265356317,-0.005142544497093137,-0.05280742002696593,0.015800125091790955,0.014669858824716199,0.008090757146970566,0.013056228761470393,-0.0014968320396744426,0.008603682552765479,0.024879085437592267,0.0,0.013832399769488421,0.02864022425210353,0.04593475674146467,0.04521148698014394,0.0,0.0,-0.05690556918998635,-0.02316578423380822,0.0010196671262949618,0.04486260768023374,-0.01571418209569483,-0.008419771448914697,0.013205838984841073,-0.013538135978682909,0.002066692746996205,-0.006436888634777466,-0.00711049954292935,-0.005237002200530101,-0.005501277384234984,0.004263526463080494
S7_D5 hbo,-0.009619149059975494,-0.00869051339026046,-0.007375880601386829,0.02046771131029218,0.0,0.009477198021923993,-0.009451687115112881,-0.001632681903952815,-0.003765819671722822,-0.009181994383742809,-0.015222581100657722,-0.026396708530798885,-0.008676665746205046,0.0,-0.0407151971377695,3.4815927711218825e-06,0.03211961555337093,0.06365926860869289,-0.043639527326750215,-0.018353622716201307,0.00027265772811630676,-0.003531060184405449,-0.004961690798960734,-0.04891296151214629,0.020253747508957864,0.009160852920389815,0.020480971351352382,0.021879277607553704,0.0035289157431538237,0.0046362805693915855,0.024702410202076766,0.0,0.011277654703335006,0.024103268003152673,0.047202175586747795,0.04247421995618052,0.0,0.0,-0.0598603561746993,-0.019021138928081868,0.0036149666042325284,0.04456387411396199,-0.008303226054904212,-0.005811990219515749,0.010822157178403503,-0.024044599597589204,-0.007892056382748614,-0.004400423922254219,-0.0036669454855126258,-0.016909144457590612,-0.003777726637955934,-0.0008853558231558079
S7_D7 hbo,0.027721288739409794,-0.009978435613723205,-0.025888191420552688,0.014848739268639933,-0.019179966618053587,0.012248338332948524,-0.00942472847955015,-0.019953508926091747,0.03481428694846288,0.031853929848104694,-0.033908489667067186,0.01700102100211389,-0.02770367440472072,0.0,-0.017044053271979605,0.02132796653339193,0.037658424602615106,0.06458621716878804,-0.018719142968243348,0.026494411308795356,0.03323147688433633,0.00043587695546409714,0.029845494886875566,-0.021084414748537318,0.024200622951523122,0.012330219860527993,-0.0018204394242884126,0.003478232288248062,-0.015639623038943958,-0.015112799101574917,0.025490473769589357,0.0,0.01444693748075981,0.008336171334246027,0.019960269230639673,0.027840530003724252,0.0,-0.019179966618053587,-0.04482543516286734,-0.02856052912123365,-0.013961871803107696,0.030595624076187534,-0.027213706462970097,-0.035677018884386194,-0.007194830442895064,-0.008206711816981526,-0.0074617316243939255,-0.02263142220773058,-0.02184617270108423,-0.005245124057946125,-0.022154895864381966,-0.01912966902403317
S7_D8 hbo,-0.011380482472083363,-0.008048884964884057,-0.0068625778610857035,0.02046771131029218,0.0,0.009628953564299294,-0.008883387652636639,-0.0009910534785764111,0.003613846200292918,-0.010474093549483006,-0.01481927180470684,-0.021103237955960648,-0.008016705080103602,0.0,-0.037598111563131635,-0.0035985495637841924,0.02059895564207162,0.061950625338504386,-0.040614963723560556,-0.013544324183200486,-0.0001466404285496483,-0.0004628335827367244,-0.014231699863178245,-0.04551917079098682,0.008625485023040677,-0.0010197238886004427,0.016383249832392234,0.021879277607553704,0.0035289157431538237,0.003820709022717126,0.024702410202076766,0.0,0.012725603452502558,0.025481234668474434,0.04914079700143639,0.04368882589413434,0.0,0.0,-0.05748120934472073,-0.01743768008314439,0.004482690733071924,0.04574181557046573,-0.00808323916620373,-0.0057706360950894936,0.011133805270729186,-0.02050728155725273,-0.006706235392030764,-0.0036854665339776534,-0.0029153236157859834,-0.014330634512120957,-0.0031727626940296107,-0.00018873067560428312
S8_D6 hbo,-0.035179935771336227,-0.024516799214590806,0.050952444861558685,0.0646652372417666,0.06648268481316999,-0.031137513498185807,-0.02440072880363521,0.07421198796363421,-0.03445544399053498,-0.043613627003972096,0.049311091662975426,-0.0437657323464335,0.05838127358052464,-0.018248617707920484,-0.031593829525570036,-0.03590442755213745,-0.02118372202113827,0.0007806304109366117,-0.03888306560826043,-0.04304124056563228,-0.03445544399053498,-0.031137513498185807,-0.03445544399053498,0.00747145271007828,-0.02856655165071105,-0.038859953290718945,0.052717191899642045,0.08436283851128953,0.06621482678648714,-0.008918225653392408,0.007108594620122532,-0.018248617707920484,-0.030203040032812448,0.05250689248833576,-0.007304849588832497,-0.021112605338329066,0.0,0.0,-0.04185246714100868,0.03585872823101085,0.04825385307714493,-0.020902305927022788,0.03678633833845313,-0.008029341369633724,0.013453167533862402,-0.03590442755213745,-0.02118372202113827,-0.006007971369691449,0.04611673039298122,-0.032796478744360404,0.02532427146206811,0.004903405890270934
S8_D8 hbo,0.02378857463547181,-0.03883462254404761,-0.012370504582137088,-0.018828505939046628,0.006774379833195062,0.03203426613981004,-0.038655205736096744,0.014734949415655733,0.033422984418807034,0.020538656283960354,-0.009993382394244424,0.012615065317399842,-0.004171865772295416,-0.030239085664698333,0.00037675812058008524,0.027377950542399374,0.022491637169887415,0.045424458537557916,-0.008789008964967591,0.017860351491232173,0.03477866151213719,0.021107587566915668,0.024011535199718433,-0.026176641142760276,0.008097086723054593,-0.002037020543537738,-0.004600839370089563,0.0068008121096285725,-0.01946678577273412,-0.03268699975086516,-0.006249096070330366,-0.03229537048707273,0.02610255028348899,0.018027593069355384,0.02233212046998426,-0.001500606398687182,0.0,-0.008372873829981819,-0.01767507065739665,-0.007797652808083164,-0.001831206690365953,-0.006668298013927708,-0.036699498805503994,-0.01631522139288497,0.00817166865787817,0.012067147193556445,0.01574997657309537,-0.014385439437054061,-0.029794373142798872,0.013948700300535796,-0.039499375834443705,-0.002700919819253805
S8_D15 hbo,0.032297003375224315,-0.025598621240536912,-0.02488440282940452,0.004927842486456306,-0.01798544460776353,0.028488256637233724,-0.025008948627388863,-0.019161408199002136,0.03901589125530522,0.03768698294984504,-0.031375375324856895,0.025672043183799877,-0.024804858408173633,-0.015416095378083026,-0.008681015820710401,0.03099169051778637,0.02922749232954587,0.06420374793788475,-0.009474778653073673,0.03330082218138721,0.04206690223394175,0.022266835606691925,0.03375779372267547,-0.018289195705053492,0.01658269822480281,0.005316922674064696,0.002420710695967457,0.00695580475867878,-0.01901774334769854,-0.027775019310703267,0.010910778953161634,-0.015416095378083026,0.020784312256997575,-0.0017074220257017334,0.030284205547371924,0.016493955113786245,0.0,-0.0147737580706629,-0.031024141263159662,-0.03074707518058665,-0.02072725220522076,0.013432599341983233,-0.041405870166901254,-0.022548115709068155,-0.003690850515414206,0.0032315139092908346,-0.0009372546413607112,-0.021162490744265804,-0.0345742192981486,0.0077330217859473095,-0.03413816172923474,-0.017724213299573216
S9_D2 hbo,0.027901885934420244,-0.030412559885220302,0.0049613346179605555,0.021252578092811225,0.0183918308448582,0.014334563356480114,-0.03147916303687817,0.025925375577376973,0.028385821815206158,0.020070541065459427,-0.0015974170650963817,0.00798581607651014,0.003961926228405303,-0.0249821344612264,0.009539282799519308,0.02110736770183374,0.007200197972203144,0.024084944890025876,-0.0024339341303231577,0.015145611262968366,0.03466369996115781,0.0071766900819016325,0.029111661681979477,0.0186543576668521,0.005746093437433956,-0.0028164776804568852,0.020200035071236057,0.023289601343123776,0.00578703518936585,-0.03866039770790613,-0.0012762828631474093,-0.027771058178647456,0.0037015181010774515,0.017159358389372173,-0.01350878297872257,-0.030431199588035772,-0.002050179272815855,-0.02922491126874524,-0.011550563581667894,0.0027117968907977197,0.0056309886262882565,-0.030277295770853675,-0.0145046755158289,-0.029238539569935707,-0.012384706134606393,-0.008896003150747202,-0.01016324821781395,-0.02579389843840933,-0.0026863375711985178,-0.005165519716760923,-0.022484916080059925,-0.014291712811520882
S9_D9 hbo,0.05289088401590424,-0.01954965761448289,-0.038607990895649355,-0.030636687905172995,-0.059490309244159864,-0.00562159495409694,-0.020947199793466764,0.01862727104144365,0.02666483163973304,0.006942188348372666,-0.0567493149850795,0.008624246443273451,-0.015352501369400917,0.0007828459647758254,0.023432730834916912,0.0389610652505907,0.006958432484632573,0.0007829878006033452,0.0008489954930960688,0.010240296845681516,0.02666483163973304,0.003507908989360717,0.02666483163973304,0.024298017185916638,0.003649523074139936,-0.00286435655875667,-0.021550679182324166,-0.04578473856231067,-0.0540296068093736,0.0002008653918835747,-0.005594720970590168,-0.011112148169269283,0.028660850057684085,0.024454929778370736,0.003064332624914277,0.005633844555495773,-0.014371467944795083,-0.0529371928777745,0.009485377317555522,-0.012496781631153007,0.009667613823494035,-0.012633415126666717,-0.04158062275226417,0.009010020160629816,0.01580783257369596,0.024608735547195035,0.03460235287247218,0.010560439971387309,-0.01082090633890775,0.036136528546969776,0.014157107259568718,0.026139174512470883
S9_D11 hbo,0.05270150554576304,-0.032420630475043025,-0.04029813974915138,-0.04106742638056699,-0.03911866939740599,-0.003715544576338484,-0.03852631674468916,0.027597535775534046,0.025424606912303596,0.009167980931202411,-0.0345174001687617,0.010522699762960844,-0.006595044004533167,-0.018479986984709037,0.025424606912303596,0.041303372094737306,-0.008308888115269418,0.009167980931202411,0.009167980931202411,0.010522699762960844,0.025424606912303596,0.004323117903286915,0.025424606912303596,0.020687355812547048,-0.0048996784081420395,-0.009744541436057533,-0.021794400698790767,-0.05150344223929512,-0.034071986151642225,-0.015116876635912697,-0.02089606887836316,-0.02720859454741606,0.02582974908318292,0.019509134560181593,0.00957312310208174,0.008482047156743364,-0.023030220139893344,-0.06239800074991756,0.01850710519268582,0.0042902296461602525,0.035616544334101656,-0.006189314130297509,-0.012893143701078275,0.01057795591203492,0.014932432732859527,0.02582974908318292,0.02582974908318292,0.00856829029212856,-0.002169982890484808,0.02884424751304245,0.000907697378162146,0.02080558503341705
S10_D9 hbo,0.04436688945312361,-0.05508232098224842,-0.023737276813388417,-0.0179847376856711,-0.022721591149444782,-0.017140689261176525,-0.05814420317850449,0.025730296341994575,0.006863708407442875,0.0062516123773658306,-0.033046565249397766,0.006075769000304222,-0.021025679325384707,-0.0023106086627202823,0.006629250571360732,0.030915142910642634,-0.0243426612641883,0.010275875311951307,0.006629250571360732,0.006192997918345295,0.006192997918345295,-0.013441862990765493,0.004851576940150136,-0.00274927246347607,-0.023082197347426975,-0.03706471497785453,-0.03824422183318201,0.03607963062593452,0.0031943991155085377,-0.015278929894947144,-0.01996560817968584,-0.017040133924788377,0.035350305677816406,0.021854506382469902,0.03578655833083184,0.01963917805237302,-0.008719236358268535,-0.0368676313211791,0.00543903874863892,-0.023754309882395408,0.016353893951867496,-0.00564399866849121,-0.05436561551996224,0.03505723338271372,0.039491797530442956,0.03201846338278073,0.037479666063150216,0.03651588327894996,-0.036542494380076035,0.037624248466933824,0.01606182198942252,0.03937456861240188
S10_D10 hbo,0.025326442406850683,-0.14082676760706905,0.011959708914346157,-0.09622434627346528,0.0,0.026733466985009054,-0.11302201483961676,0.022512393250533943,0.02602995469592987,0.026733466985009054,0.0,0.0246229301177715,0.015477270359742086,-0.15825011741582237,0.023215905539613127,0.023919417828692315,-0.0408108779238184,0.026733466985009054,0.023215905539613127,0.02602995469592987,0.02602995469592987,0.026733466985009054,0.02602995469592987,0.0037185649565614105,-0.028030853284349892,-0.021945928809976676,-0.04905456191088419,-0.0516337152250317,-0.07192119446891157,-0.11193708113864848,-0.2140182800035802,-0.15825011741582237,0.0246229301177715,-0.003773384095970181,0.021808880961454755,-0.015943233044716613,-0.10058766164767877,-0.1204553157533756,0.021808880961454755,0.0009045158002446682,-0.0005025087779137029,-0.03887590636405111,-0.07910401816685181,0.02110536867237557,-0.007834966738126701,0.023919417828692315,0.02602995469592987,0.022512393250533943,-0.034198006467836266,0.025326442406850683,-0.03374118030609653,0.0246229301177715
S10_D12 hbo,0.03800692771552951,-0.17365407067190075,0.0,-0.04481954072252188,0.0,0.0,-0.16484507764238834,0.04024262934585477,0.0,0.0,0.0,0.0,0.0,0.3676038828526911,0.0,0.03353552445487897,-0.07166989031165827,0.0,0.0,0.0,0.0,0.0,0.0,-0.02312661359523,-0.05676532427920092,-0.05045806602595637,-0.08157098679157992,-0.03587354652595139,-0.05202808464268614,-0.113956537716004,-0.16495092026753813,0.3140093608087012,0.04918543586715583,0.017515862388356018,0.04918543586715583,0.007137047512192192,-0.04503122597282147,0.004041263869355777,0.022357016303252653,-0.02312661359523,0.017116015750624772,-0.029270493652412317,-0.06937984078569,0.04918543586715583,0.014161148999405798,0.04694973423683057,0.04918543586715583,0.04918543586715583,-0.06097016311469728,0.04918543586715583,-0.005477468994296901,0.04918543586715583
S11_D9 hbo,0.026662930101574136,-0.008398039304094676,-0.03193740091626847,0.013878786340929766,-0.02536561710508247,-0.016643332411484506,-0.008611444440344678,-0.0030488649088184876,0.008253133476656363,0.005968886449997469,-0.03863208724524066,-0.0003202025922078959,-0.03128602582432709,0.027004781684542383,-0.013469937572178329,0.02019275079288735,0.01529684155421707,0.03136920775758689,-0.015391735950020646,0.002484398490701674,0.009177606750542822,-0.014017941266156676,0.007817832997770358,-0.019400353823022035,0.0077247830182028505,-0.01445376277709462,-0.008431009349830116,0.026387559191768835,0.002691989412231713,0.010538142423352145,0.024196859294808047,0.019164683776126856,0.012103693252705777,0.0129826198736378,0.027631639848457408,0.027039299454801952,0.0,-0.019446973113896565,-0.030065495197777615,-0.031232061963798165,-0.0007862668729199305,0.013743607898494489,-0.033524259621717206,-0.0009714011127100383,0.015562720453651686,0.001540095409851134,0.004387902929866922,0.0029172060642215407,-0.024928799300983386,0.004515910028139569,0.004175857090464683,0.004951286851784538
S11_D11 hbo,0.03414532205642521,-0.019047336626129112,-0.02312849769876199,0.009399858808395669,-0.00865230709395477,-0.010986603796816059,-0.018919808252623672,0.016086616217183606,0.014747555959387338,0.007527359389905417,-0.018370074365298885,0.007527359389905417,-0.015462129463000253,0.01162984249181498,0.004328438434519158,0.024829985746643156,0.005646350833793369,0.011739140722103204,-0.0036514927404033824,0.007527359389905417,0.014747555959387338,-0.0038875252433806374,0.014747555959387338,-0.002408101217492969,-0.00016597254033858116,-0.021920923398691783,-0.013444321952533124,0.020551452522137217,-0.0006927876588253625,-0.0018404524647624215,0.012647854511028529,0.004646646696881344,0.012955151988212989,0.01226117213434669,0.003741331533898447,-0.0011411747841085203,0.0,-0.02040985084112683,-0.010741312730787126,-0.01157666098626605,0.004236755906605258,-0.014795993681445432,-0.028103222285364483,-0.008197133361617606,0.005446713470201684,0.012179241344331486,0.012179241344331486,-0.008452433789095222,-0.020176574861574738,0.015617306445751272,-0.012132202970352179,-0.0027882744517317443
S11_D12 hbo,0.05117839511610759,-0.0005610830069881698,-0.037127632567630006,-0.005055837626445987,-0.040939333147374246,-0.002810783069837571,-0.0028241604049541224,-0.007561221333237519,0.03039767415531512,0.018495642290297265,-0.06296609868019015,0.01636034322473551,-0.04294827736664651,0.02854233956373323,0.00788711443308428,0.04101200931220689,0.020413924472437023,0.016283688628731145,-0.005120894262716633,0.018977757190425014,0.03123993771250238,-0.010003270551607666,0.03123993771250238,-0.0026452273275547073,0.0065029823414944985,-0.0033418739176475894,-0.024288382475609493,0.006178147330137818,-0.014169237947475285,0.010373322410294938,0.02442564315843034,0.019028226375822153,0.027104910898892942,0.003390580438243617,-0.0067858247962991345,0.01016528719845875,0.0,-0.027571202013452034,-0.006171934648066666,-0.040830580291231156,-0.016244633125442495,-0.0071870729694592335,-0.0586349624399032,-0.03052435860097668,0.010267467864410452,0.020830557095425833,0.022939536036837235,-0.0067575983176322,-0.0396318323776028,0.027597961473342338,-0.0021020789257950737,0.00397200575790766
S11_D13 hbo,0.051992323351892196,-0.023513435833200605,-0.02519957016012776,-0.024459862131008744,-0.02801238129566534,0.006584431742671408,-0.023679097906935592,0.006719869986999601,0.031244653030722297,0.020285814103127058,-0.049989986803308795,0.01939663403256155,-0.03406817389957832,0.007021722121031562,0.009083516699971612,0.04414328703047751,0.006438965401681948,0.019263599893469225,-0.004882037204144139,0.02233024252244273,0.031244653030722297,0.01065615649957665,0.03073354592589338,-0.013298155035300975,-0.011202361579587138,-0.013448612970614535,-0.03710497492495405,0.014976960417171578,-0.008540999363975293,-0.0028701427833490024,0.003952371639030985,0.0011545051412691929,0.03689838613811032,0.0031249915962793117,0.02072274174094392,3.886865806932818e-05,0.0,-0.02035862378452616,-0.0016367404759099024,-0.042498412614359125,-0.01305805535006353,-0.01173134397362313,-0.06677086085403253,-0.00213074670779288,0.020313621191648715,0.030830058185337017,0.028418856719275444,0.0023649448701836217,-0.05143848661163946,0.03530400488826411,-0.018610520440453443,0.013263856145325867
S12_D10 hbo,0.0,-0.05736230757066027,-0.0033742533865094276,-0.05398805418415084,-0.01349701354603771,0.0,0.21779271858379035,0.0,0.0,0.0,0.0,0.0,0.0,-0.0607365609571697,0.0,0.0,-0.006748506773018855,0.0,0.0,0.0,0.0,0.0,0.0,0.0,0.0,0.0,-0.020245520319056565,-0.05398805418415084,-0.0607365609571697,-0.05061380079764141,0.08619683650992266,-0.0607365609571697,0.0,0.0,0.0,0.0,-0.49127845236521084,-0.48664152910679415,0.049693549874047935,0.0,0.0,0.0,0.0,0.0,-0.02699402709207542,0.0,0.0,0.0,0.0,0.0,0.0,0.0
S12_D12 hbo,0.0,-0.06605101004092205,-0.03231996945535766,-0.07360990144796313,-0.03231996945535766,-0.03231996945535766,0.16619589373254398,-0.03231996945535766,0.0,0.0,-0.03231996945535766,0.0,-0.03231996945535766,0.03982314718428858,0.0,-0.009836512442934939,-0.0320799117112146,0.0,0.0,0.0,0.0,-0.029509537328804816,0.0,0.0,-0.009836512442934939,-0.03231996945535766,-0.06910149991161794,-0.09609335846038584,-0.10292622156806744,-0.09241052136121555,0.08192391540447101,-0.05489771115381292,-0.03231996945535766,-0.03231996945535766,-0.03231996945535766,-0.030914753392081235,0.00376613598951917,0.046217604610373275,0.009923433024168532,-0.03231996945535766,-0.03231996945535766,-0.03231996945535766,-0.03231996945535766,-0.03231996945535766,-0.06420666395787175,-0.03231996945535766,-0.03231996945535766,-0.03231996945535766,-0.03231996945535766,-0.030914753392081235,-0.03231996945535766,-0.03231996945535766
S12_D14 hbo,0.01865120485630777,-0.003224472128767843,-0.03262955132555996,0.011321769834768527,-0.020425640606592656,-0.04405616729784949,-0.002913297651665337,0.027120929916405103,-0.02687918990372771,-0.02778570573890935,-0.034057853249285265,-0.027587258619549637,-0.022214435226432943,0.04785304802686098,-0.018588325918886428,0.015468721328170105,-0.007710319763986616,0.0027242444787841926,-0.021043292587558382,-0.02778570573890935,-0.025972674068546073,-0.041846287355586764,-0.02738881150018993,-0.02318703881230787,-0.01133633713789321,-0.036804132550036305,-0.009741292664173357,0.04737075579426434,0.03105347076099487,0.03258703252362081,0.02719547505544912,0.04417204433248706,0.005676046116888008,0.026611308319942885,0.027319377035764814,0.029793837814900512,0.0036260633407265495,-0.014854278160476332,-0.008182454469045882,-0.0277195720213961,0.024798276649579617,0.0282920265884597,-0.028922465196455773,0.02176755466693219,0.03624010346047323,0.0019838950254681704,0.008216640613536958,0.02338213921793576,-0.021883674705226775,0.0007000250288508163,0.024911004007322404,0.025903239604120956
S13_D6 hbo,-0.0018224510346765868,-0.013199362113942542,0.004193833930756776,0.03282067874613285,0.06836328942423783,-0.024402652698615752,-0.014520250939321482,0.0630222653655522,-0.001270857645560013,-0.012302725427891542,0.03536245322339104,-0.010647945260541816,0.028546178316110723,-0.010349259095972117,-0.001270857645560013,-0.008408343186658845,0.015282983295294065,-0.00477599153991182,-0.013957505595241275,-0.01009635187142524,-0.001270857645560013,-0.020639285754625897,-0.0018224510346765868,0.011410729699203169,0.008638643247667024,-0.03082619980836232,0.01307653863941982,0.029480397785680245,0.02939719032878178,-0.018847989042508326,0.014699522141352858,-0.010349259095972117,-0.02534349443461322,0.043902259929385234,-0.03250870724560371,-0.03952257750940852,0.0,-0.019757676455946768,-0.020916044816656192,0.04325959940409529,0.0551191131411091,-0.04218275767516524,0.03293718550146805,-0.030721110543460543,-0.00011482143878357634,-0.023461810962618287,-0.021580127490623355,-0.028258305174906788,0.0209740211397051,-0.021580127490623355,-0.014060281565280879,-0.01969844401862843
S13_D11 hbo,0.0313742170832202,-0.01306178332000014,-0.021003423818854682,0.008502185077101137,0.013200629461688835,-0.018583920321072204,-0.014467210108756182,0.030010108535314977,0.00884210460941446,-0.0025282344153286992,-0.014062745376341565,-0.0002541666103800653,-0.013632305141053529,0.013931706498077328,0.0052369666136055405,0.02114900410419036,0.002723349637288943,-0.0002541666103800653,-0.006701889362374775,-0.0002541666103800653,0.00884210460941446,-0.011018120340248301,0.00884210460941446,-0.0019770641422057166,-0.0056575362250478505,-0.027472653345864934,-0.012921462246539162,0.018410074885063347,0.01920432959321794,0.0005545396917742891,0.015021631938670722,0.00762271500541172,0.004805036153035007,0.01582155119140797,-0.0059967859204709964,-0.010916719813357267,0.0,-0.021751674944868734,-0.005449020540908593,-0.004741049816643933,0.023989636667368128,-0.022708752386769483,-0.013461724841191,-0.00978265576159334,0.018059813087232122,0.005750761150637994,0.006696486148240982,-0.009689584957248209,-0.01735903280197515,0.00764221114584397,-0.008888140881197387,-0.001637276835582876
S13_D13 hbo,0.05634920953776812,-0.03071060380723202,-0.026051920150022743,-0.024110589652137738,-0.029200137437980587,0.014516059146675978,-0.028333710247264627,0.003460607599961835,0.03576023741869049,0.02534329509159135,-0.05159656344124374,0.02303101165878608,-0.0341389234219638,-0.0029598708286647187,0.007861707493770907,0.04831094206776735,0.012116622776068672,0.02378075374252648,-0.005754675310569175,0.02742668355701118,0.03576023741869049,0.018601478045140302,0.03576023741869049,-0.010823907661772747,-0.006987762504465446,-0.004996116534436941,-0.027736089720959534,0.007428982898979439,-0.009699211382503478,-0.008415322830927581,-0.0009729747639763755,-0.004119211334740068,0.03544728799213609,0.002795642900345326,0.016574285066330238,0.005706839793691626,0.0,-0.018792926932935914,-0.0004486474340994829,-0.03960649615249492,-0.013588684376699316,-0.009262169608705831,-0.07409731457693075,-0.006985275117122637,0.013652939474043915,0.03128475302114507,0.0270243830186382,-0.0034633891553487997,-0.05198679670059876,0.03479750983478317,-0.024586255143442808,0.006633839256007781
S13_D15 hbo,-0.012102488161207245,-0.0409957378736894,-0.009828985789031089,-0.027085244488929655,0.08137887391293795,-0.03318675146491044,-0.03552944738754413,0.02814838861923317,-0.012102488161207245,-0.032273301763219325,0.013292675589477868,-0.02823913904281691,-0.0007204591505731373,-0.02889324971248216,-0.012102488161207245,-0.01756877864735252,-0.01767897037952553,-0.043367249244325966,-0.03429038312342053,-0.02823913904281691,-0.012102488161207245,-0.028501359619643063,-0.012102488161207245,-0.01112856249396073,-0.03405168908325495,-0.05114742020510205,-0.02592930732100675,-0.011671642500688324,0.03532474828097182,-0.05349011612773574,-0.031235945635115843,-0.027331452430726367,-0.03396765010578834,0.009067236654737394,-0.06399622846958375,-0.07896297216227671,0.0,-0.017960668740191612,-0.02693956233788727,0.008134272693955715,0.03396440380848169,-0.09380004633895674,0.021475533317281463,-0.05413846370780041,0.01587147580948195,-0.03240585282403255,-0.03162495418315465,-0.050104300987398,-0.02688754863047956,-0.030844055542276753,-0.049857181164335386,-0.03552944738754413
S14_D12 hbo,0.04270842841301866,-0.002117117746818276,-0.03595007657570593,0.00112996934432669,-0.03999388348894084,-0.02789457949898179,-0.0035939473962390274,0.011594395514489604,0.005178313185180709,-0.004975786789082956,-0.05740570470031588,-0.004411670123846086,-0.045071309497265385,0.05102902009697143,0.005178313185180709,0.02809489145359695,-0.0008418305220277433,-0.003283436793372345,-0.006104020119556697,-0.0038475534586092154,0.005178313185180709,-0.03568286861286881,0.004050079854706967,-0.003283436793372345,-0.010583404652990435,-0.025562317427066363,-0.026311573702700358,0.03359240155217381,0.005952888533815119,0.03408004347039402,0.02605062979894491,0.034019346731314286,0.025023079741212876,0.013538882520405091,-0.004350781770541089,0.014139671039590929,0.0,-0.02769266105315887,-0.0018933046274944296,-0.038612796138482335,0.0012942794868477882,-0.008965941444242613,-0.05296856678938886,-0.015681992483865807,0.036153105874515916,0.022228018731861997,0.030599600519729146,0.014450879155090496,-0.03740876739704064,0.03180362926117083,0.02050943006981944,0.026911718884436126
S14_D13 hbo,0.03833811287478251,-0.02287159946766021,-0.04750276551445801,-0.01203430395604785,-0.013113863617974867,-0.023131756780737783,-0.02521932623336326,-0.0004885411325711604,0.005911147235250112,0.006693722823817797,-0.05155036719455692,0.004345996058114743,-0.03227677461816749,0.026792481546697042,0.0027808448809793773,0.02426018140349978,-0.0070578041851983644,0.006693722823817797,0.0027808448809793773,0.005911147235250112,0.005911147235250112,-0.014904038269136244,0.005911147235250112,0.005911147235250112,0.0018421958918694989,-0.019755565201084544,-0.025948114476172176,0.024882294513720562,0.0019508329172463657,0.01518102914293969,0.011128608314041565,0.012180283406333007,0.01998540935894908,0.00880101071392572,0.019511870302926355,0.02187113646010442,-0.0073046198033121686,-0.04069880359524949,-0.005460832716201044,-0.018345796850055808,0.019137266769115077,0.0016248357992244044,-0.011764754141921057,0.018666147407196226,0.033327382034344086,0.003904575869557258,0.02420732383433245,-0.0018491212620163203,-0.022394089104590266,0.010783253643188646,-0.00021170308034736978,0.012657441352868967
S14_D14 hbo,0.019987799261936053,-0.006953039091987551,-0.03357774014998045,0.005822502624315495,-0.022479604466670074,-0.022284699875315037,-0.008662374520935644,0.003991764209388069,-0.0013795712193611824,-0.002864976242770223,-0.034590161898148744,-0.002864976242770223,-0.02637938036171685,0.031882409232455965,-0.011442876977503751,0.01508491403413937,0.011815043179348094,0.02578848977959319,-0.015836491809161624,-0.002864976242770223,-0.0006368687076566585,-0.016976858594522776,-0.002753011040000689,-0.019457892076468142,0.00373803875261036,-0.016408721524157028,-0.011430410044997404,0.031226939907462666,0.010030922882457922,0.017280153150563776,0.023766480374544666,0.022626225906904236,0.012874134617758125,0.02124265624262154,0.03051530494560112,0.031742186557365056,0.0,-0.017234363424447056,-0.028415782935909305,-0.026313738619238698,0.00701794594679499,0.019833697642946627,-0.029221603092729167,0.0067421888158594005,0.012052882305952277,-0.0003732322792770128,0.01086090925788614,-0.0008268481859688367,-0.02312865730797495,0.003264790796524061,0.00032927886631611754,0.005841197641093983
S14_D16 hbo,0.0243270855326807,-0.010354382637754778,-0.03390268248881847,0.014361773391018353,-0.027841887026206824,-0.02604354255313202,-0.00976697358478661,-0.0012759966282953777,0.0006285074957024831,0.0006285074957024831,-0.03829992665808459,-0.0008099900006515406,-0.03208449773943756,0.034992742200348016,-0.013629489233295171,0.013589100717432679,0.010765206076387951,0.021654113329052645,-0.014617398500453882,0.0006285074957024831,0.0006285074957024831,-0.020233391071391885,-0.0007440701530471137,-0.014969106958242563,0.005173956294825927,-0.02353408785081231,-0.014838359615788988,0.03687026925861141,0.0054451682786098715,0.01613443705696161,0.025173706186195334,0.023328494800232007,0.009631474405428511,0.016882407230729122,0.02873307993842187,0.02556553963901501,0.0,-0.0213454467200919,-0.029238473352424486,-0.032041779464354984,0.0019341076111943872,0.013208929933204928,-0.03329316421608373,0.008302497856213294,0.024862221865133545,0.0039079013974567785,0.012159303886705745,0.007510772247911715,-0.027093771035884003,0.012401077963204507,0.013201868863282127,0.013327151545970816
S15_D13 hbo,0.04396958154293142,-0.0036601650730035897,-0.04275140913334832,-0.011680267574210356,-0.039090657771796725,-0.027517507580184262,-0.004961223871094996,0.01410449670620496,0.004708950775329476,-0.004655144275882982,-0.052789852216104174,-0.004655144275882982,-0.0428585837363,0.0485173711788042,0.004708950775329476,0.029863067101722207,-0.0007464289513624137,-0.0017288645723790893,-0.0052404002165837614,-0.004069888335182203,0.004708950775329476,-0.01937415595817802,0.003538438893927917,-0.0034846323944814272,-0.009951652130448515,-0.02525591975344432,-0.022300435661681904,0.037277532173299543,0.007523748873547112,0.03267480747654101,0.025539563688093965,0.03557940553112308,0.024760524771161977,0.012965152300935387,0.01794558635484768,0.02038472586609866,0.0,-0.02509474674278269,-0.0016453893533534914,-0.03411419480001918,0.004948534527087544,-0.0027809206900915855,-0.04911944469977314,0.01263729023229833,0.015168444458373766,0.009503848204535363,0.029065742372436466,-0.0023381227820229336,-0.0330231188546808,0.013264509377077417,8.04869361853742e-05,0.021448560511051994
S15_D15 hbo,0.005318219795400167,-0.029035073389783967,0.014774235328305583,0.035150170833292624,0.05375591299833044,-0.017258992697018753,-0.02662895841318456,0.06168974447816669,0.0058471303407456226,-0.004731080566163469,0.03365731227520317,-0.003144348930127105,0.03191131825673808,-0.025182275472313408,0.00666233191522302,-0.0007602604910203097,0.00516246635244002,-0.003144348930127105,-0.005502610627722435,-0.002615438384781649,0.0058471303407456226,-0.01291722106386127,0.005318219795400167,0.027406506611512137,-0.00779185102347136,-0.03617332111885227,0.02619293207786109,0.047172432425876806,0.028924157206186605,-0.031030010916538706,0.0002782165591324654,-0.025182275472313408,-0.017258992697018753,0.04638826167554419,-0.030923323850163702,-0.0447148693380451,0.0,-0.019972149512524427,-0.015183957969534081,0.04197169231480679,0.042204830591784634,-0.054077300166932164,0.013764142256344298,-0.030637032821031758,-0.00842278991652267,-0.01639063837038725,-0.01552228404375576,-0.026978330516532017,0.021445375656147205,-0.01465392971712426,-0.01933681260735322,-0.01567226106098239
S15_D16 hbo,0.020225099401070756,-0.01015368438893102,-0.032178582193418785,0.006164501818970629,-0.021405343455536237,-0.021529325434408945,-0.00959796453314555,0.002972323558279373,-0.0010232741512042989,-0.0010232741512042989,-0.03412532609672223,-0.0017530859651088836,-0.02767750973206875,0.031786358774060615,-0.01583104035116852,0.011552485753889558,0.011814202140556486,0.025765878225351938,-0.017121183620550658,-0.0010232741512042989,-0.0010232741512042989,-0.01745887126866458,-0.0023958517999538957,-0.019475487820999303,0.003933426855355342,-0.01612981660944476,-0.010580604053339366,0.03709148470142842,0.009213959422280498,0.01608503158276399,0.02481360167275558,0.021190905849373744,0.013039248508760178,0.021447652386312178,0.03317214919926046,0.0312779888160578,0.0,-0.018234181462123463,-0.03233586384766679,-0.02657169091634037,0.005686049061391959,0.018713519051907608,-0.02884801884968063,0.00850627623848296,0.015055319524016692,-0.0035622222583260852,0.0135337448706697,-0.002202891777784371,-0.022414190771536453,5.174755349123071e-05,0.001155451078401601,0.011427427766847534
S16_D14 hbo,0.03668068878156041,-0.021217823205846875,-0.021948964625547112,-0.015293192729197118,-0.029286948334218788,-0.015750771565869615,-0.020554675683042267,0.025445630284512022,0.00586732640193655,-0.003143042531269942,-0.03495109362594069,-0.00194166000684241,-0.015820462330737594,0.020599690228140632,0.00586732640193655,0.026346026308869057,-0.01292039578798102,-0.002542351269056174,-0.00374373379348371,-0.00194166000684241,0.00586732640193655,-0.010346247073918072,0.00586732640193655,0.0018908607433690003,-0.024932524164283987,-0.03196434504172424,-0.015608938655530922,0.04503413083409661,0.009382456109864967,0.015659664514146455,0.005616189942027971,0.0070418107811061285,0.026615860838182157,0.017226258174008545,0.021934938623501696,0.0012656136781189872,0.0,-0.01775772333069792,0.0045458031016494035,-0.019985161156235165,0.010977045431493653,-0.020785089970553648,-0.046958131398326594,0.019469869633131794,0.023219924016436657,0.01596958300583244,0.0338622236011869,0.0033965278517276167,-0.03156628506755991,0.02259271504952052,-0.024967219967337466,0.027685624181813705
S16_D16 hbo,0.03699300373074937,-0.009725442435391826,-0.047542835180646864,0.0074068431713237015,-0.03931797352671925,-0.032257828640968024,-0.010494621255540963,-0.0008105369109001467,0.00016999586475329118,0.00016999586475329118,-0.04937525289683271,-0.0005850166333330744,-0.041046934687752605,0.05059960337806283,-0.000589738740687333,0.023214556953718064,-0.0015157713013036777,0.0039450583551851074,-0.002104485844214319,0.00016999586475329118,0.00016999586475329118,-0.02427551368867233,-0.001340029131419436,0.0009250083628396529,-0.004455115661985551,-0.02965563771349754,-0.01673011081516296,0.04142169536474438,0.006321530374815177,0.02915423118978894,0.025071241979540512,0.03373306891870856,0.020316251434770553,0.008821416362958114,0.021849258530800053,0.02258314019399421,0.0,-0.025119816419848406,-0.010420213443869522,-0.031597688096608005,0.00030020323135737014,-0.00041853078827164145,-0.04400945977856458,0.01609499723533822,0.023444232463039033,0.009500445336735153,0.022627881565657697,0.012257638739708279,-0.029745787559869633,0.01891022838857543,0.01901832400899276,-0.0020555015783559616
