,Fp1,Fz,F3,F7,FT9,FC5,FC1,C3,T7,TP9,CP5,CP1,Pz,P3,P7,O1,Oz,O2,P4,P8,TP10,CP6,CP2,Cz,C4,T8,FT10,FC6,FC2,F4,F8,AF7,AF3,AFz,F1,F5,FT7,FC3,C1,C5,TP7,CP3,P1,P5,PO7,PO3,POz,PO4,PO8,P6,P2,CPz,CP4,TP8,C6,C2,FC4,FT8,F6,AF8,AF4,F2,FCz
Fp1,0.06317611423626136,0.012548680225010819,0.0017308524448290783,0.0017308524448290783,0.0017308524448290783,0.011683254002596278,0.00865426222414539,0.0008654262224145391,0.009519688446559932,0.018606663781912593,0.010817827780181739,0.01125054089138901,0.015577672003461706,0.014712245781047165,0.02206836867157075,0.019039376893119863,0.0199048031155344,0.02033751622674167,0.03028991778450887,0.0073561228905235825,0.024231934227607096,0.018173950670705322,0.026828212894850715,0.009519688446559932,0.021635655560363478,0.03504976200778884,0.0034617048896581565,0.011683254002596278,0.0073561228905235825,0.0017308524448290783,0.0099524015577672,0.021635655560363478,0.016875811337083515,0.03028991778450887,0.014712245781047165,0.013414106447425357,0.026828212894850715,0.021635655560363478,0.019039376893119863,0.01947209000432713,0.005625270445694505,0.027260926006057985,0.014712245781047165,0.017741237559498052,0.01730852444829078,0.026395499783643445,0.013846819558632626,0.014712245781047165,0.024231934227607096,0.024231934227607096,0.0034617048896581565,0.0008654262224145391,0.003028991778450887,0.024231934227607096,0.01038511466897447,0.0017308524448290783,0.0008654262224145391,0.011683254002596278,0.02293379489398529,0.04110774556469061,0.02077022933794894,0.0017308524448290783,0.016010385114668974
Fz,0.010663112295901367,0.04931689436854382,0.011329556814395202,0.01432855714761746,0.01432855714761746,0.0013328890369876708,0.032322559146951015,0.015661446184605132,0.00866377874041986,0.02432522492502499,0.009996667777407531,0.023658780406531157,0.02032655781406198,0.00866377874041986,0.01732755748083972,0.010996334555148283,0.011329556814395202,0.013328890369876709,0.015328223925358214,0.01432855714761746,0.004998333888703766,0.019326891036321226,0.01166277907364212,0.025324891702765744,0.005664778407197601,0.010996334555148283,0.022659113628790403,0.000999666777740753,0.024991669443518827,0.009663445518160613,0.035654781739420195,0.0,0.036654448517160945,0.0,0.030656447850716428,0.03332222592469177,0.006997667444185272,0.02599133622125958,0.012329223592135955,0.013995334888370544,0.00866377874041986,0.021992669110296566,0.016327890703098966,0.011996001332889037,0.01432855714761746,0.013995334888370544,0.025324891702765744,0.02032655781406198,0.004998333888703766,0.004998333888703766,0.004665111629456847,0.027657447517494167,0.019660113295568143,0.004998333888703766,0.03365544818393869,0.026324558480506497,0.02165944685104965,0.0016661112962345886,0.02432522492502499,0.000999666777740753,0.005998000666444518,0.02032655781406198,0.005664778407197601
F3,0.0011312217194570137,0.013574660633484163,0.05505279034690799,0.027149321266968326,0.03733031674208145,0.023755656108597284,0.01546003016591252,0.020739064856711915,0.0222473604826546,0.0030165912518853697,0.017345399698340876,0.019230769230769232,0.01847662141779789,0.026018099547511313,0.00641025641025641,0.005656108597285068,0.008672699849170438,0.007541478129713424,0.006033182503770739,0.020361990950226245,0.005656108597285068,0.016968325791855202,0.003393665158371041,0.007541478129713424,0.015082956259426848,0.0011312217194570137,0.03129713423831071,0.0196078431372549,0.020739064856711915,0.02262443438914027,0.01546003016591252,0.024886877828054297,0.012066365007541479,0.013574660633484163,0.011312217194570135,0.017722473604826545,0.008672699849170438,0.006787330316742082,0.007918552036199095,0.010180995475113122,0.0222473604826546,0.010558069381598794,0.01847662141779789,0.010180995475113122,0.007918552036199095,0.011689291101055807,0.023378582202111614,0.02564102564102564,0.005656108597285068,0.005279034690799397,0.016591251885369532,0.03582202111613876,0.03092006033182504,0.005279034690799397,0.017722473604826545,0.01847662141779789,0.024509803921568627,0.0007541478129713424,0.005279034690799397,0.007541478129713424,0.023378582202111614,0.026772247360482653,0.01809954751131222
F7,0.0021654395842356,0.019055868341273277,0.030749242096145518,0.0454742312689476,0.03724556084885232,0.0008661758336942399,0.028150714595062798,0.02858380251190992,0.0021654395842356,0.0,0.010827197921177999,0.02858380251190992,0.024252923343438718,0.00129926375054136,0.01169337375487224,0.00043308791684711995,0.0017323516673884798,0.006063230835859679,0.0043308791684712,0.021654395842355997,0.006929406669553919,0.027717626678215677,0.004763967085318319,0.01126028583802512,0.00996102208748376,0.0034647033347769596,0.036812472932005194,0.00563014291901256,0.030316154179298397,0.029449978345604158,0.02078822000866176,0.0021654395842356,0.021654395842355997,0.0,0.017756604590731917,0.031182330012992636,0.0,0.013425725422260719,0.01126028583802512,0.010827197921177999,0.015158077089649198,0.019055868341273277,0.025552187093980078,0.01429190125595496,0.0034647033347769596,0.0129926375054136,0.022953659592897357,0.029016890428757037,0.006929406669553919,0.006929406669553919,0.014724989172802079,0.036812472932005194,0.0346470333477696,0.006929406669553919,0.0259852750108272,0.03161541792983976,0.02858380251190992,0.0,0.009094846253789519,0.00129926375054136,0.02122130792550888,0.031182330012992636,0.0008661758336942399
FT9,0.0020635575732562937,0.018572018159306643,0.03962030540652084,0.035905901774659514,0.05076351630210483,0.010730499380932727,0.024349979364424266,0.02765167148163434,0.014857614527445316,0.0,0.011143210895583986,0.02352455633512175,0.022286421791167972,0.011555922410235245,0.010317787866281469,0.0004127115146512588,0.0012381345439537762,0.006190672719768881,0.004952538175815105,0.017746595130004126,0.006190672719768881,0.023937267849773007,0.005365249690466364,0.008666941807676434,0.00990507635163021,0.0020635575732562937,0.03962030540652084,0.011968633924886504,0.029302517540239374,0.02352455633512175,0.01981015270326042,0.011555922410235245,0.018159306644655385,0.009079653322327692,0.01692117210070161,0.024349979364424266,0.0,0.011555922410235245,0.011555922410235245,0.006603384234420141,0.018159306644655385,0.01361947998349154,0.024762690879075525,0.012794056954189021,0.002888980602558811,0.011968633924886504,0.017333883615352867,0.024762690879075525,0.006190672719768881,0.006190672719768881,0.011555922410235245,0.041271151465125874,0.031366075113495664,0.006190672719768881,0.021873710276516713,0.025588113908378042,0.02352455633512175,0.0,0.009079653322327692,0.006603384234420141,0.022286421791167972,0.026826248452331822,0.011143210895583986
FC5,0.021292217327459617,0.005139500734214391,0.04698972099853157,0.0022026431718061676,0.019823788546255508,0.07121879588839941,0.0007342143906020558,0.0007342143906020558,0.0513950073421439,0.011747430249632892,0.02276064610866373,0.0007342143906020558,0.002936857562408223,0.05873715124816446,0.0,0.023494860499265784,0.03010279001468429,0.016886930983847283,0.008076358296622614,0.011013215859030838,0.021292217327459617,0.0007342143906020558,0.002936857562408223,0.008076358296622614,0.011747430249632892,0.015418502202643172,0.012481644640234948,0.037444933920704845,0.0022026431718061676,0.0014684287812041115,0.005873715124816446,0.05286343612334802,0.002936857562408223,0.02569750367107195,0.0007342143906020558,0.0022026431718061676,0.041116005873715125,0.0,0.003671071953010279,0.012481644640234948,0.02569750367107195,0.004405286343612335,0.0,0.002936857562408223,0.014684287812041116,0.012481644640234948,0.024963289280469897,0.006607929515418502,0.021292217327459617,0.021292217327459617,0.018355359765051395,0.027900146842878122,0.011013215859030838,0.021292217327459617,0.004405286343612335,0.002936857562408223,0.010279001468428781,0.00881057268722467,0.0007342143906020558,0.033773861967694566,0.006607929515418502,0.013950073421439061,0.0381791483113069
FC1,0.006937874487543362,0.029959003468937245,0.01261431725007884,0.021128981393882057,0.01860611794386629,0.0,0.051718700725323245,0.014191106906338695,0.001892147587511826,0.014506464837590665,0.007568590350047304,0.027436140018921477,0.019552191737622203,0.003784295175023652,0.012929675181330811,0.004099653106275623,0.002522863450015768,0.006622516556291391,0.007253232418795333,0.01608325449385052,0.008830022075055188,0.029959003468937245,0.008199306212551246,0.020813623462630087,0.004415011037527594,0.007568590350047304,0.036266162093976664,0.002522863450015768,0.030274361400189215,0.01229895931882687,0.03185115105644907,0.0,0.03279722485020498,0.0,0.027751497950173447,0.033112582781456956,0.003784295175023652,0.01860611794386629,0.01671397035635446,0.014506464837590665,0.004730368968779565,0.017344686218858405,0.01608325449385052,0.011668243456322927,0.011037527593818985,0.007568590350047304,0.03500473036896878,0.021128981393882057,0.008830022075055188,0.008830022075055188,0.017660044150110375,0.04005045726900031,0.027436140018921477,0.008830022075055188,0.03279722485020498,0.041627246925260174,0.01923683380637023,0.0,0.011668243456322927,0.000630715862503942,0.008830022075055188,0.02869757174392936,0.000630715862503942
C3,0.0015698587127158557,0.02511773940345369,0.02773417059131345,0.03453689167974882,0.035583464154892726,0.0,0.024071166928309785,0.05389848246991104,0.009419152276295133,0.0015698587127158557,0.013082155939298797,0.03139717425431711,0.027210884353741496,0.0031397174254317113,0.012558869701726845,0.0,0.0031397174254317113,0.011512297226582941,0.004186289900575615,0.030350601779173206,0.0015698587127158557,0.0282574568288854,0.0141287284144427,0.02040816326530612,0.018838304552590265,0.0,0.03296703296703297,0.0015698587127158557,0.029304029304029304,0.02511773940345369,0.024594453165881738,0.0,0.015698587127158554,0.0005232862375719519,0.013605442176870748,0.02511773940345369,0.0015698587127158557,0.011512297226582941,0.0,0.00837257980115123,0.018838304552590265,0.015175300889586603,0.026164311878597593,0.013082155939298797,0.008895866038723181,0.017791732077446363,0.018315018315018316,0.03087388801674516,0.0015698587127158557,0.0015698587127158557,0.0015698587127158557,0.03192046049188906,0.032443746729461015,0.0015698587127158557,0.021454735740450027,0.026687598116169546,0.038199895342752484,0.0,0.009419152276295133,0.0,0.02250130821559393,0.02564102564102564,0.013082155939298797
T7,0.01309823677581864,0.012594458438287154,0.027707808564231738,0.0020151133501259445,0.01712846347607053,0.03526448362720403,0.0025188916876574307,0.01057934508816121,0.06801007556675064,0.016120906801007556,0.018639798488664986,0.008060453400503778,0.013602015113350126,0.03828715365239295,0.0,0.019143576826196475,0.030226700251889168,0.025692695214105794,0.015113350125944584,0.020151133501259445,0.014105793450881612,0.0015113350125944584,0.018639798488664986,0.028211586901763223,0.0181360201511335,0.010075566750629723,0.01057934508816121,0.022670025188916875,0.02115869017632242,0.0,0.011083123425692695,0.036272040302267,0.00654911838790932,0.027707808564231738,0.008060453400503778,0.0025188916876574307,0.024181360201511334,0.003526448362720403,0.0015113350125944584,0.004030226700251889,0.028211586901763223,0.008060453400503778,0.0025188916876574307,0.006045340050377834,0.015617128463476071,0.015617128463476071,0.01964735516372796,0.008060453400503778,0.014105793450881612,0.014105793450881612,0.01309823677581864,0.027204030226700253,0.00906801007556675,0.014105793450881612,0.011586901763224182,0.006045340050377834,0.020151133501259445,0.005037783375314861,0.009571788413098237,0.021662468513853905,0.008564231738035265,0.011083123425692695,0.04634760705289673
TP9,0.021067415730337078,0.032303370786516857,0.0028089887640449437,0.0,0.0,0.008426966292134831,0.019662921348314606,0.0009363295880149813,0.013108614232209739,0.05664794007490637,0.012640449438202247,0.009831460674157303,0.008426966292134831,0.027153558052434457,0.02247191011235955,0.02949438202247191,0.032303370786516857,0.019194756554307114,0.02200374531835206,0.008895131086142321,0.012172284644194757,0.019194756554307114,0.012640449438202247,0.02762172284644195,0.010299625468164793,0.013108614232209739,0.010299625468164793,0.009831460674157303,0.011235955056179775,0.0,0.02762172284644195,0.006086142322097378,0.026685393258426966,0.0032771535580524347,0.030430711610486893,0.020131086142322098,0.02902621722846442,0.024344569288389514,0.018726591760299626,0.018258426966292134,0.01544943820224719,0.018726591760299626,0.007958801498127341,0.01638576779026217,0.015917602996254682,0.01638576779026217,0.017790262172284643,0.011235955056179775,0.012172284644194757,0.012172284644194757,0.012172284644194757,0.017790262172284643,0.007022471910112359,0.012172284644194757,0.025280898876404494,0.0149812734082397,0.015917602996254682,0.01451310861423221,0.02902621722846442,0.004213483146067416,0.0028089887640449437,0.008895131086142321,0.012640449438202247
CP5,0.013734812466983624,0.016904384574749076,0.02377179080824089,0.013734812466983624,0.014263074484944533,0.01584786053882726,0.013734812466983624,0.013734812466983624,0.01954569466455362,0.014791336502905442,0.06075013206550449,0.01584786053882726,0.014263074484944533,0.016904384574749076,0.010036978341257264,0.004226096143687269,0.016376122556788168,0.02324352879027998,0.01531959852086635,0.012150026413100899,0.008452192287374538,0.02324352879027998,0.009508716323296355,0.014791336502905442,0.024300052826201797,0.016376122556788168,0.01954569466455362,0.013206550449022716,0.012150026413100899,0.009508716323296355,0.020073956682514528,0.013206550449022716,0.017432646592709985,0.006867406233491812,0.01531959852086635,0.021658742736397254,0.01954569466455362,0.018489170628631802,0.010036978341257264,0.008980454305335447,0.02271526677231907,0.007395668251452721,0.025356576862123614,0.001584786053882726,0.03116745905969361,0.025356576862123614,0.01901743264659271,0.01901743264659271,0.008452192287374538,0.008452192287374538,0.025356576862123614,0.020602218700475437,0.01584786053882726,0.008452192287374538,0.016376122556788168,0.0021130480718436345,0.01954569466455362,0.0021130480718436345,0.012678288431061807,0.005282620179609086,0.017432646592709985,0.012678288431061807,0.021130480718436345
CP1,0.009478672985781991,0.025884068538096973,0.01786365293474298,0.024061246810061977,0.02041560335399198,0.0,0.031717098067808966,0.022602989427633977,0.005833029529711994,0.008020415603353991,0.00984323733138899,0.04885162231133795,0.02989427633977397,0.001093693036820999,0.02187386073641998,0.0018228217280349982,0.001093693036820999,0.005468465184104995,0.01020780167699599,0.02005103900838498,0.006562158220925993,0.02843601895734597,0.017134524243528983,0.025884068538096973,0.01020780167699599,0.012759752096244987,0.023332118118847976,0.002916514764855997,0.029165147648559972,0.01786365293474298,0.02005103900838498,0.0,0.028800583302952973,0.0,0.016405395552314985,0.029165147648559972,0.004374772147283996,0.02150929639081298,0.012395187750637988,0.022967553773240976,0.007655851257746992,0.026977761574917974,0.022238425082026978,0.01786365293474298,0.01093693036820999,0.01932191031717098,0.02150929639081298,0.025884068538096973,0.006562158220925993,0.006562158220925993,0.005103900838497995,0.024425811155668976,0.023696682464454975,0.006562158220925993,0.028800583302952973,0.024790375501275976,0.022238425082026978,0.0,0.016405395552314985,0.001093693036820999,0.012030623405030989,0.017499088589135983,0.005833029529711994
Pz,0.011722565939433409,0.01986323673070661,0.015630087919244546,0.01823510257245197,0.017258222077499184,0.0006512536633018561,0.021165744057310323,0.017258222077499184,0.008791924454575058,0.007489417127971344,0.008791924454575058,0.02800390752197981,0.051123412569195704,0.0065125366330185605,0.020840117225659396,0.005861282969716704,0.007163790296320417,0.011722565939433409,0.014978834255942689,0.014001953760989906,0.015955714750895474,0.017909475740801043,0.021165744057310323,0.01660696841419733,0.011396939107782481,0.011722565939433409,0.01953760989905568,0.010745685444480626,0.02507326603712146,0.016932595245848257,0.017909475740801043,0.0035818951481602084,0.024422012373819604,0.006838163464669489,0.020188863562357537,0.022793878215564962,0.006838163464669489,0.017909475740801043,0.01953760989905568,0.015955714750895474,0.0039075219798111365,0.02474763920547053,0.017258222077499184,0.019211983067404754,0.0162813415825464,0.0185607294041029,0.014327580592640833,0.021165744057310323,0.015955714750895474,0.015955714750895474,0.017909475740801043,0.015304461087593618,0.01823510257245197,0.015955714750895474,0.02181699772061218,0.02377075871051775,0.017583848909150115,0.005535656138065777,0.013025073266037121,0.004558775643112993,0.010745685444480626,0.020514490394008468,0.017583848909150115
P3,0.01633045148895293,0.012007684918347743,0.03362151777137368,0.0019212295869356388,0.013448607108549471,0.0393852065321806,0.006243996157540826,0.002881844380403458,0.03650336215177714,0.027377521613832854,0.01681075888568684,0.0019212295869356388,0.009606147934678195,0.06580211335254563,0.012968299711815562,0.0345821325648415,0.03602305475504323,0.0196926032660903,0.01825168107588857,0.01729106628242075,0.010086455331412104,0.007684918347742555,0.009125840537944284,0.010566762728146013,0.010566762728146013,0.010086455331412104,0.011527377521613832,0.024975984630163303,0.004803073967339097,0.0004803073967339097,0.011047070124879923,0.03554274735830932,0.008645533141210375,0.01825168107588857,0.010086455331412104,0.004803073967339097,0.03506243996157541,0.005763688760806916,0.012968299711815562,0.01825168107588857,0.021613832853025938,0.0038424591738712775,0.0,0.014889529298751201,0.01536983669548511,0.011047070124879923,0.020172910662824207,0.004322766570605188,0.010086455331412104,0.010086455331412104,0.01921229586935639,0.024495677233429394,0.009125840537944284,0.010086455331412104,0.013448607108549471,0.008645533141210375,0.01440922190201729,0.01729106628242075,0.01633045148895293,0.01681075888568684,0.005283381364073006,0.01440922190201729,0.03602305475504323
P7,0.022531160115052733,0.02348993288590604,0.007670182166826462,0.012464046021093002,0.01102588686481304,0.0,0.018696069031639503,0.011505273250239693,0.0,0.022531160115052733,0.008149568552253116,0.026366251198465963,0.028763183125599234,0.013422818791946308,0.05081495685522531,0.019175455417066157,0.017737296260786194,0.003835091083413231,0.018696069031639503,0.011505273250239693,0.004314477468839885,0.02348993288590604,0.017737296260786194,0.009108341323106424,0.009587727708533078,0.023969319271332695,0.008149568552253116,0.00862895493767977,0.01102588686481304,0.011984659635666348,0.01821668264621285,0.003355704697986577,0.02732502396931927,0.007670182166826462,0.024928092042186004,0.02444870565675935,0.020613614573346116,0.030680728667305847,0.023969319271332695,0.027804410354745925,0.0,0.029721955896452542,0.02828379674017258,0.03978906999041227,0.007190795781399808,0.02205177372962608,0.017737296260786194,0.023010546500479387,0.004314477468839885,0.004314477468839885,0.007190795781399808,0.009587727708533078,0.016778523489932886,0.004314477468839885,0.018696069031639503,0.012464046021093002,0.01102588686481304,0.017737296260786194,0.025407478427612654,0.006232023010546501,0.008149568552253116,0.012464046021093002,0.008149568552253116
O1,0.026611472501478415,0.018923713778829097,0.008870490833826138,0.0011827321111768185,0.0011827321111768185,0.018332347723240685,0.008870490833826138,0.0,0.019515079834417505,0.03489059727971614,0.005322294500295683,0.004139562389118865,0.010644589000591367,0.039621525724423415,0.0254287403903016,0.0638675340035482,0.04021289178001183,0.027794204612655235,0.026020106445890007,0.01655824955647546,0.012418687167356593,0.007096392667060911,0.01537551744529864,0.01655824955647546,0.01714961561206387,0.01537551744529864,0.0035481963335304554,0.010053222945002957,0.011827321111768185,0.0,0.01537551744529864,0.01655824955647546,0.01596688350088705,0.01537551744529864,0.02365464222353637,0.010053222945002957,0.03548196333530455,0.017740981667652277,0.024837374334713187,0.02365464222353637,0.014192785334121822,0.008870490833826138,0.004730928444707274,0.024837374334713187,0.010053222945002957,0.014192785334121822,0.021289178001182733,0.013010053222945003,0.012418687167356593,0.012418687167356593,0.0029568302779420462,0.00768775872264932,0.008870490833826138,0.012418687167356593,0.01478415138971023,0.00768775872264932,0.00827912477823773,0.027794204612655235,0.028385570668243643,0.01596688350088705,0.002365464222353637,0.0035481963335304554,0.01714961561206387
Oz,0.022933588150979456,0.016722408026755852,0.011466794075489728,0.002866698518872432,0.0019111323459149545,0.019589106545628284,0.004300047778308648,0.002866698518872432,0.025322503583373148,0.03296703296703297,0.014811275680840898,0.0019111323459149545,0.009555661729574774,0.03392259913999045,0.017677974199713332,0.03296703296703297,0.05828953655040611,0.025800286669851888,0.033444816053511704,0.001433349259436216,0.022933588150979456,0.009077878643096034,0.010033444816053512,0.01098901098901099,0.01385570950788342,0.01433349259436216,0.005255613951266125,0.018633540372670808,0.008122312470138558,0.0009555661729574773,0.018633540372670808,0.018633540372670808,0.01433349259436216,0.011944577161968466,0.023889154323936932,0.008122312470138558,0.037267080745341616,0.008122312470138558,0.020544672718585764,0.014811275680840898,0.02771141901576684,0.010033444816053512,0.0023889154323936935,0.02150023889154324,0.018633540372670808,0.012900143334925944,0.010033444816053512,0.0,0.022933588150979456,0.022933588150979456,0.01098901098901099,0.01385570950788342,0.002866698518872432,0.022933588150979456,0.017677974199713332,0.007644529383659818,0.01051122790253225,0.02150023889154324,0.02197802197802198,0.013377926421404682,0.009555661729574774,0.012422360248447204,0.024366937410415672
O2,0.020452567449956483,0.020452567449956483,0.008703220191470844,0.006962576153176675,0.007832898172323759,0.008703220191470844,0.010879025239338555,0.010443864229765013,0.02132288946910357,0.017406440382941687,0.0195822454308094,0.008703220191470844,0.017406440382941687,0.016536118363794605,0.0039164490861618795,0.022628372497824196,0.024804177545691905,0.06744995648389904,0.023933855526544822,0.008703220191470844,0.02349869451697128,0.008268059181897302,0.016971279373368148,0.022193211488250653,0.02959094865100087,0.02175805047867711,0.016536118363794605,0.006962576153176675,0.018711923411662314,0.004786771105308964,0.02610966057441253,0.012619669277632724,0.018711923411662314,0.018276762402088774,0.028285465622280244,0.015665796344647518,0.013489991296779809,0.018276762402088774,0.008268059181897302,0.0073977371627502175,0.019147084421235857,0.009573542210617928,0.012184508268059183,0.002175805047867711,0.02175805047867711,0.020887728459530026,0.0073977371627502175,0.005221932114882507,0.02349869451697128,0.023063533507397736,0.013489991296779809,0.009573542210617928,0.0073977371627502175,0.023063533507397736,0.02132288946910357,0.010008703220191472,0.008703220191470844,0.004351610095735422,0.016971279373368148,0.014795474325500435,0.009573542210617928,0.005221932114882507,0.02741514360313316
P4,0.030776092774308653,0.01873327386262266,0.005798394290811775,0.003568242640499554,0.004014272970561998,0.004014272970561998,0.00936663693131133,0.0026761819803746653,0.013826940231935772,0.02096342551293488,0.011150758251561105,0.012042818911685994,0.01873327386262266,0.01650312221231044,0.01650312221231044,0.02096342551293488,0.031222123104371096,0.02408563782337199,0.06378233719892953,0.004014272970561998,0.029438001784121322,0.0191793041926851,0.014719000892060661,0.007136485280999108,0.015611061552185548,0.02230151650312221,0.013380909901873328,0.0044603033006244425,0.014272970561998216,0.00044603033006244426,0.021409455842997322,0.00936663693131133,0.024531668153434435,0.015611061552185548,0.025423728813559324,0.01784121320249777,0.017395182872435324,0.02096342551293488,0.024977698483496878,0.021855486173059768,0.011150758251561105,0.016057091882247992,0.010258697591436218,0.020517395182872437,0.03345227475468332,0.016057091882247992,0.012934879571810883,0.0,0.029438001784121322,0.028991971454058876,0.0,0.006690454950936664,0.0013380909901873326,0.028545941123996433,0.02230151650312221,0.006244424620874219,0.007136485280999108,0.010258697591436218,0.024531668153434435,0.015165031222123104,0.008028545941123996,0.004906333630686887,0.012934879571810883
P8,0.008353808353808353,0.020638820638820637,0.02506142506142506,0.02506142506142506,0.021621621621621623,0.007371007371007371,0.025552825552825554,0.029975429975429974,0.01769041769041769,0.008845208845208846,0.011793611793611793,0.026535626535626536,0.020147420147420148,0.0171990171990172,0.012285012285012284,0.013267813267813268,0.0019656019656019656,0.008845208845208846,0.004422604422604423,0.0683046683046683,0.0,0.03194103194103194,0.012776412776412777,0.019164619164619166,0.015233415233415233,0.0029484029484029483,0.02407862407862408,0.0,0.01818181818181818,0.0171990171990172,0.01769041769041769,0.011302211302211302,0.01425061425061425,0.009336609336609337,0.010319410319410319,0.020638820638820637,0.0029484029484029483,0.013759213759213759,0.0,0.011793611793611793,0.004422604422604423,0.011793611793611793,0.019656019656019656,0.014742014742014743,0.010810810810810811,0.010810810810810811,0.033906633906633905,0.027518427518427518,0.0,0.0,0.022604422604422605,0.033906633906633905,0.02702702702702703,0.0,0.026535626535626536,0.026044226044226043,0.0343980343980344,0.0009828009828009828,0.010319410319410319,0.008353808353808353,0.013267813267813268,0.020147420147420148,0.01425061425061425
TP10,0.023444160272804774,0.0068201193520886615,0.005967604433077579,0.007246376811594203,0.0068201193520886615,0.011508951406649617,0.011935208866155157,0.0008525149190110827,0.010656436487638534,0.00980392156862745,0.00639386189258312,0.0076726342710997444,0.021312872975277068,0.008951406649616368,0.0038363171355498722,0.00980392156862745,0.0196078431372549,0.023444160272804774,0.027280477408354646,0.0,0.06180733162830349,0.01875532821824382,0.023017902813299233,0.01619778346121057,0.021312872975277068,0.021312872975277068,0.01875532821824382,0.014066496163682864,0.018329070758738276,0.005115089514066497,0.0123614663256607,0.010656436487638534,0.023444160272804774,0.01278772378516624,0.023017902813299233,0.0123614663256607,0.01619778346121057,0.01278772378516624,0.023017902813299233,0.0123614663256607,0.00937766410912191,0.022591645353793693,0.0038363171355498722,0.00980392156862745,0.018329070758738276,0.014066496163682864,0.011082693947144074,0.004688832054560955,0.06180733162830349,0.06180733162830349,0.010230179028132993,0.008525149190110827,0.00639386189258312,0.061381074168797956,0.017050298380221655,0.014066496163682864,0.0034100596760443308,0.00639386189258312,0.002131287297527707,0.017050298380221655,0.011508951406649617,0.00980392156862745,0.013640238704177323
CP6,0.013364517206815904,0.018710324089542266,0.014700968927497494,0.02104911460073505,0.01971266288005346,0.0,0.030738389575676577,0.018376211159371866,0.0006682258603407952,0.013364517206815904,0.0136986301369863,0.025726695623120615,0.01804209822920147,0.0053458068827263614,0.016371533578349484,0.003007016371533578,0.005679919812896759,0.005679919812896759,0.014700968927497494,0.020046775810223856,0.014366855997327097,0.055128633478115606,0.0136986301369863,0.01269629134647511,0.01971266288005346,0.006682258603407952,0.0273972602739726,0.0010023387905111927,0.023387905111927832,0.01269629134647511,0.018376211159371866,0.0,0.029401937854994988,0.0023387905111927833,0.021717340461075842,0.02639492148346141,0.006014032743067156,0.017039759438690277,0.014032743067156699,0.014700968927497494,0.009355162044771133,0.021383227530905446,0.021717340461075842,0.014366855997327097,0.01670564650851988,0.020046775810223856,0.026729034413631808,0.018376211159371866,0.014366855997327097,0.014366855997327097,0.016037420648179083,0.028399599064483794,0.01804209822920147,0.014032743067156699,0.028065486134313398,0.02539258269295022,0.023387905111927832,0.0,0.016037420648179083,0.005011693952555964,0.013030404276645506,0.01670564650851988,0.0026729034413631807
CP2,0.02839564600094652,0.017037387600567912,0.00473260766682442,0.005205868433506862,0.005679129200189304,0.00236630383341221,0.012304779933743492,0.01372456223379082,0.017510648367250355,0.012778040700425935,0.00946521533364884,0.023663038334122102,0.03076194983435873,0.008991954566966399,0.018457169900615238,0.012304779933743492,0.009938476100331283,0.01656412683388547,0.017510648367250355,0.01372456223379082,0.025082820634169428,0.02082347373402745,0.07098911500236631,0.03454803596781827,0.035967818267865596,0.01609086606720303,0.002839564600094652,0.001419782300047326,0.02129673450070989,0.003312825366777094,0.008518693800283956,0.00709891150023663,0.018457169900615238,0.022243256034074774,0.014671083767155703,0.010884997633696167,0.015617605300520587,0.019403691433980123,0.017510648367250355,0.01419782300047326,0.001419782300047326,0.03312825366777094,0.010411736867013724,0.013251301467108376,0.00946521533364884,0.017037387600567912,0.011358258400378608,0.019876952200662566,0.025082820634169428,0.02555608140085187,0.0,0.003312825366777094,0.00473260766682442,0.02555608140085187,0.021769995267392334,0.00709891150023663,0.01372456223379082,0.00709891150023663,0.01656412683388547,0.01656412683388547,0.017037387600567912,0.005205868433506862,0.0326549929010885
Cz,0.008903278025091057,0.03197086199919061,0.006879805746661271,0.010522055847834885,0.008903278025091057,0.004451639012545528,0.027519222986645085,0.016187778227438283,0.020234722784297856,0.024281667341157425,0.0113314447592068,0.02954269526507487,0.020234722784297856,0.008903278025091057,0.0084985835694051,0.012140833670578713,0.00971266693646297,0.02104411169566977,0.0056657223796034,0.017401861594496155,0.01537838931606637,0.016187778227438283,0.02954269526507487,0.06394172399838122,0.017401861594496155,0.006475111290975314,0.013354917037636584,0.0056657223796034,0.03358963982193444,0.0024281667341157424,0.023472278429785512,0.006879805746661271,0.024686361796843383,0.006070416835289356,0.018615944961554026,0.018615944961554026,0.012950222581950627,0.0169971671388102,0.0084985835694051,0.017401861594496155,0.0084985835694051,0.020234722784297856,0.010117361392148928,0.0016187778227438284,0.009307972480777013,0.017401861594496155,0.024281667341157425,0.017806556050182113,0.01537838931606637,0.01537838931606637,0.008903278025091057,0.026709834075273168,0.017806556050182113,0.01537838931606637,0.030352084176446782,0.02387697288547147,0.014973694860380412,0.003237555645487657,0.018211250505868068,0.003642250101173614,0.0004046944556859571,0.012950222581950627,0.02104411169566977
C4,0.02262879152623977,0.009629272989889264,0.01974000962927299,0.01059220028887819,0.01203659123736158,0.0077034183919114105,0.006740491092922484,0.017332691381800675,0.015406836783822821,0.010110736639383727,0.023591718825228696,0.013480982185844969,0.015406836783822821,0.009629272989889264,0.0091478093403948,0.013962445835339432,0.013480982185844969,0.03225806451612903,0.017332691381800675,0.014443909484833895,0.023110255175734232,0.027924891670678863,0.036109773712084736,0.020221473278767454,0.07077515647568608,0.013962445835339432,0.011555127587867116,0.0014443909484833895,0.01974000962927299,0.007221954742416947,0.0077034183919114105,0.01636976408281175,0.008666345690900338,0.02888781896966779,0.011555127587867116,0.01203659123736158,0.013480982185844969,0.01059220028887819,0.0014443909484833895,0.014443909484833895,0.013962445835339432,0.02407318247472316,0.01781415503129514,0.006259027443428021,0.01781415503129514,0.03177660086663457,0.01203659123736158,0.023110255175734232,0.023110255175734232,0.02262879152623977,0.006259027443428021,0.008666345690900338,0.013962445835339432,0.022147327876745306,0.008666345690900338,0.0014443909484833895,0.013962445835339432,0.0009629272989889263,0.0091478093403948,0.01781415503129514,0.02407318247472316,0.0,0.028406355320173327
T8,0.04221635883905013,0.016358839050131926,0.0010554089709762533,0.0031662269129287598,0.0021108179419525065,0.010026385224274407,0.011609498680738786,0.0,0.00949868073878628,0.013720316622691292,0.014775725593667546,0.017414248021108178,0.017414248021108178,0.010554089709762533,0.026385224274406333,0.01424802110817942,0.016358839050131926,0.025857519788918207,0.024802110817941952,0.0036939313984168864,0.025329815303430078,0.010554089709762533,0.017941952506596307,0.008443271767810026,0.016886543535620052,0.06385224274406333,0.012664907651715039,0.015303430079155673,0.007387862796833773,0.002638522427440633,0.015303430079155673,0.018469656992084433,0.024802110817941952,0.02691292875989446,0.015303430079155673,0.02058047493403694,0.016358839050131926,0.024274406332453827,0.021108179419525065,0.01899736147757256,0.006860158311345646,0.025329815303430078,0.025329815303430078,0.015303430079155673,0.019525065963060684,0.030606860158311346,0.0079155672823219,0.0158311345646438,0.025329815303430078,0.025857519788918207,0.01108179419525066,0.0021108179419525065,0.010554089709762533,0.025857519788918207,0.010554089709762533,0.002638522427440633,0.002638522427440633,0.007387862796833773,0.010026385224274407,0.02955145118733509,0.018469656992084433,0.0005277044854881266,0.0063324538258575196
FT10,0.0028445006321112516,0.01991150442477876,0.026232616940581543,0.025916561314791402,0.03002528445006321,0.0050568900126422255,0.035398230088495575,0.019595448798988623,0.00663716814159292,0.007901390644753476,0.010429835651074588,0.019279393173198482,0.018963337547408345,0.008217446270543615,0.005372945638432364,0.0028445006321112516,0.0028445006321112516,0.010745891276864728,0.009481668773704172,0.014538558786346398,0.012642225031605562,0.025600505689001265,0.0015802781289506952,0.009165613147914033,0.007585335018963337,0.007901390644753476,0.05309734513274336,0.008533501896333754,0.03002528445006321,0.017699115044247787,0.025916561314791402,0.004424778761061947,0.025284450063211124,0.004424778761061947,0.02370417193426043,0.02781289506953224,0.0,0.014854614412136535,0.018963337547408345,0.007269279393173199,0.014854614412136535,0.009481668773704172,0.01706700379266751,0.009481668773704172,0.012642225031605562,0.009165613147914033,0.024336283185840708,0.02054361567635904,0.012642225031605562,0.012642225031605562,0.018331226295828066,0.0420353982300885,0.032237673830594185,0.012642225031605562,0.02465233881163085,0.03508217446270544,0.02307206068268015,0.0,0.005689001264222503,0.0037926675094816687,0.01801517067003793,0.02781289506953224,0.0050568900126422255
FC6,0.016476552598225603,0.0025348542458808617,0.031685678073510776,0.008238276299112801,0.018377693282636248,0.031685678073510776,0.005069708491761723,0.0012674271229404308,0.027249683143219267,0.015209125475285171,0.015209125475285171,0.005069708491761723,0.02091254752851711,0.032953105196451206,0.012674271229404309,0.010773130544993664,0.025982256020278833,0.011406844106463879,0.00697084917617237,0.0,0.021546261089987327,0.0025348542458808617,0.0025348542458808617,0.008871989860583017,0.0025348542458808617,0.018377693282636248,0.015842839036755388,0.06463878326996197,0.010139416983523447,0.020278833967046894,0.0063371356147021544,0.03231939163498099,0.008871989860583017,0.018377693282636248,0.013307984790874524,0.004435994930291508,0.028517110266159697,0.0025348542458808617,0.01394169835234474,0.004435994930291508,0.025982256020278833,0.010773130544993664,0.014575411913814956,0.010139416983523447,0.010773130544993664,0.024081115335868188,0.010139416983523447,0.02091254752851711,0.021546261089987327,0.021546261089987327,0.03358681875792142,0.02091254752851711,0.023447401774397972,0.021546261089987327,0.0025348542458808617,0.013307984790874524,0.008871989860583017,0.011406844106463879,0.0025348542458808617,0.022179974651457542,0.019011406844106463,0.026615969581749048,0.023447401774397972
FC2,0.005521273140630075,0.024358557973367976,0.01818772328678142,0.02240987333549854,0.02240987333549854,0.0006495615459564793,0.028580708022085094,0.018837284832737902,0.013316011692107827,0.008444300097434233,0.007469957778499512,0.025982461838259176,0.024358557973367976,0.0035725885027606367,0.008119519324455992,0.006170834686586554,0.006820396232543034,0.014615134784020786,0.011692107827216629,0.011692107827216629,0.012991230919129588,0.023384215654433257,0.014290354011042547,0.026307242611237416,0.013316011692107827,0.004871711594673595,0.03020461188697629,0.005521273140630075,0.05651185449821371,0.014290354011042547,0.02078596947060734,0.0012991230919129587,0.025982461838259176,0.003897369275738876,0.021760311789542058,0.023708996427411498,0.0022734654108476776,0.009418642416368951,0.018837284832737902,0.014615134784020786,0.016888600194868465,0.016239038648911984,0.015264696329977265,0.01136732705423839,0.004871711594673595,0.016888600194868465,0.02240987333549854,0.01948684637869438,0.012991230919129588,0.012991230919129588,0.01136732705423839,0.03572588502760637,0.02987983111399805,0.012991230919129588,0.023059434881455017,0.034426761935693405,0.01981162715167262,0.0,0.01104254628126015,0.001948684637869438,0.012991230919129588,0.020461188697629102,0.009418642416368951
F4,0.0017016449234259785,0.01758366420873511,0.03460011344299489,0.03970504821327283,0.032898468519568916,0.0011344299489506524,0.022688598979013045,0.028927963698241632,0.0,0.0,0.009642654566080544,0.02665910380034033,0.02949517867271696,0.0011344299489506524,0.015314804310833806,0.0,0.0017016449234259785,0.006806579693703914,0.0011344299489506524,0.01871809415768576,0.00737379466817924,0.02212138400453772,0.003970504821327283,0.003403289846851957,0.008508224617129892,0.003970504821327283,0.033465683494044246,0.01871809415768576,0.023255813953488372,0.04594441293250142,0.018150879183210438,0.0022688598979013048,0.02041973908111174,0.0028360748723766306,0.02041973908111174,0.030062393647192286,0.0,0.013045944412932501,0.011344299489506523,0.005672149744753261,0.01474758933635848,0.02212138400453772,0.024390243902439025,0.01758366420873511,0.0022688598979013048,0.01191151446398185,0.01871809415768576,0.039137833238797506,0.00737379466817924,0.00737379466817924,0.01588201928530913,0.02949517867271696,0.039137833238797506,0.00737379466817924,0.018150879183210438,0.030629608621667612,0.03119682359614294,0.0022688598979013048,0.007941009642654566,0.0022688598979013048,0.02949517867271696,0.03460011344299489,0.0011344299489506524
F8,0.0072992700729927005,0.03753910323253389,0.012165450121654502,0.01564129301355579,0.015293708724365659,0.0020855057351407717,0.03441084462982273,0.01564129301355579,0.0072992700729927005,0.021550225929787975,0.01251303441084463,0.018421967327076814,0.01737921445950643,0.0076468543621828295,0.013208202989224887,0.009384775808133473,0.013903371567605145,0.020507473062217587,0.0170316301703163,0.011817865832464372,0.010775112964893988,0.019464720194647202,0.005908932916232186,0.01981230448383733,0.005908932916232186,0.010427528675703858,0.029892248870351062,0.002780674313521029,0.021550225929787975,0.010427528675703858,0.049009384775808136,0.0006951685783802572,0.03753910323253389,0.0,0.03858185610010428,0.03441084462982273,0.008342022940563087,0.023288147375738616,0.011470281543274244,0.008689607229753215,0.011470281543274244,0.014250955856795273,0.013555787278415016,0.009384775808133473,0.018769551616266946,0.0076468543621828295,0.0267639902676399,0.019464720194647202,0.010775112964893988,0.010775112964893988,0.006604101494612443,0.029197080291970802,0.018074383037886686,0.010775112964893988,0.03475842891901286,0.02780674313521029,0.017726798748696558,0.0,0.017726798748696558,0.0,0.006604101494612443,0.024330900243309004,0.0038234271810914148
AF7,0.02891566265060241,0.0,0.04036144578313253,0.0030120481927710845,0.018072289156626505,0.045180722891566265,0.0,0.0,0.046987951807228916,0.00783132530120482,0.01746987951807229,0.0,0.007228915662650603,0.04578313253012048,0.004819277108433735,0.018072289156626505,0.02469879518072289,0.01746987951807229,0.012650602409638554,0.013855421686746987,0.016265060240963854,0.0,0.012048192771084338,0.01144578313253012,0.022289156626506025,0.02108433734939759,0.00783132530120482,0.033734939759036145,0.0030120481927710845,0.0024096385542168677,0.0024096385542168677,0.07771084337349397,0.0,0.05301204819277108,0.0,0.0,0.025903614457831327,0.0018072289156626507,0.004216867469879518,0.008433734939759036,0.020481927710843374,0.012650602409638554,0.00783132530120482,0.004819277108433735,0.00783132530120482,0.020481927710843374,0.01746987951807229,0.01566265060240964,0.016265060240963854,0.01566265060240964,0.018072289156626505,0.02289156626506024,0.010843373493975903,0.01566265060240964,0.007228915662650603,0.0,0.004819277108433735,0.00963855421686747,0.0,0.0427710843373494,0.020481927710843374,0.010843373493975903,0.04156626506024096
AF3,0.011862396204033215,0.03262158956109134,0.008896797153024912,0.014531435349940688,0.012752075919335706,0.0005931198102016608,0.03084223013048636,0.008896797153024912,0.003855278766310795,0.018979833926453145,0.009193357058125741,0.02224199288256228,0.021648873072360617,0.006227758007117438,0.01749703440094899,0.00830367734282325,0.009193357058125741,0.011862396204033215,0.01720047449584816,0.00800711743772242,0.0166073546856465,0.0263938315539739,0.011565836298932384,0.018090154211150653,0.005931198102016607,0.01482799525504152,0.02520759193357058,0.004151838671411625,0.02224199288256228,0.009786476868327402,0.03202846975088968,0.0,0.0468564650059312,0.0,0.036773428232502965,0.036180308422301306,0.0071174377224199285,0.026690391459074734,0.022538552787663108,0.012158956109134046,0.0071174377224199285,0.02520759193357058,0.0166073546856465,0.014531435349940688,0.01482799525504152,0.012455516014234875,0.021648873072360617,0.017793594306049824,0.0166073546856465,0.0166073546856465,0.010083036773428233,0.02431791221826809,0.013641755634638196,0.0166073546856465,0.028173190984578884,0.026690391459074734,0.018090154211150653,0.0011862396204033216,0.01631079478054567,0.0008896797153024911,0.00800711743772242,0.019276393831553974,0.0029655990510083037
AFz,0.03972257250945776,0.0,0.025220680958385876,0.0,0.015132408575031526,0.02459016393442623,0.0,0.0018915510718789407,0.035939470365699874,0.0025220680958385876,0.008827238335435058,0.0,0.013871374527112233,0.02711223203026482,0.008827238335435058,0.01828499369482976,0.014501891551071878,0.025851197982345524,0.021437578814627996,0.013240857503152586,0.019546027742749054,0.005674653215636823,0.029003783102143757,0.009457755359394703,0.03720050441361917,0.029003783102143757,0.00819672131147541,0.02080706179066835,0.007566204287515763,0.0025220680958385876,0.0,0.056116015132408575,0.0,0.08953341740226986,0.0,0.0,0.010718789407313998,0.0031525851197982345,0.0069356872635561164,0.0069356872635561164,0.006305170239596469,0.023329129886506934,0.008827238335435058,0.009457755359394703,0.005674653215636823,0.02269861286254729,0.015132408575031526,0.022068095838587643,0.019546027742749054,0.019546027742749054,0.01197982345523329,0.017023959646910468,0.015132408575031526,0.019546027742749054,0.005044136191677175,0.0,0.0031525851197982345,0.0037831021437578815,0.0031525851197982345,0.05170239596469105,0.029634300126103404,0.0025220680958385876,0.04539722572509458
F1,0.01126573889993373,0.02882703777335984,0.009609012591119947,0.012922465208747515,0.011597084161696488,0.0,0.028164347249834326,0.00828363154406892,0.004970178926441352,0.02186878727634195,0.009940357852882704,0.013916500994035786,0.019218025182239893,0.007620941020543406,0.01656726308813784,0.013585155732273028,0.01656726308813784,0.020212060967528166,0.019218025182239893,0.005964214711729622,0.016898608349900597,0.021206096752816435,0.009940357852882704,0.0145791915175613,0.008614976805831677,0.009940357852882704,0.02485089463220676,0.006295559973492379,0.019880715705765408,0.01126573889993373,0.03479125248508946,0.0,0.03876739562624255,0.0,0.0536779324055666,0.030815109343936383,0.010934393638170975,0.027170311464546057,0.022200132538104704,0.009940357852882704,0.01126573889993373,0.017892644135188866,0.014910536779324055,0.015241882041086813,0.014910536779324055,0.0066269052352551355,0.020212060967528166,0.020212060967528166,0.016898608349900597,0.016898608349900597,0.012922465208747515,0.02186878727634195,0.012922465208747515,0.016898608349900597,0.025513585155732273,0.026507620941020542,0.015241882041086813,0.004307488402915839,0.018223989396951624,0.0,0.00927766732935719,0.019218025182239893,0.009940357852882704
F5,0.010338345864661654,0.03195488721804511,0.014411027568922305,0.022243107769423558,0.017857142857142856,0.0006265664160401002,0.03289473684210526,0.015664160401002505,0.0018796992481203006,0.015350877192982455,0.011904761904761904,0.02537593984962406,0.020989974937343357,0.004072681704260651,0.016604010025062656,0.005325814536340852,0.005325814536340852,0.010651629072681704,0.013784461152882205,0.012844611528822054,0.009711779448621553,0.02537593984962406,0.006892230576441102,0.015037593984962405,0.008458646616541353,0.013471177944862155,0.02882205513784461,0.002506265664160401,0.023182957393483708,0.015977443609022556,0.03226817042606516,0.0,0.040100250626566414,0.0,0.03101503759398496,0.043546365914786965,0.005325814536340852,0.02506265664160401,0.018483709273182956,0.013157894736842105,0.007518796992481203,0.022556390977443608,0.020050125313283207,0.013471177944862155,0.014411027568922305,0.015350877192982455,0.02412280701754386,0.02474937343358396,0.009711779448621553,0.009711779448621553,0.008771929824561403,0.02819548872180451,0.018796992481203006,0.009711779448621553,0.02412280701754386,0.02694235588972431,0.022243107769423558,0.0,0.015350877192982455,0.0009398496240601503,0.010964912280701754,0.022869674185463658,0.0009398496240601503
FT7,0.032357473035439135,0.01078582434514638,0.011813045711350795,0.0,0.0,0.028762198253723677,0.00667693888032871,0.001027221366204417,0.02465331278890601,0.03133025166923472,0.020030816640986132,0.0061633281972265025,0.009244992295839754,0.03697996918335902,0.022598870056497175,0.030816640986132512,0.04108885464817668,0.016435541859270673,0.02157164869029276,0.004622496147919877,0.020030816640986132,0.01078582434514638,0.01746276322547509,0.015408320493066256,0.01694915254237288,0.01746276322547509,0.0,0.02157164869029276,0.0030816640986132513,0.0,0.01335387776065742,0.022085259373394967,0.011299435028248588,0.009758602978941962,0.01694915254237288,0.007190549563430919,0.054442732408834106,0.014381099126861838,0.014381099126861838,0.02054442732408834,0.020030816640986132,0.014894709809964048,0.005649717514124294,0.01848998459167951,0.016435541859270673,0.017976373908577297,0.01746276322547509,0.009244992295839754,0.020030816640986132,0.020030816640986132,0.011299435028248588,0.008731381612737545,0.004108885464817668,0.020030816640986132,0.011299435028248588,0.0030816640986132513,0.00667693888032871,0.02054442732408834,0.022598870056497175,0.02157164869029276,0.008217770929635337,0.01078582434514638,0.02670775552131484
FC3,0.020264681555004136,0.031017369727047148,0.007030603804797354,0.01240694789081886,0.010752688172043012,0.0,0.024400330851943756,0.01033912324234905,0.0024813895781637717,0.021918941273779982,0.013647642679900745,0.02357320099255583,0.022746071133167907,0.005376344086021506,0.02729528535980149,0.01240694789081886,0.007444168734491315,0.015715467328370553,0.0206782464846981,0.011579818031430935,0.011993382961124897,0.021505376344086023,0.016542597187758478,0.01695616211745244,0.008684863523573201,0.01943755169561621,0.01902398676592225,0.0012406947890818859,0.013234077750206782,0.009925558312655087,0.026881720430107527,0.0012406947890818859,0.03722084367245657,0.0028949545078577337,0.03432588916459884,0.033498759305210915,0.011166253101736972,0.04797353184449959,0.0206782464846981,0.01695616211745244,0.0,0.030190239867659223,0.026468155500413565,0.0206782464846981,0.014061207609594707,0.017369727047146403,0.020264681555004136,0.01943755169561621,0.011993382961124897,0.011993382961124897,0.0037220843672456576,0.01282051282051282,0.011993382961124897,0.011993382961124897,0.0206782464846981,0.016542597187758478,0.013234077750206782,0.005376344086021506,0.022332506203473945,0.0041356492969396195,0.008271298593879239,0.01282051282051282,0.011166253101736972
C1,0.01977152899824253,0.015817223198594025,0.009666080843585237,0.01054481546572935,0.010984182776801407,0.0017574692442882249,0.02240773286467487,0.0,0.0017574692442882249,0.018014059753954304,0.007908611599297012,0.015817223198594025,0.02592267135325132,0.011423550087873463,0.02328646748681898,0.019332161687170474,0.01845342706502636,0.008347978910369069,0.02592267135325132,0.0,0.02328646748681898,0.01845342706502636,0.016695957820738138,0.00922671353251318,0.0026362038664323375,0.019332161687170474,0.025043936731107205,0.00922671353251318,0.026362038664323375,0.008347978910369069,0.014938488576449912,0.0030755711775043936,0.03383128295254833,0.004393673110720563,0.03031634446397188,0.025483304042179262,0.013181019332161687,0.022847100175746926,0.056239015817223195,0.0210896309314587,0.003954305799648506,0.021528998242530756,0.011862917398945518,0.02680140597539543,0.010984182776801407,0.008347978910369069,0.016695957820738138,0.014499121265377855,0.02328646748681898,0.02328646748681898,0.017135325131810195,0.015817223198594025,0.013181019332161687,0.02328646748681898,0.015377855887521968,0.021968365553602813,0.00922671353251318,0.015377855887521968,0.014499121265377855,0.004393673110720563,0.012741652021089631,0.018014059753954304,0.006590509666080844
C5,0.020613614573346116,0.020613614573346116,0.013422818791946308,0.011984659635666348,0.007670182166826462,0.008149568552253116,0.023010546500479387,0.007190795781399808,0.003835091083413231,0.019654841802492808,0.009108341323106424,0.029242569511025888,0.02205177372962608,0.019654841802492808,0.029242569511025888,0.019175455417066157,0.014860977948226271,0.006232023010546501,0.024928092042186004,0.012464046021093002,0.014860977948226271,0.022531160115052733,0.014381591562799617,0.020134228187919462,0.015819750719079578,0.017737296260786194,0.011505273250239693,0.0028763183125599234,0.021572387344199424,0.003355704697986577,0.013422818791946308,0.007190795781399808,0.020134228187919462,0.004793863854266539,0.014381591562799617,0.019175455417066157,0.019654841802492808,0.019654841802492808,0.022531160115052733,0.05992329817833174,0.0014381591562799617,0.02109300095877277,0.014860977948226271,0.025407478427612654,0.011505273250239693,0.019654841802492808,0.034036433365292426,0.014381591562799617,0.014860977948226271,0.014860977948226271,0.006232023010546501,0.01725790987535954,0.017737296260786194,0.014860977948226271,0.02205177372962608,0.019175455417066157,0.004314477468839885,0.01102588686481304,0.024928092042186004,0.0028763183125599234,0.00047938638542665386,0.008149568552253116,0.010067114093959731
TP7,0.0072992700729927005,0.014598540145985401,0.032004491858506456,0.017967434025828188,0.023020774845592364,0.01909039865244245,0.00673778775968557,0.019651880965749578,0.030320044918585063,0.019651880965749578,0.023020774845592364,0.011229646266142616,0.0072992700729927005,0.024143739472206625,0.0,0.01347557551937114,0.032004491858506456,0.023582257158899493,0.01403705783267827,0.0039303761931499155,0.011229646266142616,0.015160022459292532,0.0022459292532285235,0.011229646266142616,0.015721504772599662,0.0072992700729927005,0.024143739472206625,0.022459292532285232,0.02807411566535654,0.01403705783267827,0.018528916339135316,0.017967434025828188,0.01291409320606401,0.0050533408197641775,0.018528916339135316,0.012352610892756879,0.021897810218978103,0.0,0.004491858506457047,0.0016844469399213925,0.06120157215047726,0.0050533408197641775,0.017405951712521055,0.005614823133071308,0.011229646266142616,0.018528916339135316,0.010106681639528355,0.014598540145985401,0.011229646266142616,0.011229646266142616,0.016282987085906794,0.032004491858506456,0.021897810218978103,0.011229646266142616,0.015721504772599662,0.01291409320606401,0.02695115103874228,0.004491858506457047,0.01347557551937114,0.007860752386299831,0.02807411566535654,0.018528916339135316,0.016282987085906794
CP3,0.02225519287833828,0.022997032640949554,0.010014836795252226,0.015949554896142432,0.012240356083086053,0.00185459940652819,0.019658753709198812,0.010385756676557863,0.006305637982195846,0.014465875370919881,0.004821958456973294,0.026335311572700297,0.026706231454005934,0.0033382789317507417,0.022997032640949554,0.005934718100890208,0.008160237388724036,0.008531157270029673,0.015207715133531157,0.008160237388724036,0.020771513353115726,0.02373887240356083,0.026335311572700297,0.01817507418397626,0.02040059347181009,0.01817507418397626,0.01112759643916914,0.00556379821958457,0.01817507418397626,0.013353115727002967,0.014465875370919881,0.006305637982195846,0.030415430267062313,0.014094955489614243,0.021142433234421366,0.02559347181008902,0.010385756676557863,0.02596439169139466,0.017804154302670624,0.015949554896142432,0.00370919881305638,0.0478486646884273,0.018545994065281898,0.021142433234421366,0.00741839762611276,0.019658753709198812,0.015949554896142432,0.02188427299703264,0.020771513353115726,0.020771513353115726,0.005934718100890208,0.01298219584569733,0.012611275964391691,0.020771513353115726,0.019287833827893175,0.019287833827893175,0.014094955489614243,0.002225519287833828,0.015949554896142432,0.010756676557863502,0.017062314540059347,0.015207715133531157,0.011869436201780416
P1,0.014699524427150886,0.020319930825767402,0.01988759187202767,0.025507998270644185,0.02594033722438392,0.0,0.02204928664072633,0.02248162559446606,0.00216169476869866,0.007349762213575443,0.019022913964548204,0.027237354085603113,0.021184608733246867,0.0,0.025075659316904454,0.0025940337224383916,0.00216169476869866,0.01124081279723303,0.009943795936013834,0.01772589710332901,0.004755728491137051,0.028534370946822308,0.009511456982274102,0.009943795936013834,0.015131863380890618,0.02204928664072633,0.02421098140942499,0.009079118028534372,0.021184608733246867,0.018590575010808474,0.01772589710332901,0.004755728491137051,0.025075659316904454,0.005620406398616515,0.020752269779507133,0.028102031993082578,0.004755728491137051,0.027237354085603113,0.01124081279723303,0.01340250756593169,0.014699524427150886,0.021616947686986597,0.0527453523562473,0.016861219195849545,0.008214440121054907,0.027237354085603113,0.01599654128837008,0.029831387808041506,0.004755728491137051,0.004755728491137051,0.015131863380890618,0.02248162559446606,0.028534370946822308,0.004755728491137051,0.020319930825767402,0.015131863380890618,0.021616947686986597,0.0017293558149589277,0.010376134889753566,0.005620406398616515,0.023778642455685256,0.011673151750972763,0.0038910505836575876
P5,0.01880257298367145,0.01583374567046017,0.012864918357248886,0.01583374567046017,0.013854527461652647,0.002474022761009401,0.01632855022266205,0.012370113805047007,0.0054428500742206825,0.01583374567046017,0.0019792182088075212,0.022266204849084613,0.027709054923305294,0.01632855022266205,0.04156358238495794,0.02078179119247897,0.02177140029688273,0.002474022761009401,0.02375061850569025,0.014349332013854528,0.011875309252845126,0.02078179119247897,0.013359722909450767,0.0014844136566056407,0.007916872835230085,0.014844136566056407,0.014349332013854528,0.007422068283028204,0.017318159327065808,0.015338941118258289,0.012864918357248886,0.004948045522018802,0.02375061850569025,0.007916872835230085,0.023255813953488372,0.02028698664027709,0.017812963879267688,0.023255813953488372,0.030183077684314694,0.026719445818901535,0.004948045522018802,0.027214250371103414,0.01880257298367145,0.05244928253339931,0.004453240969816922,0.011380504700643246,0.02078179119247897,0.01830776843146957,0.011875309252845126,0.011875309252845126,0.006432459178624443,0.01632855022266205,0.01929737753587333,0.011875309252845126,0.012864918357248886,0.01830776843146957,0.012864918357248886,0.01979218208807521,0.01830776843146957,0.0054428500742206825,0.010885700148441365,0.017318159327065808,0.009896091044037604
PO7,0.020918367346938777,0.01989795918367347,0.009183673469387756,0.003061224489795918,0.002551020408163265,0.009183673469387756,0.018367346938775512,0.007142857142857143,0.015306122448979591,0.01989795918367347,0.02959183673469388,0.014285714285714285,0.02295918367346939,0.0163265306122449,0.007653061224489796,0.009183673469387756,0.019387755102040816,0.025,0.03775510204081633,0.011224489795918367,0.02346938775510204,0.025,0.008673469387755102,0.013265306122448979,0.01989795918367347,0.02040816326530612,0.02142857142857143,0.008673469387755102,0.00510204081632653,0.0010204081632653062,0.02857142857142857,0.007142857142857143,0.025,0.003061224489795918,0.02346938775510204,0.020918367346938777,0.01683673469387755,0.017857142857142856,0.011224489795918367,0.010714285714285714,0.009693877551020408,0.009693877551020408,0.009183673469387756,0.004591836734693878,0.0663265306122449,0.018877551020408164,0.02346938775510204,0.00816326530612245,0.02346938775510204,0.02346938775510204,0.018877551020408164,0.012244897959183673,0.007142857142857143,0.02295918367346939,0.02346938775510204,0.013265306122448979,0.01683673469387755,0.003061224489795918,0.015816326530612244,0.009183673469387756,0.005612244897959183,0.010714285714285714,0.013265306122448979
PO3,0.02505307855626327,0.017834394904458598,0.014437367303609342,0.013588110403397028,0.013163481953290871,0.006794055201698514,0.010615711252653927,0.014861995753715499,0.0118895966029724,0.014437367303609342,0.01910828025477707,0.022929936305732482,0.024628450106157114,0.008917197452229299,0.019532908704883226,0.009341825902335456,0.011040339702760084,0.02038216560509554,0.01613588110403397,0.008917197452229299,0.015286624203821656,0.027176220806794056,0.014437367303609342,0.018683651804670912,0.030148619957537155,0.025477707006369428,0.014012738853503185,0.01613588110403397,0.022929936305732482,0.008492569002123142,0.009766454352441613,0.014861995753715499,0.018259023354564755,0.01613588110403397,0.008492569002123142,0.020806794055201697,0.014012738853503185,0.01740976645435244,0.007218683651804671,0.016560509554140127,0.014861995753715499,0.022929936305732482,0.029723991507430998,0.009341825902335456,0.017834394904458598,0.053927813163481955,0.007643312101910828,0.022505307855626325,0.015286624203821656,0.014861995753715499,0.008067940552016985,0.010615711252653927,0.01613588110403397,0.014861995753715499,0.0118895966029724,0.004246284501061571,0.015286624203821656,0.0059447983014862,0.01613588110403397,0.01910828025477707,0.014012738853503185,0.0029723991507431,0.0118895966029724
POz,0.010488364470665356,0.02490986561783022,0.01901016060308096,0.016060308095706327,0.01245493280891511,0.011143887250081941,0.035070468698787285,0.010816125860373648,0.012782694198623401,0.014093739757456572,0.011143887250081941,0.017699115044247787,0.013438216978039987,0.015404785316289742,0.01245493280891511,0.012127171419206818,0.00688298918387414,0.005244182235332678,0.009177318911832186,0.02261553588987217,0.008521796132415601,0.02654867256637168,0.007866273352999017,0.01966568338249754,0.007866273352999017,0.005571943625040971,0.025893149786955096,0.0058997050147492625,0.02359882005899705,0.00950508030154048,0.025237627007538514,0.008849557522123894,0.024254342838413635,0.006555227794165847,0.021632251720747297,0.024254342838413635,0.011143887250081941,0.015404785316289742,0.012127171419206818,0.022287774500163882,0.00688298918387414,0.014749262536873156,0.011143887250081941,0.01376597836774828,0.015077023926581449,0.005244182235332678,0.057358243198951164,0.02064896755162242,0.008521796132415601,0.008521796132415601,0.017371353654539495,0.03769255981645362,0.029826286463454605,0.008521796132415601,0.025565388397246803,0.034087184529662404,0.017699115044247787,0.0016388069485414618,0.013110455588331694,0.004916420845624385,0.006555227794165847,0.027204195345788267,0.00819403474270731
PO4,0.011524163568773234,0.021933085501858737,0.025650557620817842,0.025278810408921933,0.022304832713754646,0.0037174721189591076,0.024163568773234202,0.022304832713754646,0.0052044609665427505,0.008921933085501859,0.011895910780669145,0.02453531598513011,0.021933085501858737,0.0037174721189591076,0.018215613382899627,0.007806691449814126,0.0,0.004089219330855019,0.0,0.020074349442379184,0.004089219330855019,0.020817843866171002,0.015241635687732341,0.015613382899628252,0.018215613382899627,0.010780669144981412,0.02379182156133829,0.011895910780669145,0.023048327137546468,0.025278810408921933,0.021189591078066915,0.00929368029739777,0.021933085501858737,0.012267657992565056,0.023048327137546468,0.02862453531598513,0.005947955390334572,0.017100371747211896,0.011524163568773234,0.010408921933085501,0.010408921933085501,0.021561338289962824,0.025278810408921933,0.013382899628252789,0.005947955390334572,0.017843866171003718,0.02379182156133829,0.05278810408921933,0.004089219330855019,0.004089219330855019,0.010408921933085501,0.02453531598513011,0.03345724907063197,0.004089219330855019,0.015613382899628252,0.022304832713754646,0.025650557620817842,0.0022304832713754648,0.009665427509293681,0.00929368029739777,0.025278810408921933,0.020817843866171002,0.004089219330855019
PO8,0.023444160272804774,0.0068201193520886615,0.005967604433077579,0.007246376811594203,0.0068201193520886615,0.011508951406649617,0.011935208866155157,0.0008525149190110827,0.010656436487638534,0.00980392156862745,0.00639386189258312,0.0076726342710997444,0.021312872975277068,0.008951406649616368,0.0038363171355498722,0.00980392156862745,0.0196078431372549,0.023444160272804774,0.027280477408354646,0.0,0.06180733162830349,0.01875532821824382,0.023017902813299233,0.01619778346121057,0.021312872975277068,0.021312872975277068,0.01875532821824382,0.014066496163682864,0.018329070758738276,0.005115089514066497,0.0123614663256607,0.010656436487638534,0.023444160272804774,0.01278772378516624,0.023017902813299233,0.0123614663256607,0.01619778346121057,0.01278772378516624,0.023017902813299233,0.0123614663256607,0.00937766410912191,0.022591645353793693,0.0038363171355498722,0.00980392156862745,0.018329070758738276,0.014066496163682864,0.011082693947144074,0.004688832054560955,0.06180733162830349,0.06180733162830349,0.010230179028132993,0.008525149190110827,0.00639386189258312,0.061381074168797956,0.017050298380221655,0.014066496163682864,0.0034100596760443308,0.00639386189258312,0.002131287297527707,0.017050298380221655,0.011508951406649617,0.00980392156862745,0.013640238704177323
P6,0.023424190800681432,0.0068143100511073255,0.005536626916524702,0.007240204429301534,0.0068143100511073255,0.011499148211243612,0.01192504258943782,0.0008517887563884157,0.010647359454855196,0.009795570698466781,0.006388415672913117,0.007666098807495741,0.02129471890971039,0.008943781942078365,0.0038330494037478705,0.009795570698466781,0.019591141396933562,0.022998296422487224,0.027257240204429302,0.0,0.062180579216354344,0.018739352640545145,0.023424190800681432,0.016183986371379896,0.02129471890971039,0.0217206132879046,0.018739352640545145,0.014054514480408859,0.018313458262350937,0.005110732538330494,0.012350936967632026,0.010221465076660987,0.023424190800681432,0.012776831345826235,0.022998296422487224,0.012350936967632026,0.016183986371379896,0.012776831345826235,0.022998296422487224,0.012350936967632026,0.009369676320272573,0.022998296422487224,0.0038330494037478705,0.009795570698466781,0.018313458262350937,0.013628620102214651,0.011073253833049404,0.004684838160136286,0.062180579216354344,0.062180579216354344,0.010221465076660987,0.008517887563884156,0.006388415672913117,0.061754684838160136,0.016609880749574105,0.014054514480408859,0.0034071550255536627,0.006388415672913117,0.002129471890971039,0.017035775127768313,0.011499148211243612,0.009795570698466781,0.013628620102214651
P2,0.003089598352214212,0.006179196704428424,0.021112255406797117,0.016992790937178166,0.013903192584963954,0.012358393408856848,0.028836251287332648,0.0010298661174047373,0.012358393408856848,0.013903192584963954,0.02420185375901133,0.008238928939237899,0.02832131822863028,0.01956745623069001,0.007209062821833162,0.003089598352214212,0.010813594232749742,0.017507723995880537,0.0,0.02420185375901133,0.010813594232749742,0.025746652935118436,0.0,0.010813594232749742,0.006694129763130793,0.009268795056642637,0.03038105046343975,0.026261585993820804,0.02008238928939238,0.013903192584963954,0.009783728115345005,0.013388259526261586,0.016992790937178166,0.008753861997940269,0.021627188465499485,0.013903192584963954,0.010813594232749742,0.004634397528321318,0.02008238928939238,0.006179196704428424,0.014933058702368692,0.007723995880535531,0.016992790937178166,0.005664263645726055,0.018022657054582905,0.008238928939237899,0.025746652935118436,0.014933058702368692,0.010813594232749742,0.010813594232749742,0.08135942327497425,0.03913491246138002,0.026776519052523172,0.010813594232749742,0.021112255406797117,0.04016477857878476,0.018022657054582905,0.0020597322348094747,0.0,0.005149330587023687,0.013903192584963954,0.03347064881565397,0.021112255406797117
CPz,0.0005733944954128441,0.023509174311926607,0.026376146788990827,0.023509174311926607,0.027522935779816515,0.010607798165137615,0.03583715596330275,0.0169151376146789,0.016341743119266054,0.01261467889908257,0.00974770642201835,0.018922018348623854,0.013761467889908258,0.01548165137614679,0.005447247706422019,0.0043004587155963305,0.008027522935779817,0.006880733944954129,0.004873853211009175,0.019208715596330275,0.005447247706422019,0.024655963302752295,0.0017201834862385322,0.019208715596330275,0.005160550458715597,0.0011467889908256881,0.03927752293577982,0.010034403669724771,0.03239678899082569,0.014621559633027524,0.024942660550458715,0.010034403669724771,0.023509174311926607,0.007454128440366973,0.02121559633027523,0.02522935779816514,0.004873853211009175,0.008600917431192661,0.010894495412844037,0.00974770642201835,0.0169151376146789,0.00974770642201835,0.013188073394495414,0.010321100917431193,0.007167431192660551,0.006307339449541285,0.033256880733944956,0.01863532110091743,0.005447247706422019,0.005447247706422019,0.02236238532110092,0.05733944954128441,0.03153669724770642,0.005447247706422019,0.026376146788990827,0.03927752293577982,0.026662844036697247,0.0,0.007740825688073395,0.0037270642201834864,0.012327981651376147,0.02838302752293578,0.011754587155963303
CP4,0.0021001050052502626,0.021351067553377668,0.02905145257262863,0.027651382569128455,0.026251312565628283,0.005250262513125656,0.031151557577878894,0.0224011200560028,0.007350367518375919,0.0056002800140007,0.009800490024501224,0.022751137556877844,0.020301015050752536,0.007350367518375919,0.01295064753237662,0.006300315015750788,0.0021001050052502626,0.005950297514875744,0.001400070003500175,0.019250962548127408,0.004900245012250612,0.018900945047252364,0.003150157507875394,0.014700735036751837,0.010150507525376268,0.007350367518375919,0.035701785089254465,0.013300665033251663,0.03430171508575429,0.02415120756037802,0.018200910045502276,0.006300315015750788,0.016450822541127057,0.008750437521876094,0.015050752537626881,0.020301015050752536,0.003150157507875394,0.010850542527126356,0.010150507525376268,0.012250612530626532,0.015400770038501925,0.012600630031501575,0.023101155057752887,0.015050752537626881,0.005950297514875744,0.012250612530626532,0.03430171508575429,0.03290164508225411,0.004900245012250612,0.004900245012250612,0.019250962548127408,0.03955197759887994,0.05215260763038152,0.004900245012250612,0.020301015050752536,0.036751837591879596,0.026601330066503327,0.0021001050052502626,0.004900245012250612,0.004550227511375569,0.022051102555127756,0.027651382569128455,0.0035001750087504373
TP8,0.023424190800681432,0.0068143100511073255,0.005536626916524702,0.007240204429301534,0.0068143100511073255,0.011499148211243612,0.01192504258943782,0.0008517887563884157,0.010647359454855196,0.009795570698466781,0.006388415672913117,0.007666098807495741,0.02129471890971039,0.008943781942078365,0.0038330494037478705,0.009795570698466781,0.019591141396933562,0.022998296422487224,0.027257240204429302,0.0,0.062180579216354344,0.018739352640545145,0.023424190800681432,0.016183986371379896,0.02129471890971039,0.0217206132879046,0.018739352640545145,0.014054514480408859,0.018313458262350937,0.005110732538330494,0.012350936967632026,0.010221465076660987,0.023424190800681432,0.012776831345826235,0.022998296422487224,0.012350936967632026,0.016183986371379896,0.012776831345826235,0.022998296422487224,0.012350936967632026,0.009369676320272573,0.022998296422487224,0.0038330494037478705,0.009795570698466781,0.018313458262350937,0.013628620102214651,0.011073253833049404,0.004684838160136286,0.062180579216354344,0.062180579216354344,0.010221465076660987,0.008517887563884156,0.006388415672913117,0.061754684838160136,0.016609880749574105,0.014054514480408859,0.0034071550255536627,0.006388415672913117,0.002129471890971039,0.017035775127768313,0.011499148211243612,0.009795570698466781,0.013628620102214651
C6,0.007450599287333981,0.03271784904437966,0.013605442176870748,0.0184645286686103,0.016196954972465177,0.0012957563977972141,0.03466148364107548,0.01295756397797214,0.007450599287333981,0.018788467768059605,0.009718172983479106,0.024619371558147068,0.02105604146420473,0.009070294784580499,0.013281503077421444,0.008098477486232589,0.011661807580174927,0.014253320375769355,0.016844833171363784,0.01749271137026239,0.011661807580174927,0.028182701652089408,0.014901198574667962,0.022675736961451247,0.00550696469063816,0.007126660187884677,0.026886945254292194,0.0009718172983479105,0.022999676060900552,0.01004211208292841,0.03368966634272757,0.0035633300939423387,0.030774214447683836,0.0025915127955944283,0.02591512795594428,0.025267249757045675,0.006802721088435374,0.01652089407191448,0.01198574667962423,0.013281503077421444,0.008746355685131196,0.01749271137026239,0.014577259475218658,0.009070294784580499,0.015549076773566569,0.008422416585681892,0.026239067055393587,0.013929381276320051,0.011661807580174927,0.011337868480725623,0.01295756397797214,0.03045027534823453,0.019112406867508907,0.011337868480725623,0.05344995140913508,0.03142209264658244,0.019112406867508907,0.001943634596695821,0.018788467768059605,0.0012957563977972141,0.00647878198898607,0.021703919663103338,0.003887269193391642
C2,0.0016688918558077437,0.02570093457943925,0.016355140186915886,0.02369826435246996,0.020026702269692925,0.0006675567423230974,0.04205607476635514,0.01602136181575434,0.004005340453938585,0.012349799732977304,0.0010013351134846463,0.022363150867823766,0.02403204272363151,0.006675567423230975,0.009345794392523364,0.0053404539385847796,0.0053404539385847796,0.007009345794392523,0.005674232309746329,0.017690253671562083,0.010680907877169559,0.0260347129506008,0.0053404539385847796,0.020026702269692925,0.0013351134846461949,0.0013351134846461949,0.03571428571428571,0.007343124165554072,0.036048064085447265,0.017022696929238985,0.02703604806408545,0.0,0.029372496662216287,0.0,0.028037383177570093,0.02703604806408545,0.0033377837116154874,0.0130173564753004,0.016355140186915886,0.012349799732977304,0.007676902536715621,0.017022696929238985,0.010680907877169559,0.01335113484646195,0.009345794392523364,0.0033377837116154874,0.03337783711615487,0.020026702269692925,0.010680907877169559,0.010680907877169559,0.02570093457943925,0.04372496662216288,0.03237650200267023,0.010680907877169559,0.03170894526034713,0.05507343124165554,0.02336448598130841,0.0006675567423230974,0.008678237650200267,0.0,0.009679572763684913,0.03337783711615487,0.0043391188251001335
FC4,0.0011556240369799693,0.025423728813559324,0.025038520801232665,0.025423728813559324,0.02234206471494607,0.004622496147919877,0.02426810477657935,0.029275808936825885,0.014252696456086287,0.015793528505392913,0.014252696456086287,0.023882896764252697,0.0211864406779661,0.011556240369799691,0.00963020030816641,0.007318952234206471,0.008089368258859784,0.007318952234206471,0.0065485362095531584,0.026579352850539292,0.003852080123266564,0.026579352850539292,0.010400616332819723,0.015793528505392913,0.011171032357473035,0.002696456086286595,0.029275808936825885,0.005778120184899846,0.023882896764252697,0.020416024653312787,0.021956856702619414,0.0030816640986132513,0.02426810477657935,0.0011556240369799693,0.019645608628659477,0.027349768875192602,0.005778120184899846,0.013097072419106317,0.008089368258859784,0.0030816640986132513,0.020030816640986132,0.016178736517719568,0.01926040061633282,0.01078582434514638,0.014252696456086287,0.012711864406779662,0.022727272727272728,0.028120184899845916,0.003852080123266564,0.003852080123266564,0.014252696456086287,0.03659476117103236,0.029661016949152543,0.003852080123266564,0.022727272727272728,0.02773497688751926,0.04930662557781202,0.0,0.00847457627118644,0.0,0.020416024653312787,0.022727272727272728,0.011171032357473035
FT8,0.031212484993997598,0.004801920768307323,0.003601440576230492,0.0,0.0,0.01680672268907563,0.0,0.0,0.014405762304921969,0.03721488595438175,0.004801920768307323,0.0,0.02040816326530612,0.04561824729891957,0.0468187274909964,0.058823529411764705,0.056422569027611044,0.012004801920768308,0.026410564225690276,0.003601440576230492,0.01800720288115246,0.0,0.01800720288115246,0.009603841536614645,0.003601440576230492,0.01920768307322929,0.0,0.022809123649459785,0.0,0.004801920768307323,0.0,0.021608643457382955,0.003601440576230492,0.009603841536614645,0.014405762304921969,0.0,0.05162064825930372,0.014405762304921969,0.04201680672268908,0.027611044417767107,0.009603841536614645,0.006002400960384154,0.006002400960384154,0.04801920768307323,0.007202881152460984,0.02040816326530612,0.006002400960384154,0.009603841536614645,0.01800720288115246,0.01800720288115246,0.006002400960384154,0.0,0.009603841536614645,0.01800720288115246,0.007202881152460984,0.0012004801920768306,0.0,0.06362545018007203,0.030012004801920768,0.021608643457382955,0.003601440576230492,0.004801920768307323,0.021608643457382955
F6,0.02574457344775366,0.03685007571933367,0.007067137809187279,0.011610297829379102,0.010095911155981827,0.0005047955577990914,0.01817264008076729,0.009086320040383645,0.009086320040383645,0.03382130237253912,0.01060070671378092,0.02271580010095911,0.019182231196365473,0.017163048965169108,0.027763755678950026,0.024230186774356385,0.024734982332155476,0.016658253407370014,0.028268551236749116,0.01060070671378092,0.002523977788995457,0.023220595658758204,0.016153457849570924,0.02221100454316002,0.009086320040383645,0.010095911155981827,0.009591115598182737,0.001514386673397274,0.016153457849570924,0.006562342251388188,0.02624936900555275,0.0,0.027763755678950026,0.0020191822311963654,0.027258960121150935,0.02624936900555275,0.02170620898536093,0.02675416456335184,0.0176678445229682,0.027258960121150935,0.012115093387178193,0.02271580010095911,0.011610297829379102,0.019182231196365473,0.016153457849570924,0.019687026754164564,0.020696617869762745,0.013629480060575468,0.002523977788995457,0.002523977788995457,0.0005047955577990914,0.013629480060575468,0.006562342251388188,0.002523977788995457,0.0292781423523473,0.013124684502776375,0.01060070671378092,0.012619888944977285,0.05603230691569914,0.00757193336698637,0.0005047955577990914,0.011610297829379102,0.01060070671378092
AF8,0.06203135650988412,0.0006816632583503749,0.014314928425357873,0.0006816632583503749,0.00954328561690525,0.03067484662576687,0.0,0.0,0.02794819359236537,0.0054533060668029995,0.006134969325153374,0.0013633265167007499,0.010224948875255624,0.023858214042263123,0.008861622358554875,0.018404907975460124,0.017041581458759374,0.023176550783912748,0.021813224267211998,0.012269938650306749,0.026584867075664622,0.008861622358554875,0.023176550783912748,0.006134969325153374,0.026584867075664622,0.03749147920927062,0.007498295841854124,0.025903203817314247,0.00408997955010225,0.0027266530334014998,0.0,0.049079754601226995,0.0013633265167007499,0.05998636673483299,0.0,0.0013633265167007499,0.026584867075664622,0.004771642808452625,0.006134969325153374,0.004771642808452625,0.00954328561690525,0.019768234492160874,0.008861622358554875,0.007498295841854124,0.012269938650306749,0.02931152010906612,0.011588275391956374,0.018404907975460124,0.026584867075664622,0.026584867075664622,0.006816632583503749,0.008861622358554875,0.010906612133605999,0.026584867075664622,0.0034083162917518746,0.0,0.0,0.010906612133605999,0.008861622358554875,0.07975460122699386,0.027266530334014997,0.0,0.028629856850715747
AF4,0.02351313969571231,0.00875979714153988,0.0318118948824343,0.02351313969571231,0.02627939142461964,0.005071461502996773,0.013370216689718764,0.02120792992162287,0.007837713231904103,0.0027662517289073307,0.015214384508990318,0.016597510373443983,0.017980636237897647,0.005071461502996773,0.009681881051175657,0.0027662517289073307,0.009220839096357769,0.011065006915629323,0.009220839096357769,0.012448132780082987,0.013370216689718764,0.018441678192715538,0.01751959428307976,0.0013831258644536654,0.024896265560165973,0.016597510373443983,0.027201475334255418,0.015214384508990318,0.019363762102351315,0.02581834946980175,0.010603964960811434,0.015675426463808206,0.013831258644536652,0.022591055786076533,0.015214384508990318,0.01705855232826187,0.007376671277086215,0.010603964960811434,0.01429230059935454,0.0009220839096357768,0.024896265560165973,0.022591055786076533,0.027201475334255418,0.011065006915629323,0.006454587367450438,0.015214384508990318,0.011526048870447211,0.03411710465652374,0.013370216689718764,0.013370216689718764,0.01429230059935454,0.021668971876440755,0.03135085292761641,0.013370216689718764,0.010142923005993546,0.015214384508990318,0.02627939142461964,0.0018441678192715537,0.0013831258644536654,0.019363762102351315,0.05394190871369295,0.019363762102351315,0.010603964960811434
F2,0.0019334880123743233,0.023588553750966745,0.026295436968290797,0.02822892498066512,0.02474864655839134,0.007347254447022429,0.03441608662026296,0.018561484918793503,0.008507347254447023,0.009280742459396751,0.008894044856921888,0.01817478731631864,0.025135344160866203,0.01237432327919567,0.010440835266821345,0.0030935808197989174,0.010054137664346482,0.004640371229698376,0.005027068832173241,0.015467904098994586,0.008507347254447023,0.019721577726218097,0.004640371229698376,0.011987625676720804,0.0,0.0007733952049497294,0.03480278422273782,0.015467904098994586,0.025135344160866203,0.022815158546017015,0.02745552977571539,0.00580046403712297,0.02474864655839134,0.0007733952049497294,0.023588553750966745,0.027842227378190254,0.008507347254447023,0.01237432327919567,0.01740139211136891,0.0069605568445475635,0.01237432327919567,0.016627996906419182,0.010054137664346482,0.013921113689095127,0.008120649651972157,0.0027068832173240526,0.031322505800464036,0.02165506573859242,0.008507347254447023,0.008507347254447023,0.025522041763341066,0.03789636504253674,0.02822892498066512,0.008507347254447023,0.02668213457076566,0.03905645784996133,0.02242846094354215,0.0019334880123743233,0.008894044856921888,0.0,0.014307811291569992,0.048337200309358085,0.008894044856921888
FCz,0.018700787401574805,0.007874015748031496,0.02312992125984252,0.000984251968503937,0.012795275590551181,0.025098425196850394,0.000984251968503937,0.012303149606299213,0.043799212598425195,0.013779527559055118,0.02066929133858268,0.008366141732283465,0.025590551181102362,0.03543307086614173,0.008366141732283465,0.015748031496062992,0.025590551181102362,0.03198818897637795,0.014763779527559055,0.014763779527559055,0.015748031496062992,0.003937007874015748,0.03248031496062992,0.02608267716535433,0.03051181102362205,0.005905511811023622,0.006889763779527559,0.018208661417322834,0.012795275590551181,0.000984251968503937,0.005905511811023622,0.031496062992125984,0.003937007874015748,0.0344488188976378,0.014271653543307087,0.000984251968503937,0.024114173228346455,0.012303149606299213,0.0073818897637795275,0.00984251968503937,0.014763779527559055,0.013779527559055118,0.003937007874015748,0.01033464566929134,0.013779527559055118,0.01328740157480315,0.012303149606299213,0.006889763779527559,0.015748031496062992,0.015748031496062992,0.021161417322834646,0.018208661417322834,0.004921259842519685,0.015748031496062992,0.005905511811023622,0.0044291338582677165,0.014271653543307087,0.008366141732283465,0.011811023622047244,0.021161417322834646,0.008858267716535433,0.011318897637795276,0.07431102362204725
