,bankssts-lh,bankssts-rh,caudalanteriorcingulate-lh,caudalanteriorcingulate-rh,caudalmiddlefrontal-lh,caudalmiddlefrontal-rh,cuneus-lh,cuneus-rh,entorhinal-lh,entorhinal-rh,frontalpole-lh,frontalpole-rh,fusiform-lh,fusiform-rh,inferiorparietal-lh,inferiorparietal-rh,inferiortemporal-lh,inferiortemporal-rh,insula-lh,insula-rh,isthmuscingulate-lh,isthmuscingulate-rh,lateraloccipital-lh,lateraloccipital-rh,lateralorbitofrontal-lh,lateralorbitofrontal-rh,lingual-lh,lingual-rh,medialorbitofrontal-lh,medialorbitofrontal-rh,middletemporal-lh,middletemporal-rh,paracentral-lh,paracentral-rh,parahippocampal-lh,parahippocampal-rh,parsopercularis-lh,parsopercularis-rh,parsorbitalis-lh,parsorbitalis-rh,parstriangularis-lh,parstriangularis-rh,pericalcarine-lh,pericalcarine-rh,postcentral-lh,postcentral-rh,posteriorcingulate-lh,posteriorcingulate-rh,precentral-lh,precentral-rh,precuneus-lh,precuneus-rh,rostralanteriorcingulate-lh,rostralanteriorcingulate-rh,rostralmiddlefrontal-lh,rostralmiddlefrontal-rh,superiorfrontal-lh,superiorfrontal-rh,superiorparietal-lh,superiorparietal-rh,superiortemporal-lh,superiortemporal-rh,supramarginal-lh,supramarginal-rh,temporalpole-lh,temporalpole-rh,transversetemporal-lh,transversetemporal-rh
bankssts-lh,0.15294117647058825,0.03529411764705882,0.0,0.0,0.0,0.0,0.0,0.0,0.0,0.0,0.07058823529411765,0.0,0.0,0.0,0.0,0.0,0.0,0.0,0.0,0.0,0.0,0.0,0.0,0.0,0.058823529411764705,0.0,0.0,0.0,0.0,0.0,0.047058823529411764,0.0,0.0,0.12941176470588237,0.0,0.0,0.0,0.16470588235294117,0.0,0.0,0.0,0.0,0.0,0.0,0.0,0.0,0.0,0.17647058823529413,0.0,0.0,0.0,0.0,0.0,0.0,0.0,0.0,0.0,0.0,0.0,0.0,0.0,0.0,0.0,0.0,0.0,0.0,0.0,0.16470588235294117
bankssts-rh,0.047058823529411764,0.23529411764705882,0.0,0.0,0.0,0.0,0.0,0.0,0.0,0.0,0.07058823529411765,0.0,0.0,0.0,0.0,0.0,0.0,0.0,0.0,0.0,0.0,0.0,0.0,0.0,0.07058823529411765,0.0,0.0,0.0,0.0,0.0,0.047058823529411764,0.10588235294117647,0.0,0.047058823529411764,0.0,0.0,0.0,0.047058823529411764,0.0,0.0,0.0,0.0,0.0,0.0,0.09411764705882353,0.0,0.0,0.047058823529411764,0.011764705882352941,0.0,0.0,0.0,0.0,0.0,0.0,0.0,0.0,0.0,0.0,0.0,0.0,0.047058823529411764,0.08235294117647059,0.0,0.0,0.0,0.0,0.047058823529411764
caudalanteriorcingulate-lh,0.0,0.0,0.043137254901960784,0.0,0.01568627450980392,0.03725490196078431,0.0,0.0,0.029411764705882353,0.0058823529411764705,0.0,0.03529411764705882,0.03529411764705882,0.00980392156862745,0.025490196078431372,0.0,0.03137254901960784,0.0,0.025490196078431372,0.03137254901960784,0.0,0.03137254901960784,0.0058823529411764705,0.0196078431372549,0.0,0.03333333333333333,0.023529411764705882,0.00784313725490196,0.00980392156862745,0.03333333333333333,0.0,0.0,0.03333333333333333,0.011764705882352941,0.029411764705882353,0.025490196078431372,0.0,0.0,0.0,0.03529411764705882,0.0,0.023529411764705882,0.0,0.0,0.0,0.013725490196078431,0.00980392156862745,0.0,0.00980392156862745,0.011764705882352941,0.01568627450980392,0.013725490196078431,0.03529411764705882,0.03333333333333333,0.013725490196078431,0.023529411764705882,0.03137254901960784,0.011764705882352941,0.027450980392156862,0.011764705882352941,0.00980392156862745,0.0,0.0,0.013725490196078431,0.03529411764705882,0.027450980392156862,0.00196078431372549,0.0
caudalanteriorcingulate-rh,0.0,0.0,0.0,0.3793103448275862,0.0,0.0,0.0,0.0,0.0,0.13793103448275862,0.0,0.0,0.0,0.0,0.0,0.0,0.0,0.0,0.0,0.0,0.0,0.0,0.0,0.0,0.0,0.0,0.0,0.0,0.0,0.0,0.017241379310344827,0.0,0.0,0.0,0.0,0.0,0.0,0.0,0.0,0.0,0.0,0.0,0.0,0.0,0.0,0.15517241379310345,0.0,0.0,0.0,0.15517241379310345,0.0,0.0,0.0,0.0,0.0,0.017241379310344827,0.1206896551724138,0.0,0.0,0.0,0.0,0.0,0.0,0.017241379310344827,0.0,0.0,0.0,0.0
caudalmiddlefrontal-lh,0.0,0.0,0.023972602739726026,0.0,0.0821917808219178,0.0273972602739726,0.010273972602739725,0.02054794520547945,0.02054794520547945,0.0,0.0,0.0273972602739726,0.0273972602739726,0.003424657534246575,0.030821917808219176,0.0136986301369863,0.02054794520547945,0.00684931506849315,0.0136986301369863,0.023972602739726026,0.017123287671232876,0.02054794520547945,0.003424657534246575,0.0136986301369863,0.0,0.023972602739726026,0.017123287671232876,0.0,0.010273972602739725,0.023972602739726026,0.0,0.0,0.0273972602739726,0.0,0.02054794520547945,0.0136986301369863,0.0,0.0,0.0,0.0273972602739726,0.0,0.0136986301369863,0.0,0.05136986301369863,0.010273972602739725,0.010273972602739725,0.003424657534246575,0.0,0.04794520547945205,0.00684931506849315,0.0136986301369863,0.010273972602739725,0.0273972602739726,0.023972602739726026,0.0410958904109589,0.023972602739726026,0.0136986301369863,0.00684931506849315,0.017123287671232876,0.00684931506849315,0.023972602739726026,0.02054794520547945,0.0,0.010273972602739725,0.0273972602739726,0.017123287671232876,0.0,0.0
caudalmiddlefrontal-rh,0.0,0.0,0.03470715835140998,0.0,0.01735357917570499,0.039045553145336226,0.0,0.0,0.03036876355748373,0.004338394793926247,0.0,0.0368763557483731,0.0368763557483731,0.008676789587852495,0.026030368763557483,0.0,0.03253796095444685,0.0,0.026030368763557483,0.03253796095444685,0.0,0.03253796095444685,0.004338394793926247,0.019522776572668113,0.0,0.03470715835140998,0.02386117136659436,0.006507592190889371,0.013015184381778741,0.03470715835140998,0.0,0.0,0.039045553145336226,0.0,0.03036876355748373,0.026030368763557483,0.0,0.0,0.0,0.039045553145336226,0.0,0.02386117136659436,0.0,0.0,0.0,0.013015184381778741,0.008676789587852495,0.0,0.008676789587852495,0.010845986984815618,0.015184381778741865,0.013015184381778741,0.0368763557483731,0.03470715835140998,0.015184381778741865,0.028199566160520606,0.026030368763557483,0.010845986984815618,0.028199566160520606,0.010845986984815618,0.008676789587852495,0.0,0.0,0.013015184381778741,0.0368763557483731,0.028199566160520606,0.0,0.0
cuneus-lh,0.0,0.0,0.0,0.0,0.11594202898550725,0.0,0.2753623188405797,0.0,0.0,0.0,0.0,0.0,0.0,0.014492753623188406,0.0,0.0,0.0,0.043478260869565216,0.0,0.0,0.0,0.0,0.014492753623188406,0.0,0.0,0.0,0.0,0.13043478260869565,0.0,0.0,0.0,0.0,0.0,0.0,0.0,0.0,0.07246376811594203,0.0,0.0,0.0,0.057971014492753624,0.0,0.028985507246376812,0.043478260869565216,0.0,0.0,0.0,0.0,0.057971014492753624,0.0,0.0,0.0,0.0,0.0,0.028985507246376812,0.0,0.0,0.0,0.0,0.0,0.0,0.028985507246376812,0.08695652173913043,0.0,0.0,0.0,0.0,0.0
cuneus-rh,0.0,0.0,0.0,0.0,0.04,0.0,0.0,0.17,0.0,0.0,0.0,0.0,0.0,0.0,0.06,0.18,0.0,0.0,0.0,0.0,0.1,0.0,0.0,0.11,0.0,0.0,0.0,0.0,0.0,0.0,0.0,0.0,0.0,0.0,0.0,0.0,0.02,0.0,0.0,0.0,0.0,0.0,0.0,0.08,0.06,0.0,0.0,0.0,0.1,0.0,0.01,0.0,0.0,0.0,0.0,0.0,0.0,0.0,0.0,0.0,0.03,0.02,0.0,0.0,0.0,0.0,0.02,0.0
entorhinal-lh,0.0,0.0,0.033264033264033266,0.0,0.016632016632016633,0.033264033264033266,0.0,0.0,0.05405405405405406,0.006237006237006237,0.0,0.033264033264033266,0.033264033264033266,0.010395010395010396,0.02494802494802495,0.0,0.031185031185031187,0.0,0.02494802494802495,0.031185031185031187,0.0,0.031185031185031187,0.006237006237006237,0.02079002079002079,0.0,0.033264033264033266,0.02494802494802495,0.008316008316008316,0.008316008316008316,0.033264033264033266,0.0,0.0,0.029106029106029108,0.0,0.029106029106029108,0.02494802494802495,0.0,0.0,0.018711018711018712,0.033264033264033266,0.0,0.02286902286902287,0.0,0.0,0.0,0.014553014553014554,0.010395010395010396,0.0,0.010395010395010396,0.012474012474012475,0.016632016632016633,0.014553014553014554,0.033264033264033266,0.035343035343035345,0.012474012474012475,0.02079002079002079,0.02494802494802495,0.012474012474012475,0.02702702702702703,0.012474012474012475,0.010395010395010396,0.0,0.0,0.014553014553014554,0.033264033264033266,0.02702702702702703,0.0,0.0
entorhinal-rh,0.0,0.0,0.016853932584269662,0.056179775280898875,0.0056179775280898875,0.016853932584269662,0.0,0.0,0.016853932584269662,0.11235955056179775,0.0,0.016853932584269662,0.016853932584269662,0.016853932584269662,0.016853932584269662,0.0,0.016853932584269662,0.0,0.016853932584269662,0.016853932584269662,0.0,0.016853932584269662,0.011235955056179775,0.016853932584269662,0.0,0.016853932584269662,0.02247191011235955,0.016853932584269662,0.0,0.016853932584269662,0.0,0.0,0.011235955056179775,0.0,0.016853932584269662,0.016853932584269662,0.0,0.0,0.0,0.016853932584269662,0.0,0.016853932584269662,0.0,0.0,0.0,0.07303370786516854,0.016853932584269662,0.0,0.016853932584269662,0.03932584269662921,0.05056179775280899,0.033707865168539325,0.016853932584269662,0.016853932584269662,0.0,0.0,0.028089887640449437,0.033707865168539325,0.016853932584269662,0.016853932584269662,0.016853932584269662,0.0,0.0,0.05056179775280899,0.016853932584269662,0.016853932584269662,0.0,0.0
frontalpole-lh,0.04854368932038835,0.02912621359223301,0.0,0.0,0.0,0.0,0.0,0.0,0.0,0.0,0.24271844660194175,0.009708737864077669,0.009708737864077669,0.019417475728155338,0.0,0.0,0.0,0.02912621359223301,0.0,0.009708737864077669,0.0,0.0,0.0,0.0,0.0970873786407767,0.0,0.0,0.019417475728155338,0.0,0.009708737864077669,0.02912621359223301,0.0,0.009708737864077669,0.04854368932038835,0.0,0.0,0.0,0.04854368932038835,0.0,0.009708737864077669,0.0,0.0,0.0,0.0,0.0,0.0,0.0,0.05825242718446602,0.02912621359223301,0.0,0.0,0.0,0.0,0.0,0.04854368932038835,0.0,0.0,0.0,0.0,0.019417475728155338,0.0,0.0,0.1262135922330097,0.0,0.0,0.0,0.0,0.04854368932038835
frontalpole-rh,0.0,0.0,0.03474903474903475,0.0,0.015444015444015444,0.03861003861003861,0.0,0.0,0.02895752895752896,0.005791505791505791,0.0,0.03667953667953668,0.03667953667953668,0.009652509652509652,0.025096525096525095,0.0,0.032818532818532815,0.0,0.02702702702702703,0.032818532818532815,0.0,0.032818532818532815,0.005791505791505791,0.019305019305019305,0.0,0.03474903474903475,0.023166023166023165,0.007722007722007722,0.011583011583011582,0.03474903474903475,0.0,0.0,0.03667953667953668,0.0,0.03088803088803089,0.02702702702702703,0.0,0.0,0.0,0.03861003861003861,0.0,0.023166023166023165,0.0,0.0,0.0,0.013513513513513514,0.009652509652509652,0.0,0.009652509652509652,0.011583011583011582,0.015444015444015444,0.013513513513513514,0.03667953667953668,0.03474903474903475,0.013513513513513514,0.025096525096525095,0.025096525096525095,0.011583011583011582,0.02895752895752896,0.011583011583011582,0.009652509652509652,0.0,0.0,0.013513513513513514,0.03667953667953668,0.02895752895752896,0.0,0.0
fusiform-lh,0.0,0.0,0.03474903474903475,0.0,0.015444015444015444,0.03861003861003861,0.0,0.0,0.02895752895752896,0.005791505791505791,0.0,0.03667953667953668,0.03667953667953668,0.009652509652509652,0.025096525096525095,0.0,0.032818532818532815,0.0,0.02702702702702703,0.032818532818532815,0.0,0.032818532818532815,0.005791505791505791,0.019305019305019305,0.0,0.03474903474903475,0.023166023166023165,0.007722007722007722,0.011583011583011582,0.03474903474903475,0.0,0.0,0.03667953667953668,0.0,0.03088803088803089,0.02702702702702703,0.0,0.0,0.0,0.03861003861003861,0.0,0.023166023166023165,0.0,0.0,0.0,0.013513513513513514,0.009652509652509652,0.0,0.009652509652509652,0.011583011583011582,0.015444015444015444,0.013513513513513514,0.03667953667953668,0.03474903474903475,0.013513513513513514,0.025096525096525095,0.025096525096525095,0.011583011583011582,0.02895752895752896,0.011583011583011582,0.009652509652509652,0.0,0.0,0.013513513513513514,0.03667953667953668,0.02895752895752896,0.0,0.0
fusiform-rh,0.0,0.0,0.0219435736677116,0.0,0.01567398119122257,0.018808777429467086,0.009404388714733543,0.0,0.0219435736677116,0.009404388714733543,0.0,0.0219435736677116,0.0219435736677116,0.07523510971786834,0.0219435736677116,0.0,0.025078369905956112,0.0219435736677116,0.025078369905956112,0.0219435736677116,0.0,0.025078369905956112,0.02821316614420063,0.025078369905956112,0.0,0.0219435736677116,0.0219435736677116,0.025078369905956112,0.0,0.025078369905956112,0.0,0.0,0.012539184952978056,0.0,0.0219435736677116,0.025078369905956112,0.0,0.0,0.0,0.018808777429467086,0.0,0.025078369905956112,0.009404388714733543,0.0,0.0,0.025078369905956112,0.0219435736677116,0.0,0.0219435736677116,0.025078369905956112,0.0219435736677116,0.025078369905956112,0.0219435736677116,0.0219435736677116,0.003134796238244514,0.003134796238244514,0.0219435736677116,0.025078369905956112,0.025078369905956112,0.02821316614420063,0.018808777429467086,0.003134796238244514,0.0,0.0219435736677116,0.018808777429467086,0.025078369905956112,0.0,0.003134796238244514
inferiorparietal-lh,0.0,0.0,0.02857142857142857,0.0,0.022448979591836733,0.02857142857142857,0.0,0.0163265306122449,0.02857142857142857,0.006122448979591836,0.0,0.02857142857142857,0.02857142857142857,0.01020408163265306,0.04693877551020408,0.014285714285714285,0.02857142857142857,0.0,0.024489795918367346,0.02857142857142857,0.004081632653061225,0.02857142857142857,0.012244897959183673,0.02040816326530612,0.0,0.02857142857142857,0.024489795918367346,0.00816326530612245,0.004081632653061225,0.02857142857142857,0.0,0.0,0.024489795918367346,0.0,0.02857142857142857,0.030612244897959183,0.0,0.0,0.0,0.02857142857142857,0.0,0.022448979591836733,0.0020408163265306124,0.014285714285714285,0.00816326530612245,0.014285714285714285,0.01020408163265306,0.0,0.02040816326530612,0.012244897959183673,0.0163265306122449,0.014285714285714285,0.02857142857142857,0.02857142857142857,0.01020408163265306,0.018367346938775512,0.024489795918367346,0.012244897959183673,0.026530612244897958,0.012244897959183673,0.0163265306122449,0.004081632653061225,0.0,0.0163265306122449,0.02857142857142857,0.026530612244897958,0.0,0.0
inferiorparietal-rh,0.0,0.0,0.0,0.0,0.020833333333333332,0.0,0.0,0.14583333333333334,0.0,0.0,0.0,0.0,0.0,0.0,0.03125,0.17708333333333334,0.0,0.0,0.0,0.0,0.125,0.0,0.0,0.14583333333333334,0.0,0.0,0.0,0.0,0.0,0.0,0.0,0.010416666666666666,0.0,0.0,0.0,0.0,0.052083333333333336,0.0,0.0,0.0,0.0,0.0,0.0,0.052083333333333336,0.052083333333333336,0.0,0.0,0.0,0.08333333333333333,0.0,0.03125,0.0,0.0,0.0,0.0,0.0,0.0,0.0,0.0,0.0,0.010416666666666666,0.010416666666666666,0.010416666666666666,0.0,0.0,0.0,0.041666666666666664,0.0
inferiortemporal-lh,0.0,0.0,0.03474903474903475,0.0,0.015444015444015444,0.03474903474903475,0.0,0.0,0.03088803088803089,0.005791505791505791,0.0,0.03474903474903475,0.03474903474903475,0.011583011583011582,0.02702702702702703,0.0,0.032818532818532815,0.0,0.02702702702702703,0.032818532818532815,0.0,0.032818532818532815,0.007722007722007722,0.021235521235521235,0.0,0.03474903474903475,0.025096525096525095,0.007722007722007722,0.007722007722007722,0.03474903474903475,0.0,0.0,0.03088803088803089,0.0,0.03088803088803089,0.02702702702702703,0.0,0.0,0.0,0.032818532818532815,0.0,0.025096525096525095,0.0,0.0,0.0,0.015444015444015444,0.011583011583011582,0.0,0.011583011583011582,0.013513513513513514,0.017374517374517374,0.015444015444015444,0.03474903474903475,0.03474903474903475,0.011583011583011582,0.021235521235521235,0.02702702702702703,0.013513513513513514,0.02895752895752896,0.013513513513513514,0.011583011583011582,0.0,0.0,0.015444015444015444,0.032818532818532815,0.02895752895752896,0.0,0.0
inferiortemporal-rh,0.0,0.0,0.0,0.0,0.06779661016949153,0.0,0.05084745762711865,0.0,0.0,0.0,0.0,0.0,0.0,0.1016949152542373,0.0,0.0,0.0,0.3050847457627119,0.0,0.0,0.0,0.0,0.06779661016949153,0.0,0.0,0.0,0.03389830508474576,0.06779661016949153,0.0,0.0,0.0,0.01694915254237288,0.0,0.0,0.0,0.0,0.0,0.0,0.0,0.0,0.0,0.0,0.06779661016949153,0.01694915254237288,0.0,0.0,0.0,0.0,0.0,0.0,0.0,0.0,0.0,0.0,0.0,0.0,0.0,0.0,0.0,0.0847457627118644,0.0,0.11864406779661017,0.0,0.0,0.0,0.0,0.0,0.0
insula-lh,0.0,0.0,0.03333333333333333,0.0,0.0125,0.03125,0.0,0.0,0.03125,0.00625,0.0,0.03333333333333333,0.03333333333333333,0.0125,0.029166666666666667,0.0,0.03333333333333333,0.0,0.029166666666666667,0.03125,0.0,0.03333333333333333,0.008333333333333333,0.022916666666666665,0.0,0.03333333333333333,0.027083333333333334,0.008333333333333333,0.004166666666666667,0.03333333333333333,0.0,0.0,0.027083333333333334,0.0,0.03125,0.029166666666666667,0.0,0.0,0.0,0.03125,0.0,0.027083333333333334,0.0,0.0,0.0,0.016666666666666666,0.0125,0.0,0.0125,0.014583333333333334,0.01875,0.016666666666666666,0.03333333333333333,0.03333333333333333,0.008333333333333333,0.01875,0.029166666666666667,0.014583333333333334,0.03125,0.014583333333333334,0.0125,0.0,0.0,0.016666666666666666,0.03125,0.03125,0.0,0.0
insula-rh,0.0,0.0,0.03481624758220503,0.0,0.015473887814313346,0.0367504835589942,0.0,0.0,0.029013539651837523,0.005802707930367505,0.0,0.0367504835589942,0.0367504835589942,0.009671179883945842,0.025145067698259187,0.0,0.03288201160541586,0.0,0.027079303675048357,0.0425531914893617,0.0,0.03288201160541586,0.005802707930367505,0.019342359767891684,0.0,0.03481624758220503,0.02321083172147002,0.007736943907156673,0.009671179883945842,0.03481624758220503,0.0,0.0,0.03288201160541586,0.0,0.030947775628626693,0.027079303675048357,0.0,0.0,0.0,0.0367504835589942,0.0,0.02321083172147002,0.0,0.0,0.0,0.013539651837524178,0.009671179883945842,0.0,0.009671179883945842,0.01160541586073501,0.015473887814313346,0.013539651837524178,0.0367504835589942,0.03481624758220503,0.013539651837524178,0.02321083172147002,0.025145067698259187,0.01160541586073501,0.029013539651837523,0.01160541586073501,0.009671179883945842,0.0,0.0,0.013539651837524178,0.0367504835589942,0.029013539651837523,0.0,0.0
isthmuscingulate-lh,0.0,0.0,0.0,0.0,0.012195121951219513,0.0,0.0,0.08536585365853659,0.0,0.0,0.0,0.0,0.0,0.0,0.0,0.12195121951219512,0.0,0.0,0.0,0.0,0.21951219512195122,0.0,0.0,0.12195121951219512,0.0,0.0,0.0,0.0,0.0,0.0,0.0,0.0,0.0,0.0,0.0,0.0,0.06097560975609756,0.0,0.0,0.0,0.012195121951219513,0.0,0.0,0.04878048780487805,0.0,0.0,0.0,0.0,0.06097560975609756,0.0,0.036585365853658534,0.0,0.0,0.0,0.012195121951219513,0.0,0.0,0.0,0.0,0.0,0.08536585365853659,0.0,0.0,0.0,0.0,0.0,0.12195121951219512,0.0
isthmuscingulate-rh,0.0,0.0,0.03474903474903475,0.0,0.015444015444015444,0.03474903474903475,0.0,0.0,0.03088803088803089,0.005791505791505791,0.0,0.03474903474903475,0.03474903474903475,0.011583011583011582,0.02702702702702703,0.0,0.032818532818532815,0.0,0.02702702702702703,0.032818532818532815,0.0,0.032818532818532815,0.007722007722007722,0.021235521235521235,0.0,0.03474903474903475,0.025096525096525095,0.007722007722007722,0.007722007722007722,0.03474903474903475,0.0,0.0,0.03088803088803089,0.0,0.03088803088803089,0.02702702702702703,0.0,0.0,0.0,0.032818532818532815,0.0,0.025096525096525095,0.0,0.0,0.0,0.015444015444015444,0.011583011583011582,0.0,0.011583011583011582,0.013513513513513514,0.017374517374517374,0.015444015444015444,0.03474903474903475,0.03474903474903475,0.011583011583011582,0.021235521235521235,0.02702702702702703,0.013513513513513514,0.02895752895752896,0.013513513513513514,0.011583011583011582,0.0,0.0,0.015444015444015444,0.032818532818532815,0.02895752895752896,0.0,0.0
lateraloccipital-lh,0.0,0.0,0.02032520325203252,0.0,0.012195121951219513,0.016260162601626018,0.0,0.0,0.02032520325203252,0.012195121951219513,0.0,0.02032520325203252,0.02032520325203252,0.044715447154471545,0.04065040650406504,0.0,0.02032520325203252,0.008130081300813009,0.02032520325203252,0.02032520325203252,0.0,0.02032520325203252,0.08536585365853659,0.02032520325203252,0.0,0.02032520325203252,0.024390243902439025,0.016260162601626018,0.0,0.02032520325203252,0.0,0.0,0.008130081300813009,0.0,0.02032520325203252,0.024390243902439025,0.0,0.0,0.0,0.016260162601626018,0.0,0.02032520325203252,0.044715447154471545,0.0,0.0,0.036585365853658534,0.02032520325203252,0.0,0.028455284552845527,0.02032520325203252,0.02032520325203252,0.02032520325203252,0.02032520325203252,0.02032520325203252,0.008130081300813009,0.0,0.02032520325203252,0.024390243902439025,0.02032520325203252,0.02032520325203252,0.02032520325203252,0.0,0.0,0.044715447154471545,0.016260162601626018,0.02032520325203252,0.0,0.0
lateraloccipital-rh,0.0,0.0,0.026373626373626374,0.0,0.01098901098901099,0.024175824175824177,0.0,0.015384615384615385,0.026373626373626374,0.006593406593406593,0.0,0.026373626373626374,0.026373626373626374,0.013186813186813187,0.024175824175824177,0.02197802197802198,0.026373626373626374,0.0,0.026373626373626374,0.026373626373626374,0.01978021978021978,0.026373626373626374,0.008791208791208791,0.04835164835164835,0.0,0.026373626373626374,0.024175824175824177,0.008791208791208791,0.002197802197802198,0.026373626373626374,0.0,0.004395604395604396,0.01978021978021978,0.0,0.026373626373626374,0.026373626373626374,0.015384615384615385,0.0,0.0,0.024175824175824177,0.002197802197802198,0.024175824175824177,0.0,0.0,0.002197802197802198,0.017582417582417582,0.013186813186813187,0.0,0.01978021978021978,0.015384615384615385,0.026373626373626374,0.017582417582417582,0.026373626373626374,0.026373626373626374,0.006593406593406593,0.013186813186813187,0.026373626373626374,0.015384615384615385,0.026373626373626374,0.015384615384615385,0.013186813186813187,0.0,0.004395604395604396,0.017582417582417582,0.024175824175824177,0.026373626373626374,0.01098901098901099,0.0
lateralorbitofrontal-lh,0.06172839506172839,0.037037037037037035,0.0,0.0,0.0,0.0,0.0,0.0,0.0,0.0,0.12345679012345678,0.0,0.0,0.0,0.0,0.0,0.0,0.0,0.0,0.0,0.0,0.0,0.0,0.0,0.2962962962962963,0.0,0.0,0.0,0.0,0.0,0.04938271604938271,0.0,0.0,0.07407407407407407,0.0,0.0,0.0,0.07407407407407407,0.0,0.0,0.0,0.0,0.0,0.0,0.0,0.0,0.0,0.07407407407407407,0.0,0.0,0.0,0.0,0.0,0.0,0.06172839506172839,0.0,0.0,0.0,0.0,0.0,0.0,0.0,0.07407407407407407,0.0,0.0,0.0,0.0,0.07407407407407407
lateralorbitofrontal-rh,0.0,0.0,0.03434343434343434,0.0,0.01616161616161616,0.03838383838383838,0.0,0.0,0.030303030303030304,0.006060606060606061,0.0,0.03636363636363636,0.03636363636363636,0.010101010101010102,0.026262626262626262,0.0,0.03232323232323232,0.0,0.026262626262626262,0.03232323232323232,0.0,0.03232323232323232,0.006060606060606061,0.020202020202020204,0.0,0.03434343434343434,0.024242424242424242,0.00808080808080808,0.010101010101010102,0.03434343434343434,0.0,0.0,0.03434343434343434,0.0,0.030303030303030304,0.026262626262626262,0.0,0.0,0.0,0.03636363636363636,0.0,0.024242424242424242,0.0,0.0,0.0,0.014141414141414142,0.010101010101010102,0.0,0.010101010101010102,0.012121212121212121,0.01616161616161616,0.014141414141414142,0.03636363636363636,0.03434343434343434,0.014141414141414142,0.024242424242424242,0.026262626262626262,0.012121212121212121,0.028282828282828285,0.012121212121212121,0.010101010101010102,0.0,0.0,0.014141414141414142,0.03636363636363636,0.028282828282828285,0.0,0.0
lingual-lh,0.0,0.0,0.029411764705882353,0.0,0.01583710407239819,0.029411764705882353,0.0,0.0,0.029411764705882353,0.006787330316742082,0.0,0.029411764705882353,0.029411764705882353,0.011312217194570135,0.024886877828054297,0.0,0.029411764705882353,0.00904977375565611,0.024886877828054297,0.029411764705882353,0.0,0.029411764705882353,0.013574660633484163,0.020361990950226245,0.0,0.029411764705882353,0.05203619909502263,0.00904977375565611,0.004524886877828055,0.029411764705882353,0.0,0.0,0.024886877828054297,0.0,0.029411764705882353,0.024886877828054297,0.0,0.0,0.0,0.029411764705882353,0.0,0.02262443438914027,0.024886877828054297,0.00904977375565611,0.0,0.01583710407239819,0.011312217194570135,0.0,0.011312217194570135,0.013574660633484163,0.02262443438914027,0.02262443438914027,0.029411764705882353,0.029411764705882353,0.011312217194570135,0.01809954751131222,0.024886877828054297,0.013574660633484163,0.027149321266968326,0.013574660633484163,0.011312217194570135,0.0,0.0,0.01583710407239819,0.029411764705882353,0.027149321266968326,0.0,0.0
lingual-rh,0.0,0.0,0.017167381974248927,0.0,0.012875536480686695,0.017167381974248927,0.06437768240343347,0.0,0.017167381974248927,0.008583690987124463,0.0,0.017167381974248927,0.017167381974248927,0.03862660944206009,0.017167381974248927,0.0,0.017167381974248927,0.02145922746781116,0.017167381974248927,0.017167381974248927,0.0,0.017167381974248927,0.008583690987124463,0.017167381974248927,0.0,0.017167381974248927,0.017167381974248927,0.0944206008583691,0.0,0.017167381974248927,0.0,0.0,0.012875536480686695,0.0,0.017167381974248927,0.017167381974248927,0.04721030042918455,0.0,0.0,0.017167381974248927,0.03862660944206009,0.017167381974248927,0.008583690987124463,0.0,0.0,0.017167381974248927,0.017167381974248927,0.0,0.017167381974248927,0.017167381974248927,0.017167381974248927,0.017167381974248927,0.017167381974248927,0.017167381974248927,0.0,0.0,0.017167381974248927,0.017167381974248927,0.017167381974248927,0.017167381974248927,0.017167381974248927,0.0,0.05150214592274678,0.017167381974248927,0.017167381974248927,0.017167381974248927,0.008583690987124463,0.0
medialorbitofrontal-lh,0.0,0.0,0.029411764705882353,0.0,0.014705882352941176,0.058823529411764705,0.0,0.0,0.0,0.0,0.0,0.04411764705882353,0.04411764705882353,0.0,0.0,0.0,0.014705882352941176,0.0,0.0,0.014705882352941176,0.0,0.014705882352941176,0.0,0.0,0.0,0.029411764705882353,0.0,0.0,0.3088235294117647,0.029411764705882353,0.0,0.0,0.10294117647058823,0.0,0.0,0.0,0.0,0.0,0.0,0.058823529411764705,0.0,0.0,0.0,0.0,0.0,0.0,0.0,0.0,0.0,0.0,0.0,0.0,0.04411764705882353,0.029411764705882353,0.029411764705882353,0.08823529411764706,0.0,0.0,0.0,0.0,0.0,0.0,0.0,0.0,0.04411764705882353,0.0,0.0,0.0
medialorbitofrontal-rh,0.0,0.0,0.03473491773308958,0.0,0.014625228519195612,0.03656307129798903,0.0,0.0,0.029250457038391225,0.005484460694698354,0.0,0.03656307129798903,0.03656307129798903,0.010968921389396709,0.025594149908592323,0.0,0.03290676416819013,0.0,0.027422303473491772,0.03290676416819013,0.0,0.03290676416819013,0.007312614259597806,0.02010968921389397,0.0,0.03473491773308958,0.02376599634369287,0.007312614259597806,0.009140767824497258,0.03473491773308958,0.0,0.0,0.03290676416819013,0.0,0.031078610603290677,0.027422303473491772,0.0,0.0,0.0,0.03473491773308958,0.0,0.02376599634369287,0.0,0.0,0.0,0.014625228519195612,0.010968921389396709,0.0,0.010968921389396709,0.012797074954296161,0.016453382084095063,0.014625228519195612,0.03656307129798903,0.03473491773308958,0.012797074954296161,0.021937842778793418,0.025594149908592323,0.012797074954296161,0.029250457038391225,0.012797074954296161,0.010968921389396709,0.0,0.0,0.014625228519195612,0.03473491773308958,0.029250457038391225,0.0,0.0
middletemporal-lh,0.07936507936507936,0.047619047619047616,0.0,0.0,0.0,0.0,0.0,0.0,0.0,0.0,0.031746031746031744,0.0,0.0,0.0,0.0,0.0,0.0,0.0,0.0,0.0,0.0,0.0,0.0,0.0,0.07936507936507936,0.0,0.0,0.0,0.0,0.0,0.31746031746031744,0.0,0.0,0.07936507936507936,0.0,0.0,0.0,0.07936507936507936,0.0,0.0,0.0,0.0,0.0,0.0,0.0,0.0,0.0,0.07936507936507936,0.0,0.0,0.0,0.0,0.0,0.0,0.0,0.0,0.015873015873015872,0.0,0.0,0.0,0.047619047619047616,0.0,0.0,0.0,0.0,0.0,0.06349206349206349,0.07936507936507936
middletemporal-rh,0.0,0.1875,0.0,0.0,0.0,0.0,0.0,0.0,0.0,0.0,0.015625,0.0,0.0,0.0,0.0,0.0,0.0,0.0,0.0,0.0,0.0,0.0,0.0,0.0,0.03125,0.0,0.0,0.03125,0.0,0.0,0.0,0.421875,0.0,0.0,0.0,0.0,0.046875,0.0,0.0,0.0,0.03125,0.0,0.0,0.03125,0.0625,0.0,0.0,0.0,0.0,0.0,0.0,0.0,0.0,0.0,0.0,0.0,0.0,0.0,0.0,0.0,0.0,0.0625,0.078125,0.0,0.0,0.0,0.0,0.0
paracentral-lh,0.0,0.0,0.036585365853658534,0.0,0.01951219512195122,0.041463414634146344,0.0,0.0,0.02926829268292683,0.0,0.0,0.03902439024390244,0.03902439024390244,0.004878048780487805,0.024390243902439025,0.0,0.03414634146341464,0.0,0.026829268292682926,0.03414634146341464,0.0,0.03414634146341464,0.0,0.01707317073170732,0.0,0.036585365853658534,0.02195121951219512,0.0024390243902439024,0.01951219512195122,0.036585365853658534,0.0,0.0,0.04878048780487805,0.0,0.03170731707317073,0.026829268292682926,0.0,0.0,0.0,0.041463414634146344,0.0,0.02195121951219512,0.0,0.0,0.0,0.00975609756097561,0.004878048780487805,0.0,0.004878048780487805,0.007317073170731708,0.012195121951219513,0.00975609756097561,0.03902439024390244,0.036585365853658534,0.01707317073170732,0.03902439024390244,0.024390243902439025,0.007317073170731708,0.02926829268292683,0.007317073170731708,0.004878048780487805,0.0,0.0,0.00975609756097561,0.03902439024390244,0.02926829268292683,0.0,0.0
paracentral-rh,0.08256880733944955,0.027522935779816515,0.045871559633027525,0.0,0.0,0.0,0.0,0.0,0.0,0.0,0.05504587155963303,0.0,0.0,0.009174311926605505,0.0,0.0,0.0,0.0,0.0,0.0,0.0,0.0,0.0,0.0,0.045871559633027525,0.0,0.0,0.0,0.0,0.0,0.03669724770642202,0.0,0.0,0.22018348623853212,0.0,0.0,0.01834862385321101,0.09174311926605505,0.0,0.0,0.06422018348623854,0.0,0.0,0.0,0.0,0.0,0.0,0.10091743119266056,0.0,0.0,0.0,0.0,0.0,0.0,0.009174311926605505,0.0,0.045871559633027525,0.009174311926605505,0.0,0.009174311926605505,0.0,0.0,0.0,0.0,0.0,0.0,0.027522935779816515,0.10091743119266056
parahippocampal-lh,0.0,0.0,0.035196687370600416,0.0,0.016563146997929608,0.035196687370600416,0.0,0.0,0.031055900621118012,0.006211180124223602,0.0,0.035196687370600416,0.035196687370600416,0.010351966873706004,0.026915113871635612,0.0,0.033126293995859216,0.0,0.026915113871635612,0.033126293995859216,0.0,0.033126293995859216,0.006211180124223602,0.020703933747412008,0.0,0.035196687370600416,0.024844720496894408,0.008281573498964804,0.008281573498964804,0.035196687370600416,0.0,0.0,0.031055900621118012,0.0,0.031055900621118012,0.026915113871635612,0.0,0.0,0.0,0.035196687370600416,0.0,0.024844720496894408,0.0,0.0,0.0,0.014492753623188406,0.010351966873706004,0.0,0.010351966873706004,0.012422360248447204,0.016563146997929608,0.014492753623188406,0.035196687370600416,0.035196687370600416,0.012422360248447204,0.022774327122153208,0.026915113871635612,0.012422360248447204,0.028985507246376812,0.012422360248447204,0.010351966873706004,0.0,0.0,0.014492753623188406,0.035196687370600416,0.028985507246376812,0.0,0.0
parahippocampal-rh,0.0,0.0,0.032989690721649485,0.0,0.012371134020618556,0.030927835051546393,0.0,0.0,0.030927835051546393,0.006185567010309278,0.0,0.032989690721649485,0.032989690721649485,0.012371134020618556,0.030927835051546393,0.0,0.032989690721649485,0.0,0.0288659793814433,0.030927835051546393,0.0,0.032989690721649485,0.008247422680412371,0.02268041237113402,0.0,0.032989690721649485,0.026804123711340205,0.008247422680412371,0.004123711340206186,0.032989690721649485,0.0,0.0,0.026804123711340205,0.0,0.030927835051546393,0.03711340206185567,0.0,0.0,0.0,0.030927835051546393,0.0,0.026804123711340205,0.0,0.0,0.0,0.016494845360824743,0.012371134020618556,0.0,0.012371134020618556,0.01443298969072165,0.018556701030927835,0.016494845360824743,0.032989690721649485,0.032989690721649485,0.008247422680412371,0.018556701030927835,0.0288659793814433,0.01443298969072165,0.030927835051546393,0.01443298969072165,0.012371134020618556,0.0,0.0,0.016494845360824743,0.030927835051546393,0.030927835051546393,0.0,0.0
parsopercularis-lh,0.0,0.0,0.0,0.0,0.0,0.0,0.1,0.0,0.0,0.0,0.0,0.0,0.0,0.0,0.0,0.011111111111111112,0.0,0.0,0.0,0.0,0.011111111111111112,0.0,0.0,0.03333333333333333,0.0,0.0,0.0,0.16666666666666666,0.0,0.0,0.0,0.03333333333333333,0.0,0.022222222222222223,0.0,0.0,0.2111111111111111,0.0,0.0,0.0,0.15555555555555556,0.0,0.0,0.0,0.0,0.0,0.0,0.0,0.0,0.0,0.011111111111111112,0.0,0.0,0.0,0.0,0.0,0.0,0.0,0.0,0.0,0.0,0.0,0.17777777777777778,0.0,0.0,0.0,0.06666666666666667,0.0
parsopercularis-rh,0.15217391304347827,0.03260869565217391,0.0,0.0,0.0,0.0,0.0,0.0,0.0,0.0,0.06521739130434782,0.0,0.0,0.010869565217391304,0.0,0.0,0.0,0.0,0.0,0.0,0.0,0.0,0.0,0.0,0.05434782608695652,0.0,0.0,0.0,0.0,0.0,0.043478260869565216,0.0,0.0,0.11956521739130435,0.0,0.0,0.0,0.16304347826086957,0.0,0.0,0.0,0.0,0.0,0.0,0.0,0.0,0.0,0.16304347826086957,0.0,0.0,0.0,0.0,0.0,0.0,0.0,0.0,0.0,0.010869565217391304,0.0,0.010869565217391304,0.0,0.0,0.0,0.0,0.0,0.0,0.0,0.17391304347826086
parsorbitalis-lh,0.0,0.0,0.0,0.0,0.0,0.0,0.0,0.0,0.3333333333333333,0.0,0.0,0.0,0.0,0.0,0.0,0.0,0.0,0.0,0.0,0.0,0.0,0.0,0.0,0.0,0.0,0.0,0.0,0.0,0.0,0.0,0.0,0.0,0.0,0.0,0.0,0.0,0.0,0.0,0.6388888888888888,0.0,0.0,0.0,0.0,0.0,0.0,0.0,0.0,0.0,0.0,0.0,0.0,0.0,0.0,0.027777777777777776,0.0,0.0,0.0,0.0,0.0,0.0,0.0,0.0,0.0,0.0,0.0,0.0,0.0,0.0
parsorbitalis-rh,0.0,0.0,0.035196687370600416,0.0,0.016563146997929608,0.039337474120082816,0.0,0.0,0.028985507246376812,0.004140786749482402,0.0,0.037267080745341616,0.037267080745341616,0.008281573498964804,0.024844720496894408,0.0,0.033126293995859216,0.0,0.026915113871635612,0.033126293995859216,0.0,0.033126293995859216,0.004140786749482402,0.018633540372670808,0.0,0.035196687370600416,0.022774327122153208,0.006211180124223602,0.014492753623188406,0.035196687370600416,0.0,0.0,0.041407867494824016,0.0,0.031055900621118012,0.026915113871635612,0.0,0.0,0.0,0.039337474120082816,0.0,0.022774327122153208,0.0,0.0,0.0,0.012422360248447204,0.008281573498964804,0.0,0.008281573498964804,0.010351966873706004,0.014492753623188406,0.012422360248447204,0.037267080745341616,0.035196687370600416,0.014492753623188406,0.028985507246376812,0.024844720496894408,0.010351966873706004,0.028985507246376812,0.010351966873706004,0.008281573498964804,0.0,0.0,0.012422360248447204,0.037267080745341616,0.028985507246376812,0.0,0.0
parstriangularis-lh,0.0,0.0,0.0,0.0,0.0,0.0,0.09333333333333334,0.0,0.0,0.0,0.0,0.0,0.0,0.0,0.0,0.0,0.0,0.0,0.0,0.0,0.0,0.0,0.0,0.0,0.0,0.0,0.0,0.14666666666666667,0.0,0.0,0.0,0.0,0.0,0.10666666666666667,0.0,0.0,0.16,0.0,0.0,0.0,0.24,0.0,0.0,0.0,0.0,0.0,0.0,0.0,0.0,0.0,0.0,0.0,0.0,0.0,0.013333333333333334,0.0,0.013333333333333334,0.0,0.0,0.0,0.0,0.0,0.14666666666666667,0.0,0.0,0.0,0.08,0.0
parstriangularis-rh,0.0,0.0,0.03167420814479638,0.0,0.013574660633484163,0.029411764705882353,0.0,0.0,0.03167420814479638,0.006787330316742082,0.0,0.03167420814479638,0.03167420814479638,0.013574660633484163,0.029411764705882353,0.0,0.03167420814479638,0.0,0.029411764705882353,0.03167420814479638,0.0,0.03167420814479638,0.00904977375565611,0.024886877828054297,0.0,0.03167420814479638,0.029411764705882353,0.00904977375565611,0.0022624434389140274,0.03167420814479638,0.0,0.0,0.024886877828054297,0.0,0.03167420814479638,0.029411764705882353,0.0,0.0,0.0,0.029411764705882353,0.0,0.027149321266968326,0.0,0.0,0.0,0.01809954751131222,0.013574660633484163,0.0,0.013574660633484163,0.01583710407239819,0.020361990950226245,0.01809954751131222,0.03167420814479638,0.03167420814479638,0.00904977375565611,0.01809954751131222,0.029411764705882353,0.01583710407239819,0.03167420814479638,0.01583710407239819,0.013574660633484163,0.0,0.0,0.01809954751131222,0.029411764705882353,0.03167420814479638,0.0,0.0
pericalcarine-lh,0.0,0.0,0.0,0.0,0.014705882352941176,0.0,0.029411764705882353,0.0,0.0,0.0,0.0,0.0,0.0,0.10294117647058823,0.04411764705882353,0.0,0.0,0.058823529411764705,0.0,0.0,0.0,0.0,0.19117647058823528,0.0,0.0,0.0,0.10294117647058823,0.0,0.0,0.0,0.0,0.0,0.0,0.0,0.0,0.0,0.0,0.0,0.0,0.0,0.0,0.0,0.3088235294117647,0.04411764705882353,0.0,0.04411764705882353,0.0,0.0,0.0,0.0,0.0,0.0,0.0,0.0,0.0,0.0,0.0,0.0,0.0,0.0,0.0,0.0,0.0,0.058823529411764705,0.0,0.0,0.0,0.0
pericalcarine-rh,0.0,0.0,0.0,0.0,0.07563025210084033,0.0,0.008403361344537815,0.10084033613445378,0.0,0.0,0.0,0.0,0.0,0.0,0.06722689075630252,0.07563025210084033,0.0,0.0,0.0,0.0,0.058823529411764705,0.0,0.0,0.01680672268907563,0.0,0.0,0.05042016806722689,0.0,0.0,0.0,0.0,0.0,0.0,0.0,0.0,0.0,0.0,0.0,0.0,0.0,0.0,0.0,0.04201680672268908,0.21008403361344538,0.06722689075630252,0.0,0.0,0.0,0.10084033613445378,0.0,0.0,0.008403361344537815,0.0,0.0,0.008403361344537815,0.0,0.0,0.0,0.0,0.0,0.058823529411764705,0.05042016806722689,0.0,0.0,0.0,0.0,0.0,0.0
postcentral-lh,0.0,0.12,0.0,0.0,0.013333333333333334,0.0,0.0,0.10666666666666667,0.0,0.0,0.013333333333333334,0.0,0.0,0.0,0.05333333333333334,0.09333333333333334,0.0,0.0,0.0,0.0,0.013333333333333334,0.0,0.0,0.04,0.0,0.0,0.0,0.0,0.0,0.0,0.0,0.02666666666666667,0.0,0.0,0.0,0.0,0.0,0.0,0.0,0.0,0.0,0.0,0.0,0.08,0.22666666666666666,0.0,0.0,0.0,0.05333333333333334,0.0,0.0,0.0,0.0,0.0,0.0,0.0,0.0,0.0,0.0,0.0,0.0,0.12,0.04,0.0,0.0,0.0,0.0,0.0
postcentral-rh,0.0,0.0,0.023809523809523808,0.0291005291005291,0.013227513227513227,0.021164021164021163,0.0,0.0,0.023809523809523808,0.03439153439153439,0.0,0.023809523809523808,0.023809523809523808,0.015873015873015872,0.0291005291005291,0.0,0.023809523809523808,0.0,0.023809523809523808,0.023809523809523808,0.0,0.023809523809523808,0.021164021164021163,0.021164021164021163,0.0,0.023809523809523808,0.023809523809523808,0.010582010582010581,0.0,0.023809523809523808,0.0,0.0,0.015873015873015872,0.0,0.023809523809523808,0.023809523809523808,0.0,0.0,0.0,0.021164021164021163,0.0,0.023809523809523808,0.010582010582010581,0.0,0.0,0.0582010582010582,0.015873015873015872,0.0,0.015873015873015872,0.03439153439153439,0.023809523809523808,0.021164021164021163,0.023809523809523808,0.023809523809523808,0.007936507936507936,0.007936507936507936,0.023809523809523808,0.021164021164021163,0.023809523809523808,0.018518518518518517,0.015873015873015872,0.0,0.0,0.042328042328042326,0.021164021164021163,0.023809523809523808,0.0,0.0
posteriorcingulate-lh,0.0,0.0,0.024054982817869417,0.0,0.010309278350515464,0.020618556701030927,0.0,0.0,0.024054982817869417,0.013745704467353952,0.0,0.024054982817869417,0.024054982817869417,0.020618556701030927,0.024054982817869417,0.0,0.024054982817869417,0.0,0.024054982817869417,0.024054982817869417,0.0,0.024054982817869417,0.013745704467353952,0.024054982817869417,0.0,0.024054982817869417,0.024054982817869417,0.013745704467353952,0.0,0.024054982817869417,0.0,0.0,0.013745704467353952,0.0,0.024054982817869417,0.024054982817869417,0.0,0.0,0.0,0.020618556701030927,0.0,0.024054982817869417,0.0,0.0,0.0,0.024054982817869417,0.06529209621993128,0.0,0.020618556701030927,0.024054982817869417,0.030927835051546393,0.024054982817869417,0.024054982817869417,0.024054982817869417,0.013745704467353952,0.003436426116838488,0.024054982817869417,0.061855670103092786,0.024054982817869417,0.024054982817869417,0.020618556701030927,0.0,0.0,0.03436426116838488,0.020618556701030927,0.024054982817869417,0.0,0.0
posteriorcingulate-rh,0.13953488372093023,0.03488372093023256,0.0,0.0,0.0,0.0,0.0,0.0,0.0,0.0,0.08139534883720931,0.0,0.0,0.011627906976744186,0.0,0.0,0.0,0.0,0.0,0.0,0.0,0.0,0.0,0.0,0.05813953488372093,0.0,0.0,0.0,0.0,0.0,0.046511627906976744,0.0,0.0,0.12790697674418605,0.0,0.0,0.0,0.1511627906976744,0.0,0.0,0.0,0.0,0.0,0.0,0.0,0.0,0.0,0.16279069767441862,0.0,0.0,0.0,0.0,0.0,0.0,0.0,0.0,0.0,0.011627906976744186,0.0,0.011627906976744186,0.0,0.0,0.0,0.0,0.0,0.0,0.0,0.16279069767441862
precentral-lh,0.0,0.0,0.01907356948228883,0.0,0.03814713896457766,0.01634877384196185,0.0,0.0326975476839237,0.01907356948228883,0.008174386920980926,0.008174386920980926,0.01907356948228883,0.01907356948228883,0.01634877384196185,0.02997275204359673,0.027247956403269755,0.01907356948228883,0.0,0.01907356948228883,0.01907356948228883,0.02997275204359673,0.01907356948228883,0.01634877384196185,0.03814713896457766,0.0,0.01907356948228883,0.01907356948228883,0.010899182561307902,0.0,0.01907356948228883,0.0,0.0,0.010899182561307902,0.0,0.01907356948228883,0.01907356948228883,0.0,0.0,0.0,0.01634877384196185,0.0,0.01907356948228883,0.0,0.027247956403269755,0.005449591280653951,0.01907356948228883,0.01634877384196185,0.0,0.07084468664850137,0.01907356948228883,0.01907356948228883,0.01907356948228883,0.01907356948228883,0.01907356948228883,0.01907356948228883,0.0027247956403269754,0.01907356948228883,0.01907356948228883,0.01907356948228883,0.01907356948228883,0.03814713896457766,0.0,0.008174386920980926,0.01907356948228883,0.01634877384196185,0.01907356948228883,0.0,0.0
precentral-rh,0.0,0.0,0.023121387283236993,0.04335260115606936,0.011560693641618497,0.02023121387283237,0.0,0.0,0.023121387283236993,0.02601156069364162,0.0,0.023121387283236993,0.023121387283236993,0.017341040462427744,0.023121387283236993,0.0,0.023121387283236993,0.0,0.023121387283236993,0.023121387283236993,0.0,0.023121387283236993,0.011560693641618497,0.023121387283236993,0.0,0.023121387283236993,0.023121387283236993,0.011560693641618497,0.0,0.023121387283236993,0.0,0.0,0.014450867052023121,0.0,0.023121387283236993,0.023121387283236993,0.0,0.0,0.0,0.02023121387283237,0.0,0.023121387283236993,0.0,0.0,0.0,0.046242774566473986,0.017341040462427744,0.0,0.017341040462427744,0.07225433526011561,0.023121387283236993,0.023121387283236993,0.023121387283236993,0.023121387283236993,0.005780346820809248,0.023121387283236993,0.023121387283236993,0.023121387283236993,0.023121387283236993,0.02023121387283237,0.017341040462427744,0.0,0.0,0.028901734104046242,0.02023121387283237,0.023121387283236993,0.0,0.0
precuneus-lh,0.0,0.0,0.025280898876404494,0.0,0.016853932584269662,0.025280898876404494,0.0,0.0,0.025280898876404494,0.019662921348314606,0.0,0.025280898876404494,0.025280898876404494,0.014044943820224719,0.025280898876404494,0.0028089887640449437,0.025280898876404494,0.0,0.02247191011235955,0.025280898876404494,0.0056179775280898875,0.025280898876404494,0.008426966292134831,0.025280898876404494,0.0,0.025280898876404494,0.03651685393258427,0.011235955056179775,0.0,0.025280898876404494,0.0,0.0,0.019662921348314606,0.0,0.025280898876404494,0.02247191011235955,0.008426966292134831,0.0,0.0,0.025280898876404494,0.0028089887640449437,0.02247191011235955,0.0,0.0,0.0,0.019662921348314606,0.025280898876404494,0.0,0.014044943820224719,0.016853932584269662,0.06179775280898876,0.042134831460674156,0.025280898876404494,0.025280898876404494,0.011235955056179775,0.011235955056179775,0.02247191011235955,0.02247191011235955,0.025280898876404494,0.016853932584269662,0.014044943820224719,0.0,0.0,0.019662921348314606,0.025280898876404494,0.025280898876404494,0.008426966292134831,0.0
precuneus-rh,0.0,0.0,0.02608695652173913,0.0,0.014492753623188406,0.02318840579710145,0.0,0.0,0.02608695652173913,0.011594202898550725,0.0,0.02608695652173913,0.02608695652173913,0.017391304347826087,0.02608695652173913,0.0,0.02608695652173913,0.0,0.02608695652173913,0.02608695652173913,0.0,0.02608695652173913,0.011594202898550725,0.02318840579710145,0.0,0.02608695652173913,0.0463768115942029,0.011594202898550725,0.0,0.02608695652173913,0.0,0.0,0.017391304347826087,0.0,0.02608695652173913,0.02608695652173913,0.0,0.0,0.0,0.02318840579710145,0.0,0.02608695652173913,0.005797101449275362,0.008695652173913044,0.0,0.02318840579710145,0.017391304347826087,0.0,0.017391304347826087,0.020289855072463767,0.04057971014492753,0.04927536231884058,0.02608695652173913,0.02608695652173913,0.008695652173913044,0.008695652173913044,0.02608695652173913,0.020289855072463767,0.02608695652173913,0.020289855072463767,0.017391304347826087,0.0,0.0,0.02318840579710145,0.02318840579710145,0.02608695652173913,0.0,0.0
rostralanteriorcingulate-lh,0.0,0.0,0.03406813627254509,0.0,0.01603206412825651,0.03807615230460922,0.0,0.0,0.03006012024048096,0.006012024048096192,0.0,0.036072144288577156,0.036072144288577156,0.01002004008016032,0.026052104208416832,0.0,0.03206412825651302,0.0,0.026052104208416832,0.03206412825651302,0.0,0.03206412825651302,0.006012024048096192,0.02004008016032064,0.0,0.03406813627254509,0.02404809619238477,0.008016032064128256,0.012024048096192385,0.03406813627254509,0.0,0.0,0.036072144288577156,0.0,0.03006012024048096,0.026052104208416832,0.0,0.0,0.0,0.03807615230460922,0.0,0.02404809619238477,0.0,0.0,0.0,0.014028056112224449,0.01002004008016032,0.0,0.01002004008016032,0.012024048096192385,0.01603206412825651,0.014028056112224449,0.036072144288577156,0.03406813627254509,0.014028056112224449,0.026052104208416832,0.026052104208416832,0.012024048096192385,0.028056112224448898,0.012024048096192385,0.01002004008016032,0.0,0.0,0.014028056112224449,0.036072144288577156,0.028056112224448898,0.0,0.0
rostralanteriorcingulate-rh,0.0,0.0,0.03420523138832998,0.0,0.01609657947686117,0.03822937625754527,0.0,0.0,0.03219315895372234,0.006036217303822937,0.0,0.03621730382293763,0.03621730382293763,0.01006036217303823,0.026156941649899398,0.0,0.03219315895372234,0.0,0.026156941649899398,0.03219315895372234,0.0,0.03219315895372234,0.006036217303822937,0.02012072434607646,0.0,0.03420523138832998,0.02414486921529175,0.008048289738430584,0.01006036217303823,0.03420523138832998,0.0,0.0,0.03420523138832998,0.0,0.030181086519114688,0.026156941649899398,0.0,0.0,0.002012072434607646,0.03621730382293763,0.0,0.02414486921529175,0.0,0.0,0.0,0.014084507042253521,0.01006036217303823,0.0,0.01006036217303823,0.012072434607645875,0.01609657947686117,0.014084507042253521,0.03621730382293763,0.03420523138832998,0.014084507042253521,0.02414486921529175,0.026156941649899398,0.012072434607645875,0.028169014084507043,0.012072434607645875,0.01006036217303823,0.0,0.0,0.014084507042253521,0.03621730382293763,0.028169014084507043,0.0,0.0
rostralmiddlefrontal-lh,0.0,0.0,0.026041666666666668,0.0,0.052083333333333336,0.03125,0.0,0.0,0.020833333333333332,0.0,0.026041666666666668,0.03125,0.03125,0.0,0.015625,0.0,0.020833333333333332,0.0,0.010416666666666666,0.026041666666666668,0.015625,0.020833333333333332,0.010416666666666666,0.005208333333333333,0.020833333333333332,0.026041666666666668,0.015625,0.0,0.020833333333333332,0.026041666666666668,0.0,0.0,0.036458333333333336,0.0,0.020833333333333332,0.010416666666666666,0.0,0.0,0.0,0.036458333333333336,0.0,0.010416666666666666,0.0,0.015625,0.0,0.005208333333333333,0.015625,0.0,0.036458333333333336,0.0,0.010416666666666666,0.005208333333333333,0.03125,0.026041666666666668,0.11979166666666667,0.036458333333333336,0.010416666666666666,0.010416666666666666,0.015625,0.0,0.020833333333333332,0.0,0.020833333333333332,0.005208333333333333,0.03125,0.015625,0.0,0.0
rostralmiddlefrontal-rh,0.0,0.0,0.037037037037037035,0.014814814814814815,0.018518518518518517,0.040740740740740744,0.0,0.0,0.02962962962962963,0.0,0.0,0.040740740740740744,0.040740740740740744,0.0,0.022222222222222223,0.0,0.03333333333333333,0.0,0.022222222222222223,0.03333333333333333,0.0,0.03333333333333333,0.0,0.014814814814814815,0.0,0.037037037037037035,0.022222222222222223,0.0,0.02962962962962963,0.037037037037037035,0.0,0.0,0.05185185185185185,0.0,0.02962962962962963,0.022222222222222223,0.0,0.0,0.0,0.044444444444444446,0.0,0.018518518518518517,0.0,0.0,0.0,0.007407407407407408,0.0,0.0,0.0,0.022222222222222223,0.007407407407407408,0.003703703703703704,0.040740740740740744,0.037037037037037035,0.022222222222222223,0.06666666666666667,0.022222222222222223,0.0,0.025925925925925925,0.0,0.0,0.0,0.0,0.003703703703703704,0.040740740740740744,0.025925925925925925,0.0,0.0
superiorfrontal-lh,0.0,0.0,0.033482142857142856,0.006696428571428571,0.013392857142857142,0.03125,0.0,0.0,0.03125,0.006696428571428571,0.0,0.03125,0.03125,0.011160714285714286,0.026785714285714284,0.0,0.03125,0.0,0.026785714285714284,0.029017857142857144,0.0,0.03125,0.006696428571428571,0.022321428571428572,0.0,0.03125,0.026785714285714284,0.008928571428571428,0.004464285714285714,0.03125,0.006696428571428571,0.0,0.026785714285714284,0.006696428571428571,0.029017857142857144,0.026785714285714284,0.0,0.0,0.004464285714285714,0.03125,0.0,0.024553571428571428,0.0,0.0,0.0,0.015625,0.013392857142857142,0.0,0.011160714285714286,0.013392857142857142,0.017857142857142856,0.015625,0.03125,0.03125,0.011160714285714286,0.017857142857142856,0.049107142857142856,0.013392857142857142,0.029017857142857144,0.013392857142857142,0.011160714285714286,0.0,0.0,0.015625,0.03125,0.029017857142857144,0.0,0.0
superiorfrontal-rh,0.0,0.0,0.0215633423180593,0.0,0.01078167115902965,0.018867924528301886,0.0,0.0,0.0215633423180593,0.0215633423180593,0.0,0.0215633423180593,0.0215633423180593,0.018867924528301886,0.0215633423180593,0.0,0.02425876010781671,0.0,0.02425876010781671,0.0215633423180593,0.0,0.02425876010781671,0.0215633423180593,0.02425876010781671,0.0,0.0215633423180593,0.0215633423180593,0.01078167115902965,0.0,0.02425876010781671,0.005390835579514825,0.0,0.013477088948787063,0.0,0.0215633423180593,0.02425876010781671,0.0,0.0,0.0,0.018867924528301886,0.0,0.02425876010781671,0.0026954177897574125,0.0,0.0,0.03504043126684636,0.03773584905660377,0.0,0.018867924528301886,0.03234501347708895,0.0215633423180593,0.02425876010781671,0.0215633423180593,0.0215633423180593,0.005390835579514825,0.005390835579514825,0.0215633423180593,0.07547169811320754,0.02425876010781671,0.0215633423180593,0.029649595687331536,0.0,0.0,0.04851752021563342,0.018867924528301886,0.02425876010781671,0.0026954177897574125,0.0026954177897574125
superiorparietal-lh,0.0,0.0,0.034,0.0,0.014,0.032,0.0,0.0,0.032,0.006,0.0,0.034,0.034,0.012,0.028,0.0,0.034,0.0,0.028,0.032,0.0,0.034,0.008,0.022,0.0,0.034,0.026,0.008,0.006,0.034,0.0,0.0,0.028,0.0,0.032,0.028,0.0,0.0,0.0,0.032,0.0,0.026,0.0,0.0,0.0,0.016,0.012,0.0,0.012,0.014,0.018,0.016,0.034,0.034,0.01,0.02,0.028,0.014,0.03,0.014,0.012,0.0,0.0,0.016,0.032,0.03,0.0,0.0
superiorparietal-rh,0.0,0.0,0.024390243902439025,0.0,0.012195121951219513,0.021341463414634148,0.0,0.0,0.024390243902439025,0.009146341463414634,0.0,0.024390243902439025,0.024390243902439025,0.024390243902439025,0.024390243902439025,0.0,0.027439024390243903,0.021341463414634148,0.027439024390243903,0.024390243902439025,0.0,0.027439024390243903,0.01524390243902439,0.027439024390243903,0.0,0.024390243902439025,0.024390243902439025,0.012195121951219513,0.0,0.027439024390243903,0.0,0.0,0.01524390243902439,0.0,0.024390243902439025,0.027439024390243903,0.0,0.0,0.0,0.021341463414634148,0.0,0.027439024390243903,0.0,0.0,0.0,0.027439024390243903,0.021341463414634148,0.0,0.021341463414634148,0.024390243902439025,0.024390243902439025,0.027439024390243903,0.024390243902439025,0.024390243902439025,0.006097560975609756,0.006097560975609756,0.024390243902439025,0.024390243902439025,0.027439024390243903,0.054878048780487805,0.018292682926829267,0.003048780487804878,0.0,0.024390243902439025,0.021341463414634148,0.027439024390243903,0.0,0.003048780487804878
superiortemporal-lh,0.0,0.0,0.020477815699658702,0.0,0.023890784982935155,0.020477815699658702,0.0,0.013651877133105802,0.020477815699658702,0.010238907849829351,0.0,0.020477815699658702,0.020477815699658702,0.017064846416382253,0.030716723549488054,0.010238907849829351,0.020477815699658702,0.0,0.020477815699658702,0.020477815699658702,0.034129692832764506,0.020477815699658702,0.010238907849829351,0.020477815699658702,0.0,0.020477815699658702,0.020477815699658702,0.013651877133105802,0.0,0.020477815699658702,0.013651877133105802,0.0,0.013651877133105802,0.0,0.020477815699658702,0.020477815699658702,0.0,0.0,0.0,0.020477815699658702,0.0,0.020477815699658702,0.0,0.020477815699658702,0.0,0.020477815699658702,0.017064846416382253,0.0,0.03754266211604096,0.020477815699658702,0.020477815699658702,0.020477815699658702,0.020477815699658702,0.020477815699658702,0.006825938566552901,0.0034129692832764505,0.020477815699658702,0.030716723549488054,0.020477815699658702,0.020477815699658702,0.07167235494880546,0.0,0.0,0.020477815699658702,0.020477815699658702,0.020477815699658702,0.027303754266211604,0.0
superiortemporal-rh,0.0,0.09230769230769231,0.0,0.0,0.06153846153846154,0.0,0.0,0.06153846153846154,0.0,0.0,0.0,0.0,0.0,0.0,0.06153846153846154,0.046153846153846156,0.0,0.046153846153846156,0.0,0.0,0.0,0.0,0.0,0.0,0.0,0.0,0.0,0.0,0.0,0.0,0.0,0.06153846153846154,0.0,0.0,0.0,0.0,0.0,0.0,0.0,0.0,0.0,0.0,0.0,0.12307692307692308,0.2,0.0,0.0,0.0,0.0,0.0,0.0,0.0,0.0,0.0,0.0,0.0,0.0,0.0,0.0,0.0,0.0,0.24615384615384617,0.0,0.0,0.0,0.0,0.0,0.0
supramarginal-lh,0.0,0.02459016393442623,0.0,0.0,0.0,0.0,0.08196721311475409,0.0,0.0,0.0,0.13114754098360656,0.0,0.0,0.01639344262295082,0.0,0.0,0.0,0.01639344262295082,0.0,0.0,0.0,0.0,0.0,0.0,0.05737704918032787,0.0,0.0,0.13114754098360656,0.0,0.0,0.0,0.01639344262295082,0.0,0.0,0.0,0.0,0.10655737704918032,0.0,0.0,0.0,0.08196721311475409,0.0,0.0,0.0,0.00819672131147541,0.0,0.0,0.0,0.02459016393442623,0.0,0.0,0.0,0.0,0.0,0.040983606557377046,0.0,0.0,0.0,0.0,0.0,0.0,0.0,0.2459016393442623,0.0,0.0,0.0,0.01639344262295082,0.0
supramarginal-rh,0.0,0.0,0.02318840579710145,0.008695652173913044,0.014492753623188406,0.02318840579710145,0.0,0.0,0.02318840579710145,0.03188405797101449,0.0,0.02318840579710145,0.02318840579710145,0.014492753623188406,0.03188405797101449,0.0,0.02318840579710145,0.0,0.02318840579710145,0.02318840579710145,0.0,0.02318840579710145,0.028985507246376812,0.020289855072463767,0.0,0.02318840579710145,0.02318840579710145,0.011594202898550725,0.0,0.02318840579710145,0.0,0.0,0.017391304347826087,0.0,0.02318840579710145,0.02318840579710145,0.0,0.0,0.0,0.02318840579710145,0.0,0.02318840579710145,0.014492753623188406,0.0,0.0,0.04927536231884058,0.017391304347826087,0.0,0.014492753623188406,0.02608695652173913,0.02318840579710145,0.020289855072463767,0.02318840579710145,0.02318840579710145,0.008695652173913044,0.008695652173913044,0.02318840579710145,0.034782608695652174,0.02318840579710145,0.017391304347826087,0.014492753623188406,0.0,0.0,0.06086956521739131,0.02318840579710145,0.02318840579710145,0.0,0.0
temporalpole-lh,0.0,0.0,0.03470715835140998,0.0,0.01735357917570499,0.039045553145336226,0.0,0.0,0.03036876355748373,0.004338394793926247,0.0,0.0368763557483731,0.0368763557483731,0.008676789587852495,0.026030368763557483,0.0,0.03253796095444685,0.0,0.026030368763557483,0.03253796095444685,0.0,0.03253796095444685,0.004338394793926247,0.019522776572668113,0.0,0.03470715835140998,0.02386117136659436,0.006507592190889371,0.013015184381778741,0.03470715835140998,0.0,0.0,0.039045553145336226,0.0,0.03036876355748373,0.026030368763557483,0.0,0.0,0.0,0.039045553145336226,0.0,0.02386117136659436,0.0,0.0,0.0,0.013015184381778741,0.008676789587852495,0.0,0.008676789587852495,0.010845986984815618,0.015184381778741865,0.013015184381778741,0.0368763557483731,0.03470715835140998,0.015184381778741865,0.028199566160520606,0.026030368763557483,0.010845986984815618,0.028199566160520606,0.010845986984815618,0.008676789587852495,0.0,0.0,0.013015184381778741,0.0368763557483731,0.028199566160520606,0.0,0.0
temporalpole-rh,0.0,0.0,0.034,0.0,0.014,0.032,0.0,0.0,0.032,0.006,0.0,0.034,0.034,0.012,0.028,0.0,0.034,0.0,0.028,0.032,0.0,0.034,0.008,0.022,0.0,0.034,0.026,0.008,0.006,0.034,0.0,0.0,0.028,0.0,0.032,0.028,0.0,0.0,0.0,0.032,0.0,0.026,0.0,0.0,0.0,0.016,0.012,0.0,0.012,0.014,0.018,0.016,0.034,0.034,0.01,0.02,0.028,0.014,0.03,0.014,0.012,0.0,0.0,0.016,0.032,0.03,0.0,0.0
transversetemporal-lh,0.0,0.0,0.037037037037037035,0.0,0.0,0.0,0.012345679012345678,0.0,0.0,0.0,0.0,0.0,0.0,0.0,0.0,0.024691358024691357,0.0,0.0,0.0,0.0,0.07407407407407407,0.0,0.0,0.037037037037037035,0.0,0.0,0.0,0.04938271604938271,0.0,0.0,0.024691358024691357,0.0,0.0,0.08641975308641975,0.0,0.0,0.1111111111111111,0.0,0.0,0.0,0.12345679012345678,0.0,0.0,0.0,0.0,0.0,0.0,0.0,0.0,0.0,0.037037037037037035,0.0,0.0,0.0,0.0,0.0,0.0,0.0,0.0,0.0,0.04938271604938271,0.0,0.04938271604938271,0.0,0.0,0.0,0.2839506172839506,0.0
transversetemporal-rh,0.09722222222222222,0.020833333333333332,0.006944444444444444,0.0,0.0,0.0,0.0,0.0,0.006944444444444444,0.0,0.041666666666666664,0.006944444444444444,0.006944444444444444,0.020833333333333332,0.006944444444444444,0.0,0.013888888888888888,0.0,0.013888888888888888,0.006944444444444444,0.0,0.013888888888888888,0.013888888888888888,0.013888888888888888,0.034722222222222224,0.006944444444444444,0.006944444444444444,0.0,0.0,0.013888888888888888,0.027777777777777776,0.0,0.0,0.0763888888888889,0.006944444444444444,0.013888888888888888,0.0,0.10416666666666667,0.0,0.0,0.0,0.013888888888888888,0.0,0.0,0.0,0.013888888888888888,0.013888888888888888,0.10416666666666667,0.013888888888888888,0.013888888888888888,0.006944444444444444,0.013888888888888888,0.006944444444444444,0.006944444444444444,0.0,0.0,0.006944444444444444,0.020833333333333332,0.013888888888888888,0.020833333333333332,0.006944444444444444,0.0,0.0,0.006944444444444444,0.0,0.013888888888888888,0.0,0.11805555555555555
