,Fz,F3,F7,FT9,FC5,FC1,C3,CP5,CP1,Pz,P7,O1,Oz,O2,P4,P8,TP10,CP6,CP2,Cz,C4,T8,FT10,FC6,FC2,F4,F8,Fp2,AF7,AF3,AFz,F1,F5,FT7,FC3,C1,C5,CP3,P1,P5,PO7,PO3,POz,PO4,PO8,P6,P2,CPz,CP4,TP8,C6,C2,FC4,FT8,F6,AF8,AF4,F2,FCz
Fz,0.05387078171452994,0.023567479996731595,0.016741541430178693,0.009035883317934116,0.024090817666987223,0.015946596144538937,0.016440785297204885,0.01841887755422724,0.021849053105299217,0.023711886938321422,0.0009499588306651833,0.021879537269247448,0.022393603982426034,0.03123605428066801,0.0099858421485993,0.016772025594126928,0.008762940056191429,0.012409097480185293,0.016732270473101656,0.025564114167908034,0.02107665667288921,0.006408588363220384,0.011049723756906077,0.026592247594265206,0.02178282075940138,0.021405225677094138,0.016666038127203818,0.009818886353779721,0.03245628508035877,0.012137489864801163,0.006709344496194194,0.0062827233357846375,0.011895030767006706,0.024468412749294465,0.016199661845768987,0.009132599827780186,0.018991241302585185,0.02554690790011251,0.021085927629966247,0.018389729036637565,0.01841887755422724,0.017381473170793027,0.02344955028001433,0.017914081798125696,0.008762940056191429,0.008762940056191429,0.026670422189957195,0.016830322629306282,0.03076040704215614,0.008762940056191429,0.0071823204419889505,0.010576747811111321,0.015191405979924449,0.0055248618784530384,0.013426624303106871,0.017401350731305665,0.01138096405382812,0.00665104746101484,0.006496033915989415
F3,0.009993749724364367,0.038640922425106944,0.012495456764364608,0.01478783279676263,0.02427905123553198,0.022772750014827297,0.018624680832944274,0.020028027391718918,0.014921658649788387,0.017844612977153798,0.00039721946375372393,0.02076756730451921,0.022204370326550288,0.019892908902612798,0.019041213800486942,0.017065837757443685,0.004612201572149623,0.026037796678989797,0.02505676193141121,0.026145465660742336,0.02532593438579256,0.008694422351350654,0.006202143950995406,0.026261498758308986,0.024417819520629713,0.017821877789622718,0.017618553737923356,0.00666156202143951,0.013105657031712164,0.013691829475448279,0.010968777516040093,0.017544341219427256,0.01927198735953988,0.026820221694691525,0.01600694069537738,0.01812815650325212,0.018707257467254487,0.012093522980788387,0.027271275649321518,0.019761212097248813,0.020028027391718918,0.029412869484816088,0.019390377617017784,0.020463645750801056,0.004612201572149623,0.004612201572149623,0.02421920978875285,0.020245950627384723,0.013865346859882811,0.004612201572149623,0.006355283307810107,0.014328414726318527,0.014626329324133821,0.0075803981623277185,0.015311806633808364,0.015330892025347834,0.011243956926324305,0.014984085368728244,0.016791722870990358
F7,0.00916257438720355,0.015724471059653966,0.05022685907504909,0.020323702107689162,0.013397801531017913,0.012821612804694314,0.012117530135497212,0.01478752038600297,0.019022747529817335,0.023899228720863037,0.0025660214468768167,0.012548609876528689,0.02404534296410661,0.02184656737834406,0.01916360930026457,0.009593654128235027,0.014105126157108447,0.020356121676623495,0.016283444743558948,0.019598936256140932,0.021611462674948182,0.01070288088331614,0.0072138818483135116,0.014844870352133315,0.02073409866636951,0.012593997273036754,0.01217711680056954,0.011502211743413336,0.0250755313127548,0.011340892973654048,0.015205632299460715,0.0231919040947725,0.0210602043458206,0.00945178709983634,0.025688613005896692,0.016699319958074714,0.02789286724749466,0.019598936256140932,0.01952313980660144,0.014369408472545224,0.014498307673370178,0.017343815962199485,0.021616941330783596,0.018509387425459496,0.014105126157108447,0.014105126157108447,0.015398365380202882,0.011539104710231632,0.022465127727321368,0.014105126157108447,0.006434002729576916,0.018776911697789705,0.02323203901848423,0.0055566387209982455,0.03083586042616604,0.002987375317227995,0.016746944053524757,0.020936783800831055,0.018736776774077975
FT9,0.0043599491063564715,0.016916191558091192,0.01806000616461858,0.04597493701297736,0.02023358347210187,0.02365985780021337,0.03248191808811528,0.012244715971983941,0.022829766707311794,0.018264459552283268,0.0013493018924862089,0.023552913945414047,0.016295594107038198,0.01733181867233243,0.02283519467335599,0.00861476367992835,0.014633344124646779,0.020652829230372573,0.017333369519773628,0.013700703244695942,0.01650250300315145,0.008508724486136394,0.010163866417755652,0.01453144052403135,0.015464727590416023,0.007679925766102481,0.017955000869120753,0.005810120701163976,0.009341141850199769,0.019504879030668654,0.015463952166695421,0.024287563302038524,0.0222083938325382,0.01380028057414957,0.016711738170426503,0.019715923519958437,0.02169357710070363,0.006747672598011943,0.021273814393285864,0.01151769161527869,0.011829476569603002,0.021379595112504292,0.01421616616296434,0.021895962691780055,0.014529501964729852,0.014529501964729852,0.014219267857846739,0.019820024154448897,0.01525213225368504,0.014529501964729852,0.01109728272142709,0.025737476422272497,0.02677551030958146,0.0074673304293715,0.02791738635680735,0.00902625520099306,0.017430879052638994,0.02314517030566557,0.018993422468290014
FC5,0.012300170727921776,0.02727443220032076,0.012021767810026385,0.01892072792177557,0.049829272078224435,0.029400124165761293,0.025915722489523514,0.01373131046613896,0.01427744580681877,0.011132883232448654,0.0006997258006104817,0.03199176108438098,0.018029579905840965,0.01714910238501733,0.01719986807387863,0.024366560608412233,0.004358735578664183,0.024894588442237055,0.020961702623001705,0.02317890216772725,0.018506195354131096,0.0049223317295255834,0.009894459102902375,0.027713215893217444,0.02215162450204356,0.019441965440529774,0.014916058771793677,0.005277044854881266,0.01489407108489834,0.018960823115525896,0.009967212478659011,0.01599248538465518,0.011569403486988462,0.03345103212789073,0.006156875679031507,0.017174000206942937,0.009200876920689119,0.014287469605256349,0.02736820321796265,0.013406022039422628,0.013813764291996482,0.025179781675203065,0.014424245951678825,0.025073076724093334,0.004358735578664183,0.004358735578664183,0.025135159604738992,0.02534921620363185,0.015883516995188578,0.004358735578664183,0.006761213720316623,0.01727617828133892,0.017969113766878785,0.008410290237467019,0.015774548605721972,0.01567398727300947,0.014499909462465725,0.018902620414920586,0.013911415489678721
FC1,0.007427433189164709,0.02327494674093037,0.011324637445809234,0.021169789375506412,0.025905981623389154,0.04541676550450374,0.03028288593447597,0.01449667663972326,0.02034537907959372,0.01894037619877189,0.0008417334867126521,0.03548090594690616,0.013404784233104823,0.014835346791149912,0.02022661425923202,0.01315297801591438,0.008709827555960638,0.019424469045973267,0.0222042212187761,0.015278753166707619,0.01289897540234439,0.007681984901829584,0.008664199192462987,0.013931210849234535,0.015657560690683057,0.006858672804106666,0.01994924836481832,0.007676493910880721,0.010754778862561418,0.020639519065712496,0.010184920279313602,0.021889463447288045,0.01677061998176566,0.02175806934774396,0.009911947177658992,0.021170338474601296,0.011973123476869962,0.005178500425250679,0.019676275263163713,0.014054368462355325,0.014328439762199704,0.02289668831604982,0.01874767784221485,0.03323087498480235,0.008709827555960638,0.008709827555960638,0.01186783815364402,0.02397015933367852,0.01782402231311997,0.008709827555960638,0.01059892328398385,0.027968805219884783,0.02851639872047866,0.012365410497981158,0.01832928204478551,0.014094505834904111,0.013529589143510271,0.028119718906608374,0.01805740714132068
C3,0.007889135858256999,0.019235715494622857,0.009807826613052266,0.028282937130918128,0.02386927446309869,0.029593387075572346,0.048556820231404556,0.013306609506134447,0.026419758901944174,0.019147756974360303,0.0010237510237510238,0.029567194056505222,0.012908642362324071,0.013830018283699994,0.01992566184965235,0.011852688515396354,0.013285696777383237,0.020113112155867502,0.021437978682634265,0.012464055813224458,0.013505349906775085,0.006546483090426084,0.008568035290125552,0.01676092679655625,0.012583973985399163,0.006999962760057772,0.018758682951082,0.00879008539341081,0.011791166185465472,0.021888818207107995,0.0165910195601407,0.01979396724052306,0.017711622224686356,0.020847524113557368,0.01312780914918682,0.01987327581151809,0.015947692610400452,0.004036608252760272,0.018109589368496732,0.012879566026834436,0.012625069929107934,0.022830620514706024,0.0162697208421674,0.027326475069943006,0.013183321675008138,0.013183321675008138,0.014575963507079896,0.02260832724015622,0.01304322028787587,0.013183321675008138,0.01001017984390906,0.026609606182052735,0.026287821121550335,0.007550050899219545,0.020765332226139827,0.013771622441456171,0.0162697208421674,0.023283613841808617,0.018992509491321842
CP5,0.011686093283198605,0.027902784039230383,0.016561632806948532,0.015087173409419542,0.016424507772107706,0.019400969704973202,0.01718449320097954,0.03386410141196818,0.01996094097057914,0.024402878139770046,0.0,0.017718693291368284,0.02616719331260075,0.021598887232362925,0.017240170130791356,0.0059325929265367314,0.005182772967262028,0.021942647974886133,0.024421437116373984,0.025579088254990515,0.022331920177624018,0.012093333808343657,0.005425935973955507,0.01751028562109558,0.023932748486199924,0.011802296724648392,0.01765639481713999,0.008636576752310903,0.015892079644309286,0.012897649389036626,0.013323448890785614,0.017248563637798163,0.021228174006228978,0.014000214252038115,0.021156300716600324,0.01967226650367098,0.02587792819149581,0.010555985282389595,0.025686898189433496,0.03266992297434056,0.03317657992692177,0.023145219919520565,0.024456783106991536,0.02086644494129861,0.005182772967262028,0.005182772967262028,0.017374932548845083,0.019283584955129864,0.014010379721635248,0.005182772967262028,0.00605896183758365,0.016073534830971244,0.015729774088448042,0.008319768493398445,0.01677843398422804,0.008762945663357823,0.01060929959541431,0.014662555216064103,0.01728450028261249
CP1,0.010591020257065653,0.016160935167512665,0.018319714771750584,0.022421157388904867,0.013099134745115225,0.020769852326900262,0.028687418009536107,0.01607338875380305,0.043532293400631396,0.029021812524096535,0.0004219409282700422,0.02119380605491665,0.013345982845966038,0.018303072860445746,0.014554679468903074,0.0048549144892116,0.0162837782035783,0.015412339665974845,0.021321525461501782,0.014999300707716991,0.014141640510645221,0.007935369622660225,0.009589849513130718,0.011582438259961594,0.014724895925802806,0.009525834180991784,0.018904982986654516,0.009438287767282168,0.017685371593958943,0.017795598318212435,0.01876518678159131,0.022861753028226094,0.018201748106204445,0.01339420703782694,0.01819083333644591,0.017477845714956843,0.02431157061046764,0.009630022506006235,0.016167824337778507,0.015584568922620922,0.015725215898710936,0.015515677219962491,0.020221042763071892,0.025842045436152955,0.016143131227488287,0.016143131227488287,0.012103691142726592,0.01286892855556925,0.02379921969771483,0.016143131227488287,0.00885216878135143,0.026375063859703292,0.030555150920555003,0.007745647683682503,0.025556725884480234,0.009903576516893615,0.012513866530211293,0.019993700144299065,0.018720988189223096
Pz,0.010716199284244794,0.019564795297027066,0.019630127431209655,0.017101922556277287,0.010504120593504914,0.018235516360425315,0.018969525827739808,0.018504574771157686,0.025395939018176654,0.039790295954221996,0.00010602205258693808,0.01679196671374454,0.01909991341157695,0.02161997338571525,0.018855324288792795,0.00567614850710021,0.014484020015912126,0.01733029104860531,0.02176685828453656,0.0174770376051626,0.018153929010220587,0.009949610213754016,0.008399934757788288,0.012069982094360767,0.017990823480943146,0.009248145764049798,0.019328351075036984,0.010928139632720657,0.018822744685616514,0.014467661043191977,0.014035531688748167,0.019271302183912483,0.02266386952443048,0.009672268559963556,0.023145110382600746,0.01778699344769535,0.026692672937168125,0.015348451652629769,0.017835862852459774,0.018080486560809933,0.018186508613396872,0.016963251729382057,0.027687595914420923,0.025012679068497266,0.014484020015912126,0.014484020015912126,0.013187286096920655,0.014304590099480539,0.022027806380040864,0.014484020015912126,0.008399934757788288,0.021799541644410857,0.025795696282840206,0.00848148752242701,0.0230717025187561,0.01025939312845674,0.010944533191006812,0.01850474769898771,0.01640874134963116
P7,0.0013711151736745886,0.006809338521400778,0.011882998171846435,0.00863749208630023,0.005601832421627697,0.005719204148557039,0.009727626459143969,0.0,0.0029182879377431907,0.0019455252918287938,0.16359306866601697,0.028877001543616047,0.009727626459143969,0.006972947595302286,0.010054844606946984,0.036084692592777017,0.029086847964489716,0.007782101167315175,0.0029182879377431907,0.010700389105058366,0.008754863813229572,0.0013711151736745886,0.05170758079087204,0.009727626459143969,0.011673151750972763,0.01264591439688716,0.011660703234480256,0.006398537477148081,0.011895446688338942,0.012633465880394653,0.028805867163658867,0.016453382084095063,0.014298010371392597,0.009727626459143969,0.01618484979975672,0.0009727626459143969,0.01612616393629205,0.01966509933916161,0.005836575875486381,0.0,0.0,0.009727626459143969,0.0,0.005719204148557039,0.02811408531857532,0.02811408531857532,0.011673151750972763,0.005203479893867505,0.0185162791028532,0.029086847964489716,0.05490684952944608,0.016512067947559737,0.02839506611940617,0.05125054239964717,0.005027422303473492,0.013090504271619516,0.019195612431444242,0.032977898548147304,0.015539305301645339
O1,0.010055514591547035,0.020790634624452003,0.010806378597726748,0.019301070414622645,0.02698407921268848,0.0334509899078059,0.027984646020806372,0.01283763957022903,0.02017996784743331,0.01670086952378086,0.00363553485619125,0.05326190547847634,0.008545102627381347,0.0145867504840441,0.019727493203318586,0.016970855779938003,0.010594327153620048,0.015624404349876105,0.021587269640152083,0.012110538868992085,0.011600693712944293,0.007631438037339112,0.010762331838565023,0.010941371725805319,0.010717156479168547,0.006646514882475096,0.0184511403878372,0.007176047842617952,0.017573402905267804,0.02360693111024167,0.015266355925402032,0.020865373039997595,0.014965082362737133,0.02174543042304953,0.008755994121246778,0.01621999177375829,0.011536959149687503,0.006888693682848286,0.018005029795046198,0.011998713395732385,0.012448303839247199,0.016969695829696735,0.01828254005276833,0.03497356567450166,0.010594327153620048,0.010594327153620048,0.01112097591316299,0.024661388579568823,0.01967708239283314,0.010594327153620048,0.012705530642750373,0.028730870226021006,0.03083918951455142,0.014275037369207773,0.016938408523188973,0.01808497231167424,0.01620202822002187,0.028588353096377445,0.01662845100871781
Oz,0.009479940897970192,0.022891526923174206,0.017838260307654393,0.015301583395868831,0.01651433652964202,0.01369105533338032,0.01305459616371608,0.017999070460429985,0.011861576703132502,0.017648203179956093,0.001012829169480081,0.008488870192251294,0.05026751500892081,0.021704276508742966,0.012499048268082529,0.01343096616353192,0.01124788839251523,0.025886497504092085,0.014902442537006021,0.03883705799986881,0.0352539018276756,0.009122951036482259,0.005569041839211766,0.03889621081013832,0.03838929002775538,0.028696521143039916,0.01622737871030418,0.007702480101692053,0.014054167775882295,0.009410921251105882,0.01065732447580663,0.012275341049456667,0.01891024228740398,0.017849139539534986,0.025310557074844843,0.015462747083506123,0.026968346320436477,0.017719601152253676,0.029671602431149968,0.018029329830638482,0.017999070460429985,0.03129437565566656,0.0160859486958565,0.010890898531027296,0.01124788839251523,0.01124788839251523,0.03721904142621877,0.011711292247375799,0.012269218468442627,0.01124788839251523,0.003926888476367271,0.008177775583719,0.007881304462648061,0.005212051977723833,0.014625351554262988,0.009596221727937632,0.00839333543075925,0.007727629286172297,0.01251129343011061
O2,0.015139563424218683,0.022822524943084385,0.01954521595954703,0.016790071840110006,0.01703964579961479,0.01586408395223451,0.01486667641827119,0.017419859675595305,0.01760991726336024,0.022763205972245827,0.0009499918374727315,0.01566251789192419,0.02414033387993643,0.04798417160613072,0.014771647624388724,0.011898260365077174,0.009238145039522621,0.018666347666810176,0.015021122883442862,0.022252450880240228,0.02281042426783512,0.01000998256357839,0.009310058187863674,0.022988479880801438,0.021634961120905488,0.014534371741034495,0.01874947318634467,0.009298154913515705,0.02013870176928454,0.01214753822323002,0.011411311821767516,0.014023616649028896,0.01790661081800367,0.0142255775111418,0.022917553736966852,0.01655279595675578,0.026598587043828725,0.015484067477155288,0.026242278416994797,0.01746737407253654,0.017586110714664302,0.02064935816083949,0.022312164652881373,0.016054240240450088,0.009238145039522621,0.009238145039522621,0.02155173690092034,0.017205699437782492,0.026740834133300487,0.009238145039522621,0.009310058187863674,0.017419563574243367,0.022299965277181463,0.009559434746467166,0.019022754994094754,0.011459023619610043,0.008894035788388602,0.013786044664322728,0.013536865506620529
P4,0.004840630457354113,0.0200030986001023,0.016974813199938092,0.022360853822085528,0.015552804886658724,0.021300744954766464,0.021721035106172126,0.013431829097248143,0.01488530692756754,0.02046016465195513,0.0026252461168234523,0.022692799860550703,0.01346178250474327,0.01561877613982857,0.04363391953367421,0.011133222635482724,0.01518350928467534,0.026374364570830977,0.023031384000266508,0.012257786646426742,0.018300896852552487,0.007058288962202119,0.00656311529205863,0.013083390245490507,0.013959230339204105,0.0054662305242923976,0.02272351132281828,0.009311207257952394,0.009416044184185346,0.022726543541908076,0.021273823766361125,0.02315877817797151,0.021270791547271333,0.017474535198716272,0.016647415490107613,0.013913542173188962,0.019724421275376755,0.009839366554680807,0.021658854126864524,0.012401673637424206,0.012869926119162357,0.02304787681355897,0.018540708504214926,0.022644079475445764,0.01518350928467534,0.01518350928467534,0.010898717367227424,0.020364998046062604,0.007870431967063217,0.01518350928467534,0.012360533800043753,0.025082024599573958,0.027534188372677265,0.011157295996499672,0.018784884092810653,0.01590275984796126,0.015680957119136175,0.02795372046931048,0.020240636087447396
P8,0.011678725967279577,0.027421086174597473,0.01247062876525979,0.012434231662894455,0.033932609578997575,0.020558310284561544,0.017948842523070038,0.007371762784461758,0.008426788005608917,0.008824661498768878,0.007588264200104562,0.0283911711916853,0.02081439866097923,0.017775772256541828,0.016824212955601752,0.0716178422031027,0.00017307026652821047,0.024457176069060598,0.018591312723249195,0.025267604583188562,0.026146369679397964,0.0016540642722117202,0.007308538154959723,0.036017754588325054,0.025047913309136215,0.028327946562183265,0.018950867019873963,0.0040087114215252295,0.02274818897833579,0.013113098965438948,0.0072836327219928795,0.015564177988210283,0.008065965944744454,0.033709728446535685,0.009119069071721757,0.012740130905245829,0.008566651028181336,0.01934681841886407,0.029657585875895856,0.007088846880907372,0.0076080576804920036,0.029767431512922035,0.012069565413690283,0.021292100405619123,0.0,0.0,0.03443521675660431,0.01737982085755172,0.023372133462367196,0.00017307026652821047,0.008371865187095828,0.01453917015260937,0.016923834687469122,0.010144076907322672,0.015306167517622739,0.02026709257001821,0.012415705946746704,0.01895405687828351,0.009946101207827619
TP10,0.005805607476635514,0.007535140186915888,0.016774392523364486,0.019242990654205608,0.005965607476635514,0.012467102803738318,0.02029700934579439,0.005640560747663552,0.02146766355140187,0.02168355140186916,0.006641121495327103,0.0157407476635514,0.018201682242990652,0.012370654205607477,0.01791719626168224,0.00032,0.06562467289719626,0.012764299065420561,0.01734841121495327,0.01115158878504673,0.013297570093457944,0.001985981308411215,0.00826392523364486,0.012309719626168225,0.010991588785046729,0.006920560747663552,0.02214822429906542,0.01387158878504673,0.012474766355140186,0.017978130841121494,0.021488037383177568,0.018854392523364488,0.0155807476635514,0.009361121495327102,0.019618878504672897,0.0077078504672897195,0.021221308411214952,0.009587102803738317,0.009183364485981308,0.004680560747663551,0.004680560747663551,0.01244429906542056,0.009780186915887851,0.020108971962616823,0.06546467289719626,0.0655814953271028,0.01037196261682243,0.008543364485981308,0.01758710280373832,0.06562467289719626,0.009198504672897198,0.025096822429906542,0.02907644859813084,0.007796635514018692,0.02031719626168224,0.013104485981308412,0.00948803738317757,0.01772168224299065,0.015527476635514018
CP6,0.0052536313577751705,0.025920181172501906,0.015340526158600765,0.017985029425167623,0.0218319514682501,0.018746790505484723,0.019245033650837136,0.01563831975041927,0.012821338681078587,0.01592048551922401,0.00036744442403086535,0.015604044093565448,0.024109831284602947,0.016307398750911795,0.023956001315669183,0.015188338137300717,0.007963944471911231,0.045875972905283835,0.022924139849605805,0.028241660562628605,0.03043426172375533,0.006767008627672482,0.002952441749122247,0.03420605000234857,0.030274670277856828,0.019806345177620324,0.015337784692462327,0.0072948654714187055,0.009416994826516211,0.01621087568644406,0.015604044093565448,0.01797570550824759,0.01805550123119684,0.027078179401426816,0.01848135207819846,0.015164207371183784,0.016981960683681192,0.010407998184944173,0.031065224082750878,0.015430466772286903,0.015282940709446868,0.03853092540930969,0.014593571927480568,0.01612367653889636,0.007963944471911231,0.007963944471911231,0.030192954062586,0.019180044777084793,0.005853059526055334,0.007963944471911231,0.006782636450686243,0.012859455322575566,0.013202768980489499,0.006224066390041493,0.015536313753674664,0.01128657211120278,0.010529472989345695,0.014409028741648277,0.01733267776619358
CP2,0.008410137192086452,0.027430463756090984,0.013713886937273392,0.01569046608061308,0.02026187138581033,0.023108443367872572,0.022085320797788677,0.01980449476496802,0.01994719394847093,0.022761119670352888,0.00018914318138831096,0.02297516844560725,0.016897681047315247,0.015779986886537197,0.022497937015668927,0.012820672099608132,0.011774327530581535,0.024936266256318465,0.038105945648369624,0.020877428522784014,0.02179218176446863,0.007301867292545982,0.008184980560671169,0.01689162397592436,0.020396829902999,0.012290262292091025,0.015760132077441185,0.009360226575495552,0.013490413900781456,0.013743166007606986,0.01326425098274532,0.02111032582051353,0.01695860009120827,0.020734729339281107,0.016910472498399522,0.017325778597823967,0.01855520927684799,0.008570001303141174,0.021294418217131805,0.018968831781349088,0.019441689734819866,0.02358735839273424,0.01885272178663558,0.025685098315557472,0.011774327530581535,0.011774327530581535,0.015152315606781737,0.01830245717002246,0.012332332813508887,0.011774327530581535,0.006650296705545324,0.02023595950532343,0.02136307792733906,0.009617352158788622,0.018950660567176425,0.011462339974786328,0.010749521365574291,0.02113523141437958,0.018186347175308946
Cz,0.010998631452173217,0.026430989843466278,0.014796109021172859,0.012465654868738308,0.020718799010310214,0.014342454019785707,0.012220780250204837,0.017383873621240636,0.012836303238492105,0.01618841635883777,0.0007732456988208003,0.011828798872808362,0.03664869166989526,0.019233374610849542,0.011459363754674053,0.015652361351627012,0.0071276510558928845,0.028650532577019237,0.01853899026729551,0.048679092520142,0.03686748137860973,0.008502770662281705,0.005080693365212194,0.04152121127806352,0.04433787601700817,0.033713431585145594,0.013955831170375308,0.008007662897228691,0.015076572353877996,0.008621366008086728,0.011402442032859707,0.011675828064451162,0.01686500634530597,0.025425305355211765,0.023360553307445242,0.014308078557233529,0.023381886315087915,0.019373909590106986,0.027766982085126585,0.017511366145588576,0.017383873621240636,0.03207796840207482,0.016069821013032747,0.01033508392061452,0.0071276510558928845,0.0071276510558928845,0.04184616050348325,0.013951079268198977,0.012457364316005134,0.0071276510558928845,0.00328750747160789,0.00683232539084901,0.006639013966143809,0.004333532576210401,0.011904121577518285,0.012036366004042554,0.0073298596591410015,0.0069289811032016094,0.011473619461203045
C4,0.008985479698034907,0.025799074517508777,0.01637746767902559,0.01472827167110526,0.016871254702522237,0.012681473688530249,0.013495090290292314,0.015957286136289613,0.01209371293964796,0.016792248778762772,0.000582977069568597,0.011329166658393008,0.03424329143131115,0.01967082028426849,0.016944860183282912,0.016566392925882998,0.008392935269838926,0.0318862312290981,0.020156634508908988,0.037818565212710965,0.05013592268178237,0.007933250765223217,0.006038086391082211,0.03859586797213577,0.036365906218103164,0.026835357852608162,0.014450156378175904,0.006774291628856044,0.01456547614427264,0.011758915559756368,0.011365480500730277,0.011904170929105451,0.018794760120144364,0.023157520783281454,0.024989263798974273,0.014053532199607352,0.026118904095774192,0.021467844017395262,0.028803149911423707,0.015937534655349743,0.015879874772301378,0.03143832540656611,0.01597703761722948,0.010006795231508115,0.008392935269838926,0.008392935269838926,0.03902083319418542,0.012668100446675304,0.010825195512583874,0.008392935269838926,0.004722093203282242,0.007587291466933013,0.00731555441308858,0.0056510295711410434,0.013592253135220413,0.010930947920053226,0.008061943773174894,0.00817026853650161,0.011555022511272786
T8,0.007843888568673924,0.023885352743799815,0.022793720711482113,0.01994747024013511,0.01151468350612974,0.019497718713166665,0.01658728019128474,0.022216028256667776,0.018684815130798928,0.025640406356053073,0.0006100040666937779,0.020621662357363818,0.023906893818386114,0.023746206105436814,0.017667706513085333,0.0026433509556730377,0.004066693777958519,0.01929438402426874,0.01826694004248596,0.02308278452550126,0.021124396224350073,0.03640637433035,0.0036600244001626678,0.01544223064572526,0.024163646020525814,0.007930052867019113,0.012328022261721444,0.014436762911752745,0.018609421369746887,0.015988046661884112,0.014885644092273258,0.020460974644414518,0.023425265852762188,0.009053561337992297,0.023607059467073817,0.02747041855613441,0.026935373077268704,0.012445627825498148,0.023478683366003963,0.02194850551723493,0.022216028256667776,0.023478683366003963,0.024217063533767593,0.020963708511400777,0.004066693777958519,0.004066693777958519,0.014896414629566408,0.022997055400380037,0.019904388090962517,0.004066693777958519,0.004676697844652297,0.02016114029310222,0.017464371824187405,0.005490036600244001,0.01726103713528948,0.00955673037820252,0.01081895031431474,0.01772112402632711,0.019658406426115965
FT10,0.005692213864606627,0.010277656839076298,0.007826794063834113,0.012208943685996404,0.01373364382830175,0.012717177066764852,0.012412237038303783,0.008244723316002503,0.015258343970607097,0.012107297009842713,0.0821436018870509,0.017189630817527203,0.008131734092295182,0.01363199715214806,0.008448016668309882,0.011825042076488906,0.009261190077539401,0.006313436469082397,0.009871070134461538,0.00915954340138571,0.010277656839076298,0.003975562917547532,0.13587019588579624,0.008041429963695123,0.00865131002061726,0.005082333807684488,0.015969870703682925,0.00437080707460866,0.00884326082537101,0.014241877209070199,0.0049806871315307985,0.008854603372924642,0.008244723316002503,0.01415157308047014,0.005793860540760317,0.008549663344463571,0.012107297009842713,0.00487904045537711,0.011192476924459505,0.008244723316002503,0.008244723316002503,0.008752956696770951,0.012107297009842713,0.01383529050445544,0.007115267330758284,0.007115267330758284,0.007634843259080364,0.007838136611387743,0.012502541166903842,0.009261190077539401,0.12123307451966493,0.012818823742918543,0.014128887985362878,0.11726885414967103,0.009249847529985769,0.016997680012773454,0.009656434234600528,0.008233380768448872,0.007228256554465604
FC6,0.011823910799815748,0.02604494623147783,0.011175812970750128,0.012996485260577652,0.02487699995347458,0.01424241032835008,0.016797806631114104,0.012970482181130998,0.010414507355522141,0.010865054857363061,0.0006833268254588052,0.011394159671817996,0.0363266064726841,0.019823389763872552,0.01282378096710994,0.0220073744002545,0.007589945687057385,0.03498017067276483,0.015295413251656464,0.04116360552975276,0.037653981467294706,0.005832241041604196,0.004444791016843418,0.058064236984393044,0.04098858714490572,0.033457559442308854,0.01517989137411477,0.0077216357556835905,0.012291205015586015,0.014713175681189336,0.013404282969042572,0.010825197678211222,0.012622180979971417,0.032367013431229955,0.020752771489809592,0.011409749340057677,0.018102649683347044,0.018341214235413246,0.03268008563599635,0.013126439760669361,0.012892503391361814,0.04065761118052032,0.011294227462515983,0.007861425144137443,0.007589945687057385,0.007589945687057385,0.05039341989334231,0.013579879876734442,0.01106202666174293,0.007589945687057385,0.0031191515907673115,0.004313100948217212,0.004371440409832891,0.0030411728009981285,0.009265621882827566,0.014513311262585309,0.006066177410911745,0.005132746025060879,0.011391267057593836
FC2,0.009293736403416047,0.025031327334362863,0.01571212600442193,0.013920644009027577,0.0200973757483226,0.015337861128465864,0.012680542038051142,0.016610619167333304,0.012988503406884604,0.0166642272026614,0.0006868131868131869,0.010931733400063967,0.03657171834779177,0.019094418679969232,0.013423715425406615,0.015872032722001484,0.007136098061836477,0.030682069992828985,0.018007875690675093,0.044750768653110465,0.03604572926696287,0.008856763591020436,0.004825818126979339,0.04174098005964563,0.04761793294281391,0.032285502161840576,0.013338294727656384,0.008060899556741597,0.01351816204133243,0.009023018044497243,0.011875652085596718,0.01260513862981709,0.01727563698124053,0.023898441434042614,0.023610440661305646,0.014694638687464592,0.02260840098135701,0.01804511870058976,0.029158554191139233,0.016738713222490716,0.016610619167333304,0.03471118068006062,0.01676234337220614,0.011059827455221384,0.007136098061836477,0.007136098061836477,0.0406698847073602,0.013519996818141894,0.011594916437161734,0.007136098061836477,0.0033177499622982958,0.007274209406510072,0.007176093236965332,0.004599607902277183,0.012198143703034153,0.01049927354675615,0.007414998933461997,0.007591270676454984,0.012273547111268206
F4,0.013333316902315567,0.026701463238343458,0.012580008787135343,0.01084190978411329,0.026870583812654225,0.009760673145935848,0.010033276702533418,0.012688648082234303,0.012096288272002181,0.011619734707381518,0.001531133038448452,0.010120415146094882,0.04071012740049062,0.019078616842113184,0.007942602649864827,0.026019954346849533,0.007262099077221071,0.030322265010610333,0.015056076685462452,0.04987743541734418,0.038673772995371516,0.0036218070911170418,0.004574914220358368,0.052523629208832225,0.047529497027953185,0.056471354185246146,0.010515991898816409,0.008447824016535484,0.01619263829003955,0.0059349160467957116,0.011576733004306526,0.008829066868232016,0.013293331155791083,0.03415317842256262,0.022354010515246017,0.010150088266995046,0.019623823955308324,0.02832690167086587,0.032500077506840384,0.012974580221006702,0.012783958795158437,0.03363663911141748,0.01121799632299766,0.004281815131073471,0.007262099077221071,0.007262099077221071,0.05391846046898189,0.011331791930908781,0.012497021337535868,0.007262099077221071,0.0027640106747998474,0.0012318723175012262,0.001061746424340287,0.003907739229889439,0.0075018838378066565,0.015381994570759335,0.003907739229889439,0.0020825017833059215,0.007991765984602148
F8,0.00853523000805142,0.019692932236428252,0.011173667740175324,0.017988308443072358,0.014106140491701537,0.02122671662846809,0.020531374358014765,0.013406775249277875,0.01885050926823235,0.02029294481506103,0.00189934827432827,0.0213339888601168,0.018230676707274532,0.01902537164151874,0.02351551386474111,0.013553813821659504,0.016915375499780547,0.018163128690997798,0.016633325145567344,0.016414757710299595,0.016343228847413474,0.005368266434819914,0.011880826174373972,0.017312786154944068,0.01503593145849921,0.007907351503152936,0.052927735754687844,0.00841199226460422,0.0077841980104276275,0.029722138170425644,0.016446520232452796,0.017996228010930183,0.019482326494379275,0.02104393468732388,0.016414757710299595,0.014241236524255003,0.022172430981703312,0.010653103592286493,0.016164427752878647,0.012830605624940473,0.012969682504103327,0.020984348364265916,0.014102117519731203,0.020710175452549592,0.016915375499780547,0.017006766470352656,0.014392213817885071,0.01434054706268494,0.016808145393492787,0.016915375499780547,0.013891427526960336,0.023114164488329147,0.02724268155051153,0.01050996161579236,0.015616081929446003,0.025827985553865722,0.013661086053308211,0.017467744295183524,0.015894193562410765
Fp2,0.00749009970238813,0.009635003400589436,0.02510418827206645,0.013995234351259184,0.0069145318521877126,0.011649309993874115,0.025679756122266865,0.0112307480814405,0.021677190003714118,0.024929576445732862,0.002005503649001288,0.013733316611758804,0.015669120236160083,0.013837866648658818,0.018267797623928574,0.005109687097536623,0.03290866161482175,0.017622529749128146,0.01975018932359623,0.013462957692808596,0.01100404211907369,0.007821355701654953,0.0053275901156200406,0.01586977913051028,0.013044395780374982,0.01280044569427495,0.021049528017480477,0.0669677354003772,0.01692480597346093,0.024345567416082618,0.027354003772001333,0.01763133269341154,0.0210231191846303,0.014317687406242615,0.024711673427649444,0.011771465919340912,0.021441681097063917,0.010097218269606448,0.008126564632905165,0.009635003400589436,0.00952165041940603,0.021110425097797092,0.01542480838522649,0.021869045953780926,0.03290866161482175,0.03290866161482175,0.012259727856374537,0.012599786799924753,0.010751289088690268,0.03290866161482175,0.007367943776921333,0.020587313148463463,0.02183419594148092,0.009408297438222626,0.014561999257176208,0.013559066550258781,0.006365372834837471,0.01585253500677706,0.016262293974927285
AF7,0.01949965872724561,0.018369537079993357,0.028375608276036655,0.010986696343617321,0.01768304349652808,0.013835202766339328,0.015564813037744714,0.015455916888195888,0.02113852220736031,0.02512725617000103,0.0018166152307175294,0.022598514333603,0.02059348165798159,0.025109106811742894,0.011640633042544864,0.018228084045906798,0.011386542026930936,0.013148709182874054,0.01631323835994149,0.02096021065512289,0.020266233407700528,0.009264569736169025,0.010475332282045505,0.01754851432476403,0.01873682587876924,0.016153635967596794,0.009773311569031468,0.012251906964268214,0.05241278334728025,0.012646891212334116,0.015760714146605685,0.014507288823525009,0.011905949554094427,0.013450324410939891,0.01674189909581429,0.014322053408965089,0.018823830838081385,0.020505916897034862,0.019216192857437912,0.015045405510581223,0.015176192850366732,0.015248790283399283,0.024531509377826444,0.02332879029754164,0.011386542026930936,0.011386542026930936,0.01765741047431285,0.018227524244272212,0.030173514346861458,0.011386542026930936,0.007434106780806488,0.019913352135204232,0.024353197825589028,0.006983554854697004,0.022311866433451344,0.01028205340189391,0.01325442330207892,0.017417167183343935,0.011905949554094427
AF3,0.007252603504765922,0.016974917379000136,0.012591144636978571,0.019702981175957233,0.021102573178036058,0.023802930878736334,0.026388701638127544,0.011825082915689586,0.019580921745249363,0.01699438794996884,0.00285835875295308,0.029711354573937074,0.011552494922127714,0.014088852529790237,0.024991346120551882,0.009919256068424427,0.01561950252375436,0.021816222227203884,0.017493860718480907,0.011313612065607614,0.01615491691381136,0.0073222502633526285,0.010075783672063382,0.01930757071579818,0.01153302435115901,0.004711009892207761,0.031474888383636344,0.010239020729211824,0.013124322542532409,0.058437945553758294,0.026021760310114626,0.015278030807495097,0.01602538499370469,0.02803841154240706,0.008933019025694733,0.011908201204460045,0.013486027865649692,0.00806360540877727,0.015463737956004718,0.010908492631546599,0.010822374822383664,0.024071756316016418,0.015172442427363455,0.02574993535244207,0.01561950252375436,0.01561950252375436,0.013577381679708265,0.0198557462233144,0.02016351280253189,0.01561950252375436,0.01197037547364795,0.026916643538785746,0.02575593439322702,0.010075783672063382,0.014197440430314352,0.019320331833257397,0.010391785776568989,0.018880744226265296,0.014130793192120124
AFz,0.003647763339941962,0.01572453026721686,0.016995757078521488,0.018144636164629708,0.012390337329595514,0.013520952630080517,0.022402230392577688,0.012570338018625582,0.019486645665838145,0.018459160435938326,0.005685423883106386,0.02043212621774001,0.015229051437890167,0.014157042970226831,0.024626933422301253,0.006745256493687576,0.019346034155018524,0.022770227437154903,0.01692402051962967,0.01556888129235108,0.015807488814202818,0.007271174965719631,0.005679335954565312,0.01887072684929106,0.016153406597204805,0.009659887351439113,0.01877559244522295,0.011594417824018353,0.015639663982254894,0.026714251262782266,0.05177710281260055,0.030356880543171157,0.015691229017547485,0.017086711292024524,0.01953821070113074,0.010219107073140542,0.02142726406695846,0.009339275151589421,0.01783106576230909,0.01167128844246324,0.011799724096200719,0.02419006142579623,0.01536452888915672,0.01736793431366377,0.019217598501281047,0.019217598501281047,0.01696949762638119,0.017098887149106668,0.011361898230707691,0.019217598501281047,0.007536041939711665,0.02034821380176605,0.023483188395746105,0.0081913499344692,0.01641027790467976,0.01631705123858766,0.011626765204699723,0.026464421752836385,0.03188593253093874
F1,0.003170719151838623,0.019932443631204545,0.02065909480003541,0.02349955873675869,0.015011276293965944,0.02286375358831056,0.021476591989249012,0.014061692617937011,0.021129743092368116,0.02071690944919506,0.0032697547683923707,0.02245912904034702,0.014780037196365847,0.013706654124885101,0.023615149037000988,0.010461624137313788,0.013764468774044752,0.020675590986608452,0.02211237763865864,0.013813976832802374,0.013830492518413917,0.008579050467021471,0.005631244323342416,0.012525870349333074,0.014515825224658174,0.00783586411354056,0.017158100934042943,0.007414782377080986,0.011584632261783172,0.014614880340250422,0.024704989296977765,0.04539711546823626,0.019040713602412267,0.014102952583408112,0.016580129933792966,0.01849573497530837,0.019205850959489186,0.010189164072319595,0.017694792469783317,0.013384608004979273,0.013739665997069685,0.02011409667389301,0.014714032951035185,0.023400464623089437,0.013657126567088977,0.013657126567088977,0.011080894101111875,0.016604893712691027,0.015234208801164016,0.013657126567088977,0.007175295186194369,0.02436652498665291,0.028123482731066532,0.007356948228882834,0.028973933295349207,0.009801035710929093,0.014755292916506287,0.034060276987741736,0.03586023323189934
F5,0.006567274829446577,0.022512161251449194,0.018926403503159446,0.021984604934417337,0.01199247200590295,0.018609385433929794,0.01958165762877543,0.01760253653854354,0.017930163601351534,0.025033900556752597,0.0017853479251250476,0.017163648425093877,0.021933591475934267,0.01887539004467638,0.021587824470528115,0.006108871913495949,0.011876758050799966,0.020889087835448888,0.018179403129402756,0.02051490021861914,0.02237385444928673,0.010288261335340273,0.005497428622096116,0.015698396613756996,0.021019863688591524,0.010796302849871167,0.020133181652769568,0.0108955800470317,0.010516611200987732,0.015044845672796722,0.013215686913455524,0.01990620664702491,0.04075934292203039,0.013465254766259658,0.025872318853897087,0.01776173300310977,0.028347497605178733,0.014194115197418186,0.0207117514282845,0.017228348921713793,0.017078058266070194,0.022115380787559973,0.02193666952049278,0.020862042083928098,0.011876758050799966,0.011876758050799966,0.017395076335299846,0.01780384065267021,0.01289866884422587,0.011876758050799966,0.00931016137613052,0.01849504633872961,0.02040363916797747,0.008246142933144174,0.022304701048205502,0.011771653089275316,0.016496410445996756,0.0175316799528066,0.01633858884133333
FT7,0.011773475047322545,0.02993437189286172,0.008540113077635325,0.013162704201103968,0.03411863394089632,0.023743763764019897,0.022766187766771123,0.012170711368657954,0.014235450405800494,0.010278993449028277,0.0007223693715386468,0.025549687192866512,0.018760713570328283,0.014475514580767025,0.018953192641570936,0.022771228885303668,0.006610911386492819,0.03123492318882063,0.021361816162246108,0.028369238254527987,0.025273571382333895,0.0037416174696143717,0.007771609833465504,0.03641839603447285,0.026172570853971205,0.02491815343064347,0.021038840863535968,0.007233795047597516,0.011174383938079787,0.024386830994400734,0.01387065673744537,0.013823797249267845,0.013127378181084233,0.05239415894761304,0.010196807940831016,0.011906129026283133,0.011829710252164768,0.014336368252181191,0.02774635459342329,0.012408617792131387,0.012170711368657954,0.036201398795821904,0.01182682688512532,0.016152393013238855,0.006610911386492819,0.006610911386492819,0.03193710899108314,0.020037472314425257,0.01252252033776258,0.006610911386492819,0.0067406819984139575,0.009327367755134541,0.010005761005535109,0.006026962727993656,0.00900150908938495,0.023050953678422085,0.010082179779653474,0.012126009631973522,0.013653659498794428
FC3,0.008265759497019376,0.018421083998859902,0.022805100654467864,0.01713674022433461,0.006476360676052733,0.01085036071327524,0.015024697551449136,0.016950878628906874,0.01733985382428844,0.02445148558579338,0.0020989102379250085,0.009845813084882162,0.030525738631504082,0.02339062323232302,0.01637848848601218,0.007477792487870795,0.014289594866472622,0.022522523276090833,0.018261152689022897,0.02882270439077108,0.030731968048032923,0.01001542642877442,0.00476019400035926,0.025579683035717088,0.028473461084601113,0.01949263213937612,0.016677983284585092,0.01103032525988315,0.013880586434320155,0.007736886228571703,0.016727731792182145,0.016953994445481887,0.026044671608616635,0.011253137512277677,0.0476628134401689,0.013933785342822424,0.03771026795395199,0.021325213250459583,0.021527992266083207,0.016575035868485775,0.016511820341598055,0.02406941119222225,0.01848429952574762,0.013052218367299567,0.014289594866472622,0.014289594866472622,0.027049888405670117,0.011818292269031732,0.01487511744432778,0.014289594866472622,0.003951859170109574,0.011987571028593786,0.013690605269326793,0.007095383509969463,0.020117217437782477,0.008602204952559079,0.008312392188041412,0.012616275896565764,0.015467206239663174
C1,0.005730579922892266,0.023170006567509584,0.017131403301077645,0.022792121403064605,0.019370138227829063,0.026431747825353534,0.02590729959390428,0.01828704463896225,0.020106857850106713,0.02318515298686559,0.0004272287097692965,0.02096815469483897,0.020068507227057233,0.019579723690544976,0.01772986685051337,0.01038612404125519,0.0069040536082453675,0.02041634876261507,0.020614941303056147,0.019381131150103897,0.01842945420888535,0.013439747405351908,0.005930390822477153,0.014654257641866984,0.019426321198347044,0.009656243844171202,0.016993147228235715,0.007847423555301571,0.014266847124115852,0.013161767690699374,0.010304050938931244,0.021639165993292492,0.020427341684889903,0.013844990270571537,0.016430348373736983,0.03752991971622422,0.018263840435268772,0.00860197552504772,0.023746484272395642,0.01819666454247596,0.018144635069039152,0.021996532882156482,0.0215487858968062,0.024487357391754467,0.0069040536082453675,0.0069040536082453675,0.014997945680343653,0.02184459795892723,0.01717659334932079,0.0069040536082453675,0.009235854559595566,0.02680426113357353,0.024206691748989442,0.008555317907835893,0.021871955659701882,0.010073947200634344,0.017075220330559665,0.019907046950521826,0.019982280627652112
C5,0.008554038938311023,0.01979265363900579,0.022476800402546113,0.01957977121293681,0.008871861081462524,0.011767603274541572,0.01633376796416157,0.01853403703223616,0.020711536161698508,0.02560100097970136,0.001860105985154264,0.011556007845002849,0.02885376921023821,0.02399169431839212,0.017865095835701627,0.005875799158845467,0.014106537968773637,0.018762066417468935,0.017519883766393365,0.025957598018315743,0.0285140351261613,0.010330688148464752,0.0074079850280723645,0.02009909081285117,0.024693503426314763,0.015087394324384901,0.019602970150392474,0.009412663623458871,0.014351430308543888,0.01053132760754077,0.016595523258469295,0.018160577039084302,0.025233018971780853,0.010821330825692095,0.03417738085778121,0.014067334074467336,0.04497594174486105,0.019169252319695747,0.020672761266235625,0.018110846173158716,0.01821664388792808,0.020232707452620707,0.01951446438900401,0.015498771215312804,0.014106537968773637,0.014106537968773637,0.021179408900313605,0.010608877398466533,0.016568133332312537,0.014106537968773637,0.005224578914535247,0.015158179133549056,0.016494774530087866,0.007174048658764816,0.02160764874577898,0.009139952358688442,0.010141433658694856,0.015258498863087066,0.015075580356235359
CP3,0.016769932090420974,0.019908828245273187,0.025857316004177205,0.009311938787531473,0.01877551101908297,0.007414224471010138,0.006062063085423102,0.011818263503543237,0.013081848913666379,0.0232639727802593,0.004185714028988864,0.010031528734278063,0.02984762775726668,0.021629909766719316,0.013758708340238773,0.01958004285032537,0.009679301455832815,0.018425360364048057,0.013279846968828685,0.03288073592338857,0.035365695379313236,0.007631511162849207,0.006408579649489929,0.030723004394853967,0.030285316076060324,0.03107107842647855,0.015263022325698414,0.010528640430659748,0.024486385137765992,0.009485456647491178,0.011556169668119638,0.015437059341510705,0.019274180183022405,0.019495620121682145,0.030588582964100372,0.01138109434060218,0.030393180688200988,0.06083064936413392,0.020191768184931302,0.011665591747818047,0.011818263503543237,0.0146966232905296,0.01857699380806808,0.010335314778170695,0.009679301455832815,0.009679301455832815,0.03416828237286173,0.009661570286713803,0.02169504385868578,0.009679301455832815,0.003923620193565263,0.008221352081515455,0.012690525206015019,0.004969918911849333,0.020254825653487428,0.013431480412848707,0.008482926761086473,0.010751118681024654,0.009658974507450884
P1,0.008714528957510428,0.026832616586675483,0.015130749976241593,0.017607572849510734,0.023814515856261452,0.018531902029785496,0.017175840860085646,0.018143448129758634,0.014201018219069838,0.01652231584677246,0.00038812342324859306,0.017625490438315374,0.027317770865736224,0.022606867497117454,0.019336541142103033,0.017648480127238735,0.005558490093556252,0.03105836567623351,0.0183378403181612,0.027317770865736224,0.027756945766950248,0.008308487945457193,0.006515622686213534,0.0316814580888344,0.028237027945892272,0.02098033263723429,0.013897741116504013,0.004960758181548941,0.013177617848090975,0.011727227111027468,0.01226343286805364,0.015222708731935026,0.017408439037767717,0.02347507309930807,0.018317221440908065,0.017781015683881893,0.018733406653198732,0.0119828149776329,0.043176417498958064,0.018268540774612853,0.018217489296647422,0.03257265337994838,0.01762278914986688,0.016558151024381743,0.005558490093556252,0.005558490093556252,0.028829357281002596,0.0195890972434817,0.014344358929506976,0.005558490093556252,0.005849252184214423,0.013703679404879716,0.013925802905546087,0.0068117873537686955,0.0152507705209771,0.012406443101712506,0.012268504968172356,0.013665473415600211,0.013966379706495814
P5,0.012178011835899723,0.028149506957445634,0.016777552434869437,0.01455530622582078,0.01622372326451646,0.01942563144321139,0.016612443112909058,0.03409384232845988,0.019875051288499024,0.024561077722781315,0.0,0.017048337053290334,0.027382128401748425,0.02227310094629363,0.01623378440560444,0.0053590568060021436,0.004284413666680925,0.022362418559726996,0.023683626285777186,0.026717593364390942,0.023334218180708487,0.01247741407085895,0.0053590568060021436,0.0182987836413575,0.02495765991983869,0.012265130656909892,0.01736063220745833,0.007681314755269739,0.015837202208547067,0.012375203538216813,0.012826822175927647,0.016698928948221635,0.021364200114630378,0.01437447220653084,0.021516416517381988,0.02034239462353942,0.026391772305316585,0.011234829831456565,0.026623245180413584,0.034085979979795095,0.03409384232845988,0.023313462912834936,0.025073396357387187,0.019612129018742906,0.004284413666680925,0.004284413666680925,0.018159460157814663,0.018897588111275954,0.014426676869063512,0.004284413666680925,0.006073597713469096,0.014878295506774346,0.01450530035571131,0.008217220435869954,0.016268065578384353,0.008671670851701578,0.010922534677288567,0.01341776429718132,0.01741346985568859
PO7,0.011907118536701244,0.028601477489154037,0.016686935561843877,0.014883312113723218,0.016785848985834607,0.019667817596092534,0.016243941471383742,0.03410032152397781,0.019763996086701034,0.02444919744031073,0.0,0.0175029224716713,0.026971066488574752,0.02219398439681435,0.016686154152306096,0.006140055678034265,0.004240644444073998,0.021923421344357805,0.0240859722401657,0.02634079457889319,0.022822693487420345,0.01244707252730766,0.00541907514450867,0.01786575696704744,0.02462787975461657,0.01209674058453601,0.01767691632875045,0.007677023121387283,0.015786100599705772,0.01218158863684669,0.012628489774995727,0.017231187304908087,0.021110950777450396,0.014080999870806956,0.02119814305837442,0.020119407191468257,0.02615859592166734,0.011001985822105346,0.026345483036119874,0.033559976828602504,0.03410032152397781,0.02300840848756621,0.024992277069068265,0.02020894370100562,0.004240644444073998,0.004240644444073998,0.0176831676050527,0.01912591008164167,0.014434848156498618,0.004240644444073998,0.005960982658959537,0.015512411909098106,0.015151921642335309,0.008309248554913294,0.016869134219069725,0.008760447445520127,0.010647356126875902,0.014068888022971356,0.017232750123983648
PO3,0.007063832952157826,0.02698769082017813,0.012867927334932411,0.017111061527305182,0.020652739815176364,0.02051142596827876,0.020916308733567618,0.015612390993101653,0.012605288112902326,0.01494022052397687,0.000641025641025641,0.01621111544969413,0.027041148360945316,0.01668014726390361,0.019980104497870996,0.016973931314032836,0.007162845614622264,0.03532939142076198,0.020206020713634927,0.029117160335434447,0.02764405645116305,0.007822930031051858,0.004713560551124003,0.036356241051672525,0.030933322176977,0.020073074133987838,0.01675638236551942,0.007850356073706327,0.010093713393205778,0.0168749186515684,0.01563098492032502,0.0159057101950503,0.0175731206188059,0.029410944385563673,0.01884076160725907,0.015321860880236515,0.01723006266153474,0.007918223908071623,0.030761328350160835,0.015391123259143564,0.01526514940220524,0.046350476934233276,0.01500529926925866,0.016935813763224932,0.007162845614622264,0.007162845614622264,0.03245662966475149,0.018519551514475374,0.009769249363157992,0.007162845614622264,0.005293691080493111,0.011699763857124262,0.011970770346404865,0.00630891950688905,0.013085476283445828,0.014860731485096968,0.010815157769472492,0.012562057232107994,0.01589827262416095
POz,0.01204637199235229,0.022845363924169138,0.02096245796595336,0.014571624517604815,0.014929910266738993,0.020330275533643822,0.01776784367346808,0.02083901722446368,0.020529679808357914,0.031256051672321136,0.0,0.02095563729659694,0.019409083954682937,0.02385442177307446,0.018937521598786297,0.008408949146159188,0.007863028120416109,0.017264184050011823,0.01942941222413736,0.019522360561445407,0.01933980735220011,0.010986627208425748,0.00794407372100413,0.013827904080525626,0.019681242035865486,0.009161095115972778,0.015024597206039849,0.009734031341911864,0.021973254416851495,0.014710177722570477,0.013374931392090592,0.016003296389378373,0.022143904889376766,0.01201761819016347,0.019784354507900743,0.01968632410322909,0.02248533957304215,0.014057800759421351,0.021537132793885257,0.020698725417505205,0.020759576487253642,0.018895260196499473,0.03626590018391734,0.024817874754322164,0.007863028120416109,0.007863028120416109,0.014389071308359518,0.019255284547626463,0.020668366751938408,0.007863028120416109,0.009930092151255164,0.022285935298328053,0.023440367021555455,0.011042262472195741,0.019649144768305874,0.012020961655534264,0.012840779364452704,0.018939260200779108,0.015315344954684007
PO4,0.008123270301321813,0.01975598728118325,0.01553579437118071,0.01892416296111705,0.021048606015011392,0.0319005797729202,0.026093892135325508,0.01488349906602986,0.023896192989138115,0.0252811966137834,0.0007070613173636689,0.03556086226858904,0.010865010165122146,0.01475873606332733,0.020885159602964755,0.013363742227124085,0.013030969917868014,0.01600310698854932,0.023799697371925818,0.010269888349395628,0.009975586543335704,0.00783831998837598,0.009678451447768356,0.0074129498821548095,0.01069221225996142,0.003026690176746168,0.018418592746700248,0.008584064715083752,0.017298771918032835,0.020450438003629494,0.01275253780852885,0.021406599514102315,0.017657191229419673,0.0137541138381004,0.011610329079534007,0.018440980647027677,0.01581443938666783,0.007067354071833355,0.01645107790124587,0.013757372939903735,0.014189261249731574,0.017394841722949226,0.022011711541386793,0.0438406349660549,0.013030969917868014,0.013030969917868014,0.006568302061023225,0.022574668151375876,0.02078625650854094,0.013030969917868014,0.009838425851863702,0.033666603515427704,0.03553500236031031,0.012637977923532235,0.023393668970376695,0.01306008892795007,0.014518774457184311,0.02871065609027535,0.015404726071019465
PO8,0.0058185107024419655,0.007564817606270726,0.01684277962013868,0.01917847452517335,0.005979801025022611,0.012504522158577027,0.020257009345794393,0.0056624962315345185,0.021392824841724452,0.021776454627675614,0.006324992463069038,0.01580268314742237,0.018277811275248718,0.012426138076575218,0.017977841422972565,0.0,0.06560144709074464,0.01282107325896895,0.01743744347301779,0.011191588785046728,0.013338860416038588,0.001985981308411215,0.00794392523364486,0.012370364787458548,0.011030298462466084,0.006952818812179681,0.022216611395839615,0.013933524268917696,0.012526379258365992,0.018033614712089238,0.021431263189629183,0.018778263491106423,0.015641392824841723,0.009389508592101296,0.019723394633705156,0.0077426891769671385,0.021303889056376243,0.009601296352125414,0.009216912873078083,0.004694754296050648,0.004694754296050648,0.012498492613807657,0.00981760627072656,0.020196713898100693,0.06560144709074464,0.06571826952065118,0.010423575520048236,0.008571751582755503,0.017665812481157672,0.06560144709074464,0.008878504672897197,0.025197467591196863,0.02919128730780826,0.007476635514018692,0.020235905939101597,0.012799969852276154,0.00949577931866144,0.017793940307506785,0.015446186312933373
P6,0.005816546383209534,0.007563016980307665,0.01683890554609694,0.019175091530939718,0.00597783670579018,0.01250086634222778,0.020254553946753854,0.005661132120956442,0.021387804914797123,0.021771707522863903,0.006322264241912883,0.015798918202226876,0.018273718943514487,0.012423573548688432,0.01797298518931461,0.0,0.06558813337150261,0.012818399602235917,0.01743449699416914,0.011188696870621205,0.013335040906419973,0.0019850537132181222,0.007940214852872489,0.0123681276461105,0.01102740654804056,0.0069514547016016025,0.022326995223817633,0.013930632354492174,0.012523541908363592,0.018028431091892543,0.021427279986741196,0.018774389417064684,0.015637627879646232,0.009386780370945142,0.01972028446158714,0.007741106808696569,0.02129876000060267,0.009597640535776168,0.009214566602883788,0.004693390185472571,0.004693390185472571,0.012495818957074627,0.009815205436109144,0.02019240330867397,0.06558813337150261,0.06570490123698602,0.01042172032966205,0.008569405312561208,0.017662156664808425,0.06558813337150261,0.008874357776739842,0.02519157463349957,0.029184357626071626,0.007473143390938813,0.020231049705443642,0.012911663226409124,0.009491796115773455,0.01778984797577255,0.015443567220623466
P2,0.012133162502787318,0.025782604107188203,0.012572517231020399,0.013391414928949096,0.023370103245563115,0.012393690935888445,0.015435630730300583,0.01314255587856758,0.010972034233788331,0.012352839866903859,0.0007105156313438896,0.011664626088289266,0.03671566359022895,0.020084307916068137,0.010938062998339427,0.021786918585761667,0.006735620374340631,0.03281960398361454,0.014566088898904697,0.043166577360502154,0.039860356496514884,0.005760198234009275,0.004134911626398573,0.054466671024991836,0.04241646153899835,0.03675714009862587,0.013044180842580126,0.0069732215153001246,0.013389538610712091,0.010833433568228626,0.012882652884878791,0.010241718507364482,0.014706565882701406,0.029920642930648448,0.02352537680914111,0.012349712669842187,0.020019904115529587,0.02213415267213064,0.031240171960287097,0.01330470927568125,0.013061479180010747,0.038173793285427304,0.012311988797919275,0.0070586762897433,0.006735620374340631,0.006735620374340631,0.05625098383265453,0.012903078419371083,0.011298842785665009,0.006735620374340631,0.0029998378466028863,0.00381560834746991,0.0038762595115344523,0.0032430679422733905,0.009918037152549478,0.013771994811354635,0.007219578808032301,0.004383770676780087,0.010809880836674661
CPz,0.009467500232116092,0.024020924629299088,0.011262248517669065,0.020555716225411753,0.02683492315684672,0.028420439694542495,0.027321070007910127,0.016604360970461016,0.014942191578319122,0.016395129222603815,0.0011808466770793663,0.03110668346467993,0.012860879917558181,0.01855173619200158,0.02224343656903569,0.013538998291189212,0.006982876256548037,0.023062424562270263,0.01955372620870667,0.01678253885793065,0.014732281057557275,0.010593099643135144,0.005589331241419886,0.01665478410052045,0.01552089396330893,0.008256957240458452,0.01580677856561225,0.009225784352393681,0.016445552352663248,0.02087197591519799,0.01562792190523797,0.018475083337555463,0.018339037853952796,0.021463793162381145,0.012217281994506304,0.0201503675918907,0.012119223551674375,0.007365461755873991,0.023969822726335008,0.015862704604577206,0.016135474344687185,0.023735718799900413,0.019682159739021515,0.028182190405011673,0.006982876256548037,0.006982876256548037,0.01453616417189342,0.04059558928518183,0.013333911906428245,0.006982876256548037,0.009217493626201216,0.025560163400031657,0.023735718799900413,0.010688370268680133,0.01818987750815679,0.01741437946459848,0.01535100680203176,0.02418734520038467,0.017529019359815337
CP4,0.01694905369471752,0.018579280008488137,0.023759717845229254,0.015340953214681569,0.01751232882150494,0.020563289451026603,0.01511168865079275,0.012835567044959592,0.026134088384443754,0.027074167738682493,0.0033728723261121775,0.023690373180194936,0.015544843412021494,0.031205355055428156,0.008745101493885136,0.018092127981347385,0.01410198326253578,0.007886465670988801,0.01398956356396484,0.01679473559654266,0.014710405321741341,0.009474793585155504,0.011986958189489834,0.014410619458885495,0.015006942651782963,0.011785139891031419,0.01841611157681941,0.0066707981865103926,0.028511426087488564,0.018862541838288956,0.0108084825688845,0.01762474852007588,0.013939991464799769,0.014244202494402548,0.017082422593090417,0.016628318632059713,0.02168098937110758,0.017737168218646824,0.01936739453241744,0.01289398947761853,0.01302735837599143,0.01362693010170312,0.021463823673526852,0.02534922239332867,0.01410198326253578,0.01410198326253578,0.014698306455433251,0.013805445932494158,0.05828394796085759,0.01410198326253578,0.007192174913693901,0.021859505201898617,0.028550075954278255,0.007192174913693901,0.024232699107180403,0.009855127714404957,0.010521972206269454,0.017036099026739568,0.011872185223053472
TP8,0.00581125937130475,0.00754813954465513,0.016804347565111434,0.01912481467475795,0.005971824560771674,0.012483493298279101,0.020189571966218286,0.005650168968601252,0.021344966056218825,0.021724245043487654,0.0066439474426617205,0.015767876757963734,0.018235028421539144,0.01239495735268519,0.017943760166627652,0.0003211303789338471,0.0655952316640556,0.012789167401965198,0.017387409288170997,0.011169109658521359,0.013315656156399496,0.001985981308411215,0.008265055612578707,0.012336283531113632,0.011008544469054436,0.0069346904843366405,0.02217817934081237,0.013898717879459059,0.01249737393381713,0.018002433988199208,0.021373252540531455,0.01873112983871452,0.015607311568496809,0.00937355566359942,0.019664658851493707,0.0077231105828966555,0.021257480537098063,0.009593319887874477,0.009198059412121321,0.00468677783179971,0.00468677783179971,0.01246803702303135,0.009796577410428633,0.020147404846367623,0.06543466647458868,0.06555148890449522,0.010394570195499372,0.008555798654253627,0.017621579361220656,0.0655952316640556,0.009199635051831044,0.025140907208326582,0.029126750460687037,0.007797765892952539,0.02019167281916458,0.013112398633845342,0.009491428519979112,0.017753332853138373,0.015401953192996356
C6,0.003893936584461339,0.00986907343658043,0.006397181531615057,0.012001467280452115,0.00940550955747789,0.013670297245221261,0.013021307814477703,0.008385669023452301,0.013670297245221261,0.0118160417288111,0.08367972976241343,0.01802779770878514,0.005099202670127943,0.013299446141939229,0.012835882262836688,0.012640782334588315,0.009590935109118907,0.010054498988221446,0.008571094575093318,0.005975136852119091,0.007736679592708745,0.004306306887349946,0.11917219584163045,0.005511572973016551,0.006253275179580615,0.0024105321713332097,0.01617354219237498,0.006304468755794548,0.006489894307435564,0.015060988882528882,0.006119043204153532,0.009312796781657383,0.012001467280452115,0.012228412031699706,0.004172074911922863,0.010981626746426526,0.008571094575093318,0.0029668088262562583,0.00940550955747789,0.00847838179927281,0.008292956247631792,0.009034658454195857,0.013763010021041768,0.013484871693580244,0.007417022065640645,0.007417022065640645,0.0054188601971960435,0.011259765073888052,0.0071388837381791215,0.009590935109118907,0.13270826111142464,0.017471521053862092,0.01919154459484517,0.1220462918920662,0.010754681995178936,0.0144535186513919,0.014277767476358243,0.011125533098460968,0.009590935109118907
C2,0.005191382613903506,0.015104208351587425,0.016715124985126638,0.024013398998819612,0.015545724008140497,0.0273412290958046,0.026490608669846167,0.011520820981735326,0.024825765758654715,0.023021982298364045,0.003634925090061477,0.029902387374188245,0.008132156164032601,0.017693790463541095,0.023920686222999102,0.009897153126155005,0.018112725065499758,0.014276168980223405,0.020231302023240444,0.00702597846520706,0.008013940944129877,0.008007565333109323,0.009920267012794363,0.004277006077739533,0.007310492403689139,0.0006744918748257732,0.022290642756398228,0.008391700490477409,0.015855207558659847,0.02351556850717144,0.015833159336110382,0.02389810516840469,0.017690336242008345,0.008906269257744383,0.011638503369593104,0.020896496897557855,0.016548826266547283,0.006127807372616945,0.015091457129546317,0.010430848726483642,0.010926290660688953,0.013131737615274537,0.02019995680018262,0.034958816492570224,0.018112725065499758,0.018205437841320265,0.0036216410359754233,0.021753492934536843,0.01935279059575694,0.018112725065499758,0.015019469682922306,0.04714483234862297,0.04391954486001179,0.013257926942332653,0.025058741976927416,0.012391101072800365,0.01746718985628895,0.032379064213169856,0.017070303476879756
FC4,0.006544081852087472,0.013992432681431986,0.01856129806788972,0.02258303553344211,0.014337586584587014,0.025391073737831255,0.024082143204049986,0.010339680721223245,0.02576001167510667,0.024772213170018834,0.0051759766414146815,0.029948427651774724,0.0071627521476269294,0.020608056908153576,0.02348735207876739,0.01049441964721047,0.019144577720658043,0.013052440084926127,0.019489303511198902,0.006175143914812059,0.006936708687346789,0.006270375187430081,0.011494252873563218,0.0037479356647585208,0.006436910994341016,0.00044024247156832777,0.02360641495357404,0.008757376499262268,0.018025919459839848,0.021334135901780692,0.01658636701066942,0.024938844113066252,0.017561988090287618,0.008447946215356057,0.012017121079665764,0.017133542499643002,0.016383917312236707,0.00834072778954136,0.014040048317740996,0.009292659971175654,0.009768578493924557,0.012267138846339253,0.019394405215058565,0.0338269852319224,0.019144577720658043,0.019144577720658043,0.003153001835271209,0.018561488340162684,0.023142340879817088,0.019144577720658043,0.016908212560386472,0.04022845801542404,0.05248379998083958,0.013409961685823755,0.027033075885434403,0.011993812726227786,0.018478386924946057,0.031590096822900184,0.01743108076648902
FT8,0.002672318466642094,0.011480953220404173,0.00571323258385551,0.008624336928476417,0.010835910831904357,0.01571980320197439,0.010283017356047372,0.010743761919261526,0.012033846696261157,0.011941697783618328,0.08319924998798058,0.01986650427090178,0.0070954662734979725,0.012955335822689465,0.011665251045689834,0.01426224779243257,0.008255741277905095,0.009637974967547557,0.010743761919261526,0.007518549976762448,0.009361528229619064,0.0046619336848346925,0.11588326736005385,0.005767720636548663,0.00779499671469094,0.003870254330998894,0.013047484735332297,0.007371913011426466,0.00562108367121268,0.013231782560617958,0.00672687062292665,0.010190868443404541,0.01102020865719002,0.011351143447811664,0.007371913011426466,0.010559464093975865,0.01120450648247568,0.0037781054183560633,0.010467315181333033,0.010743761919261526,0.010743761919261526,0.010283017356047372,0.015074760813474574,0.01654914341575987,0.006081828234426834,0.006081828234426834,0.006136316287119985,0.01231029343418965,0.0070954662734979725,0.008255741277905095,0.12178079776919501,0.015535505376688729,0.014928123848138592,0.1309956890334781,0.00792480648728345,0.016327184730524528,0.00792480648728345,0.010965720604496867,0.009730123880190388
F6,0.006541546118926203,0.017308520367675058,0.02798148813739062,0.026822134206061412,0.015336044990255353,0.0190267334260943,0.022549455711382907,0.013119053917213406,0.02413412223649618,0.024501390030607955,0.0009492578529513289,0.017914135608942536,0.016913001204785453,0.019260454686900103,0.019497754322617585,0.010515796053981664,0.014895311775304943,0.0183394482027266,0.019847565182767972,0.013807881202697738,0.015558971816244715,0.0072837920177329235,0.00742147048671039,0.011025862754099216,0.014066769708048103,0.0068441066142207385,0.015634473549878396,0.005858887081908409,0.01799734765315939,0.013040468059346458,0.013594701000086591,0.029149046629981405,0.021863712550131843,0.008962465021879489,0.020622688636702424,0.018480705046615746,0.023840814113901453,0.014068311770164736,0.01794084491560373,0.01240351732506788,0.012775411305529557,0.01635926251472373,0.017878173929581534,0.0249390391213251,0.014780764238076994,0.014780764238076994,0.010881521785976803,0.01647535211406831,0.02130176929880854,0.014780764238076994,0.00957887469796341,0.02570645226467638,0.03047019846339441,0.007248878149810148,0.04443475713114764,0.005225020471863099,0.01915207539813869,0.026820592143944777,0.021490276507553537
AF8,0.01458754035089913,0.026185189353128285,0.0030161146573360314,0.012385216583689865,0.02565160580427756,0.01917818234612128,0.022611785970564596,0.00848106954977184,0.012247934957858623,0.013102276461055086,0.0033231531323134377,0.029164487179754353,0.013889844042515798,0.01666256818928575,0.020956765231574394,0.025167950740469826,0.012591790263545989,0.018337560322293146,0.014033377582995905,0.02016607169278925,0.018307603231267355,0.0039035392088827203,0.011680660535622368,0.027366540725319348,0.01530460022826435,0.020643474841948124,0.034079013086646674,0.008314438657950108,0.015164800470143982,0.023305140671552885,0.01623196756784543,0.011290610527251749,0.01613211059775945,0.038026836690958826,0.009625604091252946,0.011894701780197964,0.012121246854071281,0.01675304728739843,0.024303623540264763,0.00848106954977184,0.00839432423401889,0.026061627206665376,0.01556796213284763,0.017946902488887223,0.01234154001329574,0.012428285329048688,0.024583830881540807,0.023199031786818047,0.012405187977707063,0.012591790263545989,0.010379480799328128,0.015961745923577984,0.01755997843784103,0.011767405851375317,0.008117850675102584,0.05463574261284185,0.016763032984407032,0.0132158529105094,0.011407312934030491
AF4,0.008346591679925013,0.01902953618639893,0.02287890032988072,0.023966411221313183,0.020292525194485978,0.02114543045915595,0.025523768170826994,0.01296016982291492,0.01895499199420768,0.018603400956342133,0.004524886877828055,0.026449313214019096,0.01365047443478816,0.013694820067369086,0.024643838369328562,0.012519252715331147,0.009461761912742304,0.01836816052502327,0.017634145085125476,0.012593162102966024,0.013797658405501543,0.007583012484973269,0.009666803784450843,0.009139734629930708,0.012475541887306592,0.004010695187165776,0.021234756528874174,0.004422683344251972,0.015472635570674785,0.013356741297917769,0.013827222160555493,0.023702876644053114,0.025525037779939738,0.014870387419407027,0.013696089676481834,0.02164484027229125,0.018206829481339285,0.011316026021908374,0.021601129444266697,0.012181173945879828,0.012195955823406802,0.020293159999042354,0.018705604489918214,0.024554512299610337,0.009461761912742304,0.009461761912742304,0.010799929917576976,0.02051361855283424,0.014899951174460978,0.009461761912742304,0.015528589058000824,0.02644994801857547,0.030564116348430072,0.008638420403126285,0.02972662776584345,0.01509211558231166,0.04586000419333752,0.026715387009504654,0.018103356338650456
F2,0.003188979659333011,0.016108852918674525,0.018671671198178717,0.022566942464628967,0.017736175180242165,0.029461898440114972,0.024714748012952995,0.011197955406999294,0.019246944383935732,0.0201605867035209,0.0064946161452882015,0.03231609936430435,0.008300150854855248,0.014510772690323505,0.028289705907745766,0.01332401102572004,0.013942887839431727,0.016487442819269043,0.021423784427980173,0.007215269347143487,0.009010032860657002,0.006942253770873291,0.00855152027027027,0.005325910242855397,0.007819577028620916,0.0010120358465404663,0.01818761074200798,0.007131652489918659,0.014044664227575323,0.01946917553488224,0.022916601638251186,0.03506092802798867,0.017204609391187925,0.012665120982738193,0.011907733644052938,0.01672772973238621,0.016669453203449175,0.007102410456702033,0.015300681154665575,0.010215057824927345,0.01070650661596332,0.014532522619926786,0.018129334213070943,0.03169711878184456,0.013942887839431727,0.013942887839431727,0.003997151423341958,0.02251605427055717,0.015730263018080004,0.013942887839431727,0.012880067567567568,0.034809766150069865,0.03767843243774539,0.012774493243243243,0.027510672408205337,0.01198078684272045,0.01762701045723333,0.0486798083283303,0.028297094242611003
FCz,0.003874754383921685,0.02139031814605659,0.018809794308570674,0.022002936886252364,0.01513644778005906,0.022338769284795796,0.02437319977578271,0.015663741024859432,0.02040426680392013,0.020185610681999002,0.003254834386367988,0.021340125181710995,0.016158089571825268,0.015067912632594778,0.023200343092952026,0.007896983990505008,0.012928898625933893,0.022813223813455366,0.021875813600476926,0.014876451786337837,0.014573564085628942,0.009452762365849573,0.004690790733295041,0.0147493285005624,0.01540794261812099,0.007306905020410703,0.0175454047895943,0.008422725400117808,0.010775740023137099,0.01540949445330856,0.02988577628062146,0.0405500894493066,0.018448318469550626,0.015356655737167761,0.0173895343929671,0.019522798977457637,0.018278303476787522,0.006709524792958475,0.018141233181858955,0.015227980616204752,0.015265122901022068,0.022351819964324074,0.016582351136139244,0.020238449398139804,0.012796025917988105,0.012796025917988105,0.012670454467400241,0.018485460754367945,0.012143161222599869,0.012796025917988105,0.007658433850277618,0.020914311782209448,0.023274627662586665,0.007466973004020678,0.02458765831072106,0.011396117939270737,0.013526278853386121,0.031058632963452144,0.042554678912834126
