,Fp1,Fz,F7,FT9,FC5,FC1,C3,T7,TP9,CP5,CP1,Pz,P3,P7,O1,Oz,O2,P4,P8,TP10,CP6,CP2,Cz,C4,T8,FT10,FC6,FC2,F4,F8,Fp2,AF7,AF3,AFz,F1,F5,FT7,FC3,C1,C5,TP7,CP3,P1,P5,PO7,PO3,POz,PO4,PO8,P6,P2,CPz,CP4,TP8,C6,C2,FT8,F6,AF8,AF4,F2,FCz
Fp1,0.054502369668246446,0.0,0.0,0.0,0.0,0.04265402843601896,0.04028436018957346,0.0,0.0,0.0,0.052132701421800945,0.0,0.0,0.0,0.0,0.0,0.0,0.0,0.0,0.0,0.037914691943127965,0.0,0.0,0.054502369668246446,0.0,0.0,0.0,0.05924170616113744,0.0,0.0,0.052132701421800945,0.0,0.0,0.05924170616113744,0.0,0.0,0.0,0.0,0.0,0.016587677725118485,0.04976303317535545,0.0,0.045023696682464455,0.0,0.0071090047393364926,0.014218009478672985,0.0,0.045023696682464455,0.0,0.0,0.045023696682464455,0.054502369668246446,0.0,0.004739336492890996,0.0,0.0,0.03317535545023697,0.05924170616113744,0.045023696682464455,0.011848341232227487,0.05687203791469194,0.05924170616113744
Fz,0.0,0.10208816705336426,0.0069605568445475635,0.06496519721577726,0.004640371229698376,0.0,0.0,0.0,0.04640371229698376,0.05568445475638051,0.0,0.009280742459396751,0.009280742459396751,0.030162412993039442,0.0,0.05104408352668213,0.03248259860788863,0.018561484918793503,0.03248259860788863,0.009280742459396751,0.0,0.009280742459396751,0.025522041763341066,0.0,0.0,0.07192575406032482,0.08120649651972157,0.0,0.04640371229698376,0.030162412993039442,0.0,0.0,0.05568445475638051,0.0,0.0,0.030162412993039442,0.04176334106728538,0.009280742459396751,0.009280742459396751,0.0,0.0,0.03248259860788863,0.0,0.0,0.0,0.0,0.0,0.0,0.018561484918793503,0.009280742459396751,0.0,0.0,0.03248259860788863,0.004640371229698376,0.01160092807424594,0.0069605568445475635,0.0,0.0,0.0,0.0,0.0,0.0
F7,0.0,0.03333333333333333,0.025,0.03333333333333333,0.016666666666666666,0.0,0.0,0.0,0.03333333333333333,0.03333333333333333,0.0,0.03333333333333333,0.03333333333333333,0.03333333333333333,0.0,0.03333333333333333,0.03333333333333333,0.03333333333333333,0.03333333333333333,0.03333333333333333,0.0,0.03333333333333333,0.03333333333333333,0.0,0.0,0.03333333333333333,0.03333333333333333,0.0,0.03333333333333333,0.03333333333333333,0.0,0.0,0.03333333333333333,0.0,0.0,0.03333333333333333,0.03333333333333333,0.03333333333333333,0.03333333333333333,0.0,0.0,0.03333333333333333,0.0,0.0,0.0,0.0,0.0,0.0,0.03333333333333333,0.03333333333333333,0.0,0.0,0.03333333333333333,0.0,0.03333333333333333,0.025,0.0,0.0,0.0,0.0,0.0,0.0
FT9,0.0,0.06982543640897755,0.007481296758104738,0.06483790523690773,0.004987531172069825,0.0,0.0,0.0,0.04987531172069826,0.059850374064837904,0.0,0.00997506234413965,0.00997506234413965,0.032418952618453865,0.0,0.05486284289276808,0.034912718204488775,0.0199501246882793,0.034912718204488775,0.00997506234413965,0.0,0.00997506234413965,0.02743142144638404,0.0,0.0,0.06733167082294264,0.06733167082294264,0.0,0.04987531172069826,0.032418952618453865,0.0,0.0,0.059850374064837904,0.0,0.0,0.032418952618453865,0.04488778054862843,0.00997506234413965,0.00997506234413965,0.0,0.0,0.034912718204488775,0.0,0.0,0.0,0.0,0.0,0.0,0.0199501246882793,0.00997506234413965,0.0,0.0,0.034912718204488775,0.004987531172069825,0.012468827930174564,0.007481296758104738,0.0,0.0,0.0,0.0,0.0,0.0
FC5,0.0,0.03260869565217391,0.03260869565217391,0.03260869565217391,0.021739130434782608,0.0,0.0,0.0,0.03260869565217391,0.03260869565217391,0.0,0.03260869565217391,0.03260869565217391,0.03260869565217391,0.0,0.03260869565217391,0.03260869565217391,0.03260869565217391,0.03260869565217391,0.03260869565217391,0.0,0.03260869565217391,0.03260869565217391,0.0,0.0,0.03260869565217391,0.03260869565217391,0.0,0.03260869565217391,0.03260869565217391,0.0,0.0,0.03260869565217391,0.0,0.0,0.03260869565217391,0.03260869565217391,0.03260869565217391,0.03260869565217391,0.0,0.0,0.03260869565217391,0.0,0.0,0.0,0.0,0.0,0.0,0.03260869565217391,0.03260869565217391,0.0,0.0,0.03260869565217391,0.0,0.03260869565217391,0.03260869565217391,0.0,0.0,0.0,0.0,0.0,0.0
FC1,0.050595238095238096,0.0,0.0,0.0,0.0,0.047619047619047616,0.047619047619047616,0.0,0.0,0.0,0.050595238095238096,0.0,0.0,0.0,0.0,0.0,0.0,0.0,0.0,0.0,0.047619047619047616,0.0,0.0,0.050595238095238096,0.0,0.0,0.0,0.05357142857142857,0.0,0.0,0.050595238095238096,0.0,0.0,0.05357142857142857,0.0,0.0,0.0,0.0,0.0,0.01488095238095238,0.047619047619047616,0.0,0.05357142857142857,0.0,0.002976190476190476,0.017857142857142856,0.0,0.047619047619047616,0.0,0.0,0.050595238095238096,0.05357142857142857,0.0,0.0,0.0,0.0,0.03869047619047619,0.05357142857142857,0.044642857142857144,0.01488095238095238,0.05357142857142857,0.05357142857142857
C3,0.04918032786885246,0.0,0.0,0.0,0.0,0.04590163934426229,0.05245901639344262,0.0,0.0,0.0,0.04918032786885246,0.0,0.0,0.0,0.0,0.0,0.0,0.0,0.0,0.0,0.04918032786885246,0.0,0.0,0.04918032786885246,0.0,0.0,0.0,0.05901639344262295,0.0,0.0,0.04918032786885246,0.0,0.0,0.05573770491803279,0.0,0.0,0.0,0.0,0.0,0.009836065573770493,0.04590163934426229,0.0,0.05573770491803279,0.0,0.0,0.013114754098360656,0.0,0.04590163934426229,0.0,0.0,0.04918032786885246,0.05573770491803279,0.0,0.0,0.0,0.0,0.036065573770491806,0.05573770491803279,0.04262295081967213,0.01639344262295082,0.05573770491803279,0.05901639344262295
T7,0.0,0.0,0.0,0.0,0.0,0.0,0.0,0.0,0.0,0.0,0.0,0.0,0.0,0.0,0.0,0.0,0.0,0.0,0.0,0.0,0.0,0.0,0.0,0.0,0.0,0.0,0.0,0.0,0.0,0.0,0.0,0.0,0.0,0.0,0.0,0.0,0.0,0.0,0.0,0.0,0.0,0.0,0.0,0.0,0.0,0.0,0.0,0.0,0.0,0.0,0.0,0.0,0.0,0.0,0.0,0.0,0.0,0.0,0.0,0.0,0.0,0.0
TP9,0.0,0.05817174515235457,0.008310249307479225,0.05817174515235457,0.00554016620498615,0.0,0.0,0.0,0.04986149584487535,0.055401662049861494,0.0,0.0110803324099723,0.0110803324099723,0.036011080332409975,0.0,0.05263157894736842,0.038781163434903045,0.0221606648199446,0.038781163434903045,0.0110803324099723,0.0,0.0110803324099723,0.030470914127423823,0.0,0.0,0.05817174515235457,0.05817174515235457,0.0,0.05263157894736842,0.036011080332409975,0.0,0.0,0.055401662049861494,0.0,0.0,0.036011080332409975,0.04709141274238227,0.0110803324099723,0.0110803324099723,0.0,0.0,0.038781163434903045,0.0,0.0,0.0,0.0,0.0,0.0,0.0221606648199446,0.0110803324099723,0.0,0.0,0.038781163434903045,0.002770083102493075,0.013850415512465374,0.008310249307479225,0.0,0.0,0.0,0.0,0.0,0.0
CP5,0.0,0.06315789473684211,0.007894736842105263,0.06315789473684211,0.005263157894736842,0.0,0.0,0.0,0.05,0.05789473684210526,0.0,0.010526315789473684,0.010526315789473684,0.034210526315789476,0.0,0.05263157894736842,0.03684210526315789,0.021052631578947368,0.03684210526315789,0.010526315789473684,0.0,0.010526315789473684,0.02894736842105263,0.0,0.0,0.06315789473684211,0.06315789473684211,0.0,0.05,0.034210526315789476,0.0,0.0,0.05789473684210526,0.0,0.0,0.034210526315789476,0.04473684210526316,0.010526315789473684,0.010526315789473684,0.0,0.0,0.03684210526315789,0.0,0.0,0.0,0.0,0.0,0.0,0.021052631578947368,0.010526315789473684,0.0,0.0,0.03684210526315789,0.005263157894736842,0.013157894736842105,0.007894736842105263,0.0,0.0,0.0,0.0,0.0,0.0
CP1,0.05502392344497608,0.0,0.0,0.0,0.0,0.0430622009569378,0.04066985645933014,0.0,0.0,0.0,0.05263157894736842,0.0,0.0,0.0,0.0,0.0,0.0,0.0,0.0,0.0,0.03827751196172249,0.0,0.0,0.05502392344497608,0.0,0.0,0.0,0.05741626794258373,0.0,0.0,0.05263157894736842,0.0,0.0,0.05741626794258373,0.0,0.0,0.0,0.0,0.0,0.01674641148325359,0.050239234449760764,0.0,0.045454545454545456,0.0,0.007177033492822967,0.014354066985645933,0.0,0.045454545454545456,0.0,0.0,0.045454545454545456,0.05502392344497608,0.0,0.004784688995215311,0.0,0.0,0.03349282296650718,0.05741626794258373,0.045454545454545456,0.011961722488038277,0.05741626794258373,0.05741626794258373
Pz,0.0,0.03571428571428571,0.02142857142857143,0.03571428571428571,0.014285714285714285,0.0,0.0,0.0,0.03571428571428571,0.03571428571428571,0.0,0.02857142857142857,0.02857142857142857,0.03571428571428571,0.0,0.03571428571428571,0.03571428571428571,0.02857142857142857,0.03571428571428571,0.02857142857142857,0.0,0.02857142857142857,0.03571428571428571,0.0,0.0,0.03571428571428571,0.03571428571428571,0.0,0.03571428571428571,0.03571428571428571,0.0,0.0,0.03571428571428571,0.0,0.0,0.03571428571428571,0.03571428571428571,0.02857142857142857,0.02857142857142857,0.0,0.0,0.03571428571428571,0.0,0.0,0.0,0.0,0.0,0.0,0.03571428571428571,0.02857142857142857,0.0,0.0,0.03571428571428571,0.0,0.03571428571428571,0.02142857142857143,0.0,0.0,0.0,0.0,0.0,0.0
P3,0.0,0.03571428571428571,0.02142857142857143,0.03571428571428571,0.014285714285714285,0.0,0.0,0.0,0.03571428571428571,0.03571428571428571,0.0,0.02857142857142857,0.02857142857142857,0.03571428571428571,0.0,0.03571428571428571,0.03571428571428571,0.02857142857142857,0.03571428571428571,0.02857142857142857,0.0,0.02857142857142857,0.03571428571428571,0.0,0.0,0.03571428571428571,0.03571428571428571,0.0,0.03571428571428571,0.03571428571428571,0.0,0.0,0.03571428571428571,0.0,0.0,0.03571428571428571,0.03571428571428571,0.02857142857142857,0.02857142857142857,0.0,0.0,0.03571428571428571,0.0,0.0,0.0,0.0,0.0,0.0,0.03571428571428571,0.02857142857142857,0.0,0.0,0.03571428571428571,0.0,0.03571428571428571,0.02142857142857143,0.0,0.0,0.0,0.0,0.0,0.0
P7,0.0,0.04827586206896552,0.010344827586206896,0.04827586206896552,0.006896551724137931,0.0,0.0,0.0,0.04482758620689655,0.04827586206896552,0.0,0.013793103448275862,0.013793103448275862,0.041379310344827586,0.0,0.04482758620689655,0.041379310344827586,0.027586206896551724,0.041379310344827586,0.013793103448275862,0.0,0.013793103448275862,0.03793103448275862,0.0,0.0,0.04827586206896552,0.04827586206896552,0.0,0.04827586206896552,0.041379310344827586,0.0,0.0,0.04827586206896552,0.0,0.0,0.041379310344827586,0.04482758620689655,0.013793103448275862,0.013793103448275862,0.0,0.0,0.041379310344827586,0.0,0.0,0.0,0.0,0.0,0.0,0.027586206896551724,0.013793103448275862,0.0,0.0,0.041379310344827586,0.0034482758620689655,0.017241379310344827,0.010344827586206896,0.0,0.0,0.0,0.0,0.0,0.0
O1,0.0,0.0,0.0,0.0,0.0,0.0,0.0,0.0,0.0,0.0,0.0,0.0,0.0,0.0,0.0,0.0,0.0,0.0,0.0,0.0,0.0,0.0,0.0,0.0,0.0,0.0,0.0,0.0,0.0,0.0,0.0,0.0,0.0,0.0,0.0,0.0,0.0,0.0,0.0,0.0,0.0,0.0,0.0,0.0,0.0,0.0,0.0,0.0,0.0,0.0,0.0,0.0,0.0,0.0,0.0,0.0,0.0,0.0,0.0,0.0,0.0,0.0
Oz,0.0,0.06133333333333333,0.008,0.06133333333333333,0.005333333333333333,0.0,0.0,0.0,0.050666666666666665,0.058666666666666666,0.0,0.010666666666666666,0.010666666666666666,0.034666666666666665,0.0,0.05333333333333334,0.037333333333333336,0.021333333333333333,0.037333333333333336,0.010666666666666666,0.0,0.010666666666666666,0.029333333333333333,0.0,0.0,0.06133333333333333,0.06133333333333333,0.0,0.050666666666666665,0.034666666666666665,0.0,0.0,0.058666666666666666,0.0,0.0,0.034666666666666665,0.04533333333333334,0.010666666666666666,0.010666666666666666,0.0,0.0,0.037333333333333336,0.0,0.0,0.0,0.0,0.0,0.0,0.021333333333333333,0.010666666666666666,0.0,0.0,0.037333333333333336,0.0026666666666666666,0.013333333333333334,0.008,0.0,0.0,0.0,0.0,0.0,0.0
O2,0.0,0.048859934853420196,0.009771986970684038,0.048859934853420196,0.006514657980456026,0.0,0.0,0.0,0.04560260586319218,0.048859934853420196,0.0,0.013029315960912053,0.013029315960912053,0.04234527687296417,0.0,0.04560260586319218,0.04234527687296417,0.026058631921824105,0.04234527687296417,0.013029315960912053,0.0,0.013029315960912053,0.035830618892508145,0.0,0.0,0.048859934853420196,0.048859934853420196,0.0,0.048859934853420196,0.04234527687296417,0.0,0.0,0.048859934853420196,0.0,0.0,0.04234527687296417,0.04560260586319218,0.013029315960912053,0.013029315960912053,0.0,0.0,0.04234527687296417,0.0,0.0,0.0,0.0,0.0,0.0,0.026058631921824105,0.013029315960912053,0.0,0.0,0.04234527687296417,0.003257328990228013,0.016286644951140065,0.009771986970684038,0.0,0.0,0.0,0.0,0.0,0.0
P4,0.0,0.041474654377880185,0.013824884792626729,0.041474654377880185,0.009216589861751152,0.0,0.0,0.0,0.041474654377880185,0.041474654377880185,0.0,0.018433179723502304,0.018433179723502304,0.041474654377880185,0.0,0.041474654377880185,0.041474654377880185,0.03225806451612903,0.041474654377880185,0.018433179723502304,0.0,0.018433179723502304,0.041474654377880185,0.0,0.0,0.041474654377880185,0.041474654377880185,0.0,0.041474654377880185,0.041474654377880185,0.0,0.0,0.041474654377880185,0.0,0.0,0.041474654377880185,0.041474654377880185,0.018433179723502304,0.018433179723502304,0.0,0.0,0.041474654377880185,0.0,0.0,0.0,0.0,0.0,0.0,0.03225806451612903,0.018433179723502304,0.0,0.0,0.041474654377880185,0.0,0.02304147465437788,0.013824884792626729,0.0,0.0,0.0,0.0,0.0,0.0
P8,0.0,0.048859934853420196,0.009771986970684038,0.048859934853420196,0.006514657980456026,0.0,0.0,0.0,0.04560260586319218,0.048859934853420196,0.0,0.013029315960912053,0.013029315960912053,0.04234527687296417,0.0,0.04560260586319218,0.04234527687296417,0.026058631921824105,0.04234527687296417,0.013029315960912053,0.0,0.013029315960912053,0.035830618892508145,0.0,0.0,0.048859934853420196,0.048859934853420196,0.0,0.048859934853420196,0.04234527687296417,0.0,0.0,0.048859934853420196,0.0,0.0,0.04234527687296417,0.04560260586319218,0.013029315960912053,0.013029315960912053,0.0,0.0,0.04234527687296417,0.0,0.0,0.0,0.0,0.0,0.0,0.026058631921824105,0.013029315960912053,0.0,0.0,0.04234527687296417,0.003257328990228013,0.016286644951140065,0.009771986970684038,0.0,0.0,0.0,0.0,0.0,0.0
TP10,0.0,0.03571428571428571,0.02142857142857143,0.03571428571428571,0.014285714285714285,0.0,0.0,0.0,0.03571428571428571,0.03571428571428571,0.0,0.02857142857142857,0.02857142857142857,0.03571428571428571,0.0,0.03571428571428571,0.03571428571428571,0.02857142857142857,0.03571428571428571,0.02857142857142857,0.0,0.02857142857142857,0.03571428571428571,0.0,0.0,0.03571428571428571,0.03571428571428571,0.0,0.03571428571428571,0.03571428571428571,0.0,0.0,0.03571428571428571,0.0,0.0,0.03571428571428571,0.03571428571428571,0.02857142857142857,0.02857142857142857,0.0,0.0,0.03571428571428571,0.0,0.0,0.0,0.0,0.0,0.0,0.03571428571428571,0.02857142857142857,0.0,0.0,0.03571428571428571,0.0,0.03571428571428571,0.02142857142857143,0.0,0.0,0.0,0.0,0.0,0.0
CP6,0.04929577464788732,0.0,0.0,0.0,0.0,0.045774647887323945,0.0528169014084507,0.0,0.0,0.0,0.04929577464788732,0.0,0.0,0.0,0.0,0.0,0.0,0.0,0.0,0.0,0.04929577464788732,0.0,0.0,0.04929577464788732,0.0,0.0,0.0,0.056338028169014086,0.0,0.0,0.04929577464788732,0.0,0.0,0.056338028169014086,0.0,0.0,0.0,0.0,0.0,0.01056338028169014,0.045774647887323945,0.0,0.056338028169014086,0.0,0.0,0.014084507042253521,0.0,0.045774647887323945,0.0,0.0,0.04929577464788732,0.056338028169014086,0.0,0.0,0.0,0.0,0.035211267605633804,0.056338028169014086,0.04225352112676056,0.017605633802816902,0.056338028169014086,0.056338028169014086
CP2,0.0,0.03571428571428571,0.02142857142857143,0.03571428571428571,0.014285714285714285,0.0,0.0,0.0,0.03571428571428571,0.03571428571428571,0.0,0.02857142857142857,0.02857142857142857,0.03571428571428571,0.0,0.03571428571428571,0.03571428571428571,0.02857142857142857,0.03571428571428571,0.02857142857142857,0.0,0.02857142857142857,0.03571428571428571,0.0,0.0,0.03571428571428571,0.03571428571428571,0.0,0.03571428571428571,0.03571428571428571,0.0,0.0,0.03571428571428571,0.0,0.0,0.03571428571428571,0.03571428571428571,0.02857142857142857,0.02857142857142857,0.0,0.0,0.03571428571428571,0.0,0.0,0.0,0.0,0.0,0.0,0.03571428571428571,0.02857142857142857,0.0,0.0,0.03571428571428571,0.0,0.03571428571428571,0.02142857142857143,0.0,0.0,0.0,0.0,0.0,0.0
Cz,0.0,0.04580152671755725,0.011450381679389313,0.04580152671755725,0.007633587786259542,0.0,0.0,0.0,0.04198473282442748,0.04580152671755725,0.0,0.015267175572519083,0.015267175572519083,0.04198473282442748,0.0,0.04198473282442748,0.04198473282442748,0.030534351145038167,0.04198473282442748,0.015267175572519083,0.0,0.015267175572519083,0.03816793893129771,0.0,0.0,0.04580152671755725,0.04580152671755725,0.0,0.04580152671755725,0.04198473282442748,0.0,0.0,0.04580152671755725,0.0,0.0,0.04198473282442748,0.04198473282442748,0.015267175572519083,0.015267175572519083,0.0,0.0,0.04198473282442748,0.0,0.0,0.0,0.0,0.0,0.0,0.030534351145038167,0.015267175572519083,0.0,0.0,0.04198473282442748,0.003816793893129771,0.019083969465648856,0.011450381679389313,0.0,0.0,0.0,0.0,0.0,0.0
C4,0.054502369668246446,0.0,0.0,0.0,0.0,0.04265402843601896,0.04028436018957346,0.0,0.0,0.0,0.052132701421800945,0.0,0.0,0.0,0.0,0.0,0.0,0.0,0.0,0.0,0.037914691943127965,0.0,0.0,0.054502369668246446,0.0,0.0,0.0,0.05924170616113744,0.0,0.0,0.052132701421800945,0.0,0.0,0.05924170616113744,0.0,0.0,0.0,0.0,0.0,0.016587677725118485,0.04976303317535545,0.0,0.045023696682464455,0.0,0.0071090047393364926,0.014218009478672985,0.0,0.045023696682464455,0.0,0.0,0.045023696682464455,0.054502369668246446,0.0,0.004739336492890996,0.0,0.0,0.03317535545023697,0.05924170616113744,0.045023696682464455,0.011848341232227487,0.05687203791469194,0.05924170616113744
T8,0.0,0.0,0.0,0.0,0.0,0.0,0.0,0.0,0.0,0.0,0.0,0.0,0.0,0.0,0.0,0.0,0.0,0.0,0.0,0.0,0.0,0.0,0.0,0.0,0.0,0.0,0.0,0.0,0.0,0.0,0.0,0.0,0.0,0.0,0.0,0.0,0.0,0.0,0.0,0.0,0.0,0.0,0.0,0.0,0.0,0.0,0.0,0.0,0.0,0.0,0.0,0.0,0.0,0.0,0.0,0.0,0.0,0.0,0.0,0.0,0.0,0.0
FT10,0.0,0.07616707616707617,0.007371007371007371,0.06388206388206388,0.004914004914004914,0.0,0.0,0.0,0.04914004914004914,0.05896805896805897,0.0,0.009828009828009828,0.009828009828009828,0.03194103194103194,0.0,0.05405405405405406,0.0343980343980344,0.019656019656019656,0.0343980343980344,0.009828009828009828,0.0,0.009828009828009828,0.02702702702702703,0.0,0.0,0.0687960687960688,0.07125307125307126,0.0,0.04914004914004914,0.03194103194103194,0.0,0.0,0.05896805896805897,0.0,0.0,0.03194103194103194,0.044226044226044224,0.009828009828009828,0.009828009828009828,0.0,0.0,0.0343980343980344,0.0,0.0,0.0,0.0,0.0,0.0,0.019656019656019656,0.009828009828009828,0.0,0.0,0.0343980343980344,0.004914004914004914,0.012285012285012284,0.007371007371007371,0.0,0.0,0.0,0.0,0.0,0.0
FC6,0.0,0.08393285371702638,0.007194244604316547,0.06474820143884892,0.004796163069544364,0.0,0.0,0.0,0.047961630695443645,0.05755395683453238,0.0,0.009592326139088728,0.009592326139088728,0.03117505995203837,0.0,0.05275779376498801,0.03357314148681055,0.019184652278177457,0.03357314148681055,0.009592326139088728,0.0,0.009592326139088728,0.026378896882494004,0.0,0.0,0.07194244604316546,0.07673860911270983,0.0,0.047961630695443645,0.03117505995203837,0.0,0.0,0.05755395683453238,0.0,0.0,0.03117505995203837,0.04316546762589928,0.009592326139088728,0.009592326139088728,0.0,0.0,0.03357314148681055,0.0,0.0,0.0,0.0,0.0,0.0,0.019184652278177457,0.009592326139088728,0.0,0.0,0.03357314148681055,0.004796163069544364,0.011990407673860911,0.007194244604316547,0.0,0.0,0.0,0.0,0.0,0.0
FC2,0.05063291139240506,0.0,0.0,0.0,0.0,0.0379746835443038,0.0379746835443038,0.0,0.0,0.0,0.04852320675105485,0.0,0.0,0.0,0.0,0.0,0.0,0.0,0.0,0.0,0.03375527426160337,0.0,0.0,0.05063291139240506,0.0,0.0,0.0,0.0759493670886076,0.0,0.0,0.046413502109704644,0.0,0.0,0.07383966244725738,0.0,0.0,0.0,0.0,0.0,0.014767932489451477,0.04430379746835443,0.0,0.04219409282700422,0.0,0.006329113924050633,0.012658227848101266,0.0,0.04008438818565401,0.0,0.0,0.04008438818565401,0.052742616033755275,0.0,0.004219409282700422,0.0,0.0,0.029535864978902954,0.07383966244725738,0.04008438818565401,0.010548523206751054,0.05485232067510549,0.07805907172995781
F4,0.0,0.056818181818181816,0.008522727272727272,0.056818181818181816,0.005681818181818182,0.0,0.0,0.0,0.048295454545454544,0.05397727272727273,0.0,0.011363636363636364,0.011363636363636364,0.036931818181818184,0.0,0.05113636363636364,0.03977272727272727,0.022727272727272728,0.03977272727272727,0.011363636363636364,0.0,0.011363636363636364,0.03125,0.0,0.0,0.056818181818181816,0.056818181818181816,0.0,0.05113636363636364,0.036931818181818184,0.0,0.0,0.05397727272727273,0.0,0.0,0.036931818181818184,0.045454545454545456,0.011363636363636364,0.011363636363636364,0.0,0.0,0.03977272727272727,0.0,0.0,0.0,0.0,0.0,0.0,0.022727272727272728,0.011363636363636364,0.0,0.0,0.03977272727272727,0.005681818181818182,0.014204545454545454,0.008522727272727272,0.0,0.0,0.0,0.0,0.0,0.0
F8,0.0,0.04827586206896552,0.010344827586206896,0.04827586206896552,0.006896551724137931,0.0,0.0,0.0,0.04482758620689655,0.04827586206896552,0.0,0.013793103448275862,0.013793103448275862,0.041379310344827586,0.0,0.04482758620689655,0.041379310344827586,0.027586206896551724,0.041379310344827586,0.013793103448275862,0.0,0.013793103448275862,0.03793103448275862,0.0,0.0,0.04827586206896552,0.04827586206896552,0.0,0.04827586206896552,0.041379310344827586,0.0,0.0,0.04827586206896552,0.0,0.0,0.041379310344827586,0.04482758620689655,0.013793103448275862,0.013793103448275862,0.0,0.0,0.041379310344827586,0.0,0.0,0.0,0.0,0.0,0.0,0.027586206896551724,0.013793103448275862,0.0,0.0,0.041379310344827586,0.0034482758620689655,0.017241379310344827,0.010344827586206896,0.0,0.0,0.0,0.0,0.0,0.0
Fp2,0.054187192118226604,0.0,0.0,0.0,0.0,0.04433497536945813,0.04187192118226601,0.0,0.0,0.0,0.05172413793103448,0.0,0.0,0.0,0.0,0.0,0.0,0.0,0.0,0.0,0.03940886699507389,0.0,0.0,0.054187192118226604,0.0,0.0,0.0,0.05665024630541872,0.0,0.0,0.05172413793103448,0.0,0.0,0.05665024630541872,0.0,0.0,0.0,0.0,0.0,0.017241379310344827,0.04926108374384237,0.0,0.046798029556650245,0.0,0.007389162561576354,0.014778325123152709,0.0,0.046798029556650245,0.0,0.0,0.046798029556650245,0.054187192118226604,0.0,0.0049261083743842365,0.0,0.0,0.034482758620689655,0.05665024630541872,0.04433497536945813,0.012315270935960592,0.05665024630541872,0.05665024630541872
AF7,0.0,0.0,0.0,0.0,0.0,0.0,0.0,0.0,0.0,0.0,0.0,0.0,0.0,0.0,0.0,0.0,0.0,0.0,0.0,0.0,0.0,0.0,0.0,0.0,0.0,0.0,0.0,0.0,0.0,0.0,0.0,0.0,0.0,0.0,0.0,0.0,0.0,0.0,0.0,0.0,0.0,0.0,0.0,0.0,0.0,0.0,0.0,0.0,0.0,0.0,0.0,0.0,0.0,0.0,0.0,0.0,0.0,0.0,0.0,0.0,0.0,0.0
AF3,0.0,0.06315789473684211,0.007894736842105263,0.06315789473684211,0.005263157894736842,0.0,0.0,0.0,0.05,0.05789473684210526,0.0,0.010526315789473684,0.010526315789473684,0.034210526315789476,0.0,0.05263157894736842,0.03684210526315789,0.021052631578947368,0.03684210526315789,0.010526315789473684,0.0,0.010526315789473684,0.02894736842105263,0.0,0.0,0.06315789473684211,0.06315789473684211,0.0,0.05,0.034210526315789476,0.0,0.0,0.05789473684210526,0.0,0.0,0.034210526315789476,0.04473684210526316,0.010526315789473684,0.010526315789473684,0.0,0.0,0.03684210526315789,0.0,0.0,0.0,0.0,0.0,0.0,0.021052631578947368,0.010526315789473684,0.0,0.0,0.03684210526315789,0.005263157894736842,0.013157894736842105,0.007894736842105263,0.0,0.0,0.0,0.0,0.0,0.0
AFz,0.05063291139240506,0.0,0.0,0.0,0.0,0.0379746835443038,0.0379746835443038,0.0,0.0,0.0,0.04852320675105485,0.0,0.0,0.0,0.0,0.0,0.0,0.0,0.0,0.0,0.03375527426160337,0.0,0.0,0.05063291139240506,0.0,0.0,0.0,0.0759493670886076,0.0,0.0,0.046413502109704644,0.0,0.0,0.07383966244725738,0.0,0.0,0.0,0.0,0.0,0.014767932489451477,0.04430379746835443,0.0,0.04219409282700422,0.0,0.006329113924050633,0.012658227848101266,0.0,0.04008438818565401,0.0,0.0,0.04008438818565401,0.052742616033755275,0.0,0.004219409282700422,0.0,0.0,0.029535864978902954,0.07383966244725738,0.04008438818565401,0.010548523206751054,0.05485232067510549,0.07805907172995781
F1,0.0,0.0,0.0,0.0,0.0,0.0,0.0,0.0,0.0,0.0,0.0,0.0,0.0,0.0,0.0,0.0,0.0,0.0,0.0,0.0,0.0,0.0,0.0,0.0,0.0,0.0,0.0,0.0,0.0,0.0,0.0,0.0,0.0,0.0,0.0,0.0,0.0,0.0,0.0,0.0,0.0,0.0,0.0,0.0,0.0,0.0,0.0,0.0,0.0,0.0,0.0,0.0,0.0,0.0,0.0,0.0,0.0,0.0,0.0,0.0,0.0,0.0
F5,0.0,0.04827586206896552,0.010344827586206896,0.04827586206896552,0.006896551724137931,0.0,0.0,0.0,0.04482758620689655,0.04827586206896552,0.0,0.013793103448275862,0.013793103448275862,0.041379310344827586,0.0,0.04482758620689655,0.041379310344827586,0.027586206896551724,0.041379310344827586,0.013793103448275862,0.0,0.013793103448275862,0.03793103448275862,0.0,0.0,0.04827586206896552,0.04827586206896552,0.0,0.04827586206896552,0.041379310344827586,0.0,0.0,0.04827586206896552,0.0,0.0,0.041379310344827586,0.04482758620689655,0.013793103448275862,0.013793103448275862,0.0,0.0,0.041379310344827586,0.0,0.0,0.0,0.0,0.0,0.0,0.027586206896551724,0.013793103448275862,0.0,0.0,0.041379310344827586,0.0034482758620689655,0.017241379310344827,0.010344827586206896,0.0,0.0,0.0,0.0,0.0,0.0
FT7,0.0,0.055232558139534885,0.00872093023255814,0.055232558139534885,0.005813953488372093,0.0,0.0,0.0,0.04941860465116279,0.05232558139534884,0.0,0.011627906976744186,0.011627906976744186,0.0377906976744186,0.0,0.04941860465116279,0.040697674418604654,0.023255813953488372,0.040697674418604654,0.011627906976744186,0.0,0.011627906976744186,0.03197674418604651,0.0,0.0,0.055232558139534885,0.055232558139534885,0.0,0.05232558139534884,0.0377906976744186,0.0,0.0,0.05232558139534884,0.0,0.0,0.0377906976744186,0.046511627906976744,0.011627906976744186,0.011627906976744186,0.0,0.0,0.040697674418604654,0.0,0.0,0.0,0.0,0.0,0.0,0.023255813953488372,0.011627906976744186,0.0,0.0,0.040697674418604654,0.0029069767441860465,0.014534883720930232,0.00872093023255814,0.0,0.0,0.0,0.0,0.0,0.0
FC3,0.0,0.03571428571428571,0.02142857142857143,0.03571428571428571,0.014285714285714285,0.0,0.0,0.0,0.03571428571428571,0.03571428571428571,0.0,0.02857142857142857,0.02857142857142857,0.03571428571428571,0.0,0.03571428571428571,0.03571428571428571,0.02857142857142857,0.03571428571428571,0.02857142857142857,0.0,0.02857142857142857,0.03571428571428571,0.0,0.0,0.03571428571428571,0.03571428571428571,0.0,0.03571428571428571,0.03571428571428571,0.0,0.0,0.03571428571428571,0.0,0.0,0.03571428571428571,0.03571428571428571,0.02857142857142857,0.02857142857142857,0.0,0.0,0.03571428571428571,0.0,0.0,0.0,0.0,0.0,0.0,0.03571428571428571,0.02857142857142857,0.0,0.0,0.03571428571428571,0.0,0.03571428571428571,0.02142857142857143,0.0,0.0,0.0,0.0,0.0,0.0
C1,0.0,0.03571428571428571,0.02142857142857143,0.03571428571428571,0.014285714285714285,0.0,0.0,0.0,0.03571428571428571,0.03571428571428571,0.0,0.02857142857142857,0.02857142857142857,0.03571428571428571,0.0,0.03571428571428571,0.03571428571428571,0.02857142857142857,0.03571428571428571,0.02857142857142857,0.0,0.02857142857142857,0.03571428571428571,0.0,0.0,0.03571428571428571,0.03571428571428571,0.0,0.03571428571428571,0.03571428571428571,0.0,0.0,0.03571428571428571,0.0,0.0,0.03571428571428571,0.03571428571428571,0.02857142857142857,0.02857142857142857,0.0,0.0,0.03571428571428571,0.0,0.0,0.0,0.0,0.0,0.0,0.03571428571428571,0.02857142857142857,0.0,0.0,0.03571428571428571,0.0,0.03571428571428571,0.02142857142857143,0.0,0.0,0.0,0.0,0.0,0.0
C5,0.04861111111111111,0.0,0.0,0.0,0.0,0.04861111111111111,0.034722222222222224,0.0,0.0,0.0,0.04861111111111111,0.0,0.0,0.0,0.0,0.0,0.0,0.0,0.0,0.0,0.034722222222222224,0.0,0.0,0.04861111111111111,0.0,0.0,0.0,0.04861111111111111,0.0,0.0,0.04861111111111111,0.0,0.0,0.04861111111111111,0.0,0.0,0.0,0.0,0.0,0.041666666666666664,0.04861111111111111,0.0,0.041666666666666664,0.0,0.013888888888888888,0.041666666666666664,0.0,0.04861111111111111,0.0,0.0,0.04861111111111111,0.04861111111111111,0.0,0.006944444444444444,0.0,0.0,0.04861111111111111,0.04861111111111111,0.04861111111111111,0.006944444444444444,0.04861111111111111,0.04861111111111111
TP7,0.055415617128463476,0.0,0.0,0.0,0.0,0.04534005037783375,0.04030226700251889,0.0,0.0,0.0,0.05289672544080604,0.0,0.0,0.0,0.0,0.0,0.0,0.0,0.0,0.0,0.037783375314861464,0.0,0.0,0.055415617128463476,0.0,0.0,0.0,0.055415617128463476,0.0,0.0,0.05289672544080604,0.0,0.0,0.055415617128463476,0.0,0.0,0.0,0.0,0.0,0.017632241813602016,0.05037783375314862,0.0,0.04534005037783375,0.0,0.007556675062972292,0.015113350125944584,0.0,0.04785894206549118,0.0,0.0,0.04785894206549118,0.05289672544080604,0.0,0.005037783375314861,0.0,0.0,0.03526448362720403,0.055415617128463476,0.04534005037783375,0.012594458438287154,0.055415617128463476,0.055415617128463476
CP3,0.0,0.048859934853420196,0.009771986970684038,0.048859934853420196,0.006514657980456026,0.0,0.0,0.0,0.04560260586319218,0.048859934853420196,0.0,0.013029315960912053,0.013029315960912053,0.04234527687296417,0.0,0.04560260586319218,0.04234527687296417,0.026058631921824105,0.04234527687296417,0.013029315960912053,0.0,0.013029315960912053,0.035830618892508145,0.0,0.0,0.048859934853420196,0.048859934853420196,0.0,0.048859934853420196,0.04234527687296417,0.0,0.0,0.048859934853420196,0.0,0.0,0.04234527687296417,0.04560260586319218,0.013029315960912053,0.013029315960912053,0.0,0.0,0.04234527687296417,0.0,0.0,0.0,0.0,0.0,0.0,0.026058631921824105,0.013029315960912053,0.0,0.0,0.04234527687296417,0.003257328990228013,0.016286644951140065,0.009771986970684038,0.0,0.0,0.0,0.0,0.0,0.0
P1,0.050445103857566766,0.0,0.0,0.0,0.0,0.04451038575667656,0.050445103857566766,0.0,0.0,0.0,0.050445103857566766,0.0,0.0,0.0,0.0,0.0,0.0,0.0,0.0,0.0,0.04747774480712166,0.0,0.0,0.050445103857566766,0.0,0.0,0.0,0.05934718100890208,0.0,0.0,0.050445103857566766,0.0,0.0,0.05637982195845697,0.0,0.0,0.0,0.0,0.0,0.011869436201780416,0.04747774480712166,0.0,0.05341246290801187,0.0,0.0,0.01483679525222552,0.0,0.04451038575667656,0.0,0.0,0.04747774480712166,0.05637982195845697,0.0,0.0,0.0,0.0,0.03560830860534125,0.05637982195845697,0.04154302670623145,0.01483679525222552,0.05637982195845697,0.05934718100890208
P5,0.0,0.0,0.0,0.0,0.0,0.0,0.0,0.0,0.0,0.0,0.0,0.0,0.0,0.0,0.0,0.0,0.0,0.0,0.0,0.0,0.0,0.0,0.0,0.0,0.0,0.0,0.0,0.0,0.0,0.0,0.0,0.0,0.0,0.0,0.0,0.0,0.0,0.0,0.0,0.0,0.0,0.0,0.0,0.0,0.0,0.0,0.0,0.0,0.0,0.0,0.0,0.0,0.0,0.0,0.0,0.0,0.0,0.0,0.0,0.0,0.0,0.0
PO7,0.05333333333333334,0.0,0.0,0.0,0.0,0.04,0.013333333333333334,0.0,0.0,0.0,0.05333333333333334,0.0,0.0,0.0,0.0,0.0,0.0,0.0,0.0,0.0,0.013333333333333334,0.0,0.0,0.05333333333333334,0.0,0.0,0.0,0.05333333333333334,0.0,0.0,0.05333333333333334,0.0,0.0,0.05333333333333334,0.0,0.0,0.0,0.0,0.0,0.05333333333333334,0.05333333333333334,0.0,0.02666666666666667,0.0,0.04,0.02666666666666667,0.0,0.05333333333333334,0.0,0.0,0.04,0.04,0.0,0.02666666666666667,0.0,0.0,0.04,0.05333333333333334,0.05333333333333334,0.0,0.05333333333333334,0.05333333333333334
PO3,0.048,0.0,0.0,0.0,0.0,0.048,0.048,0.0,0.0,0.0,0.048,0.0,0.0,0.0,0.0,0.0,0.0,0.0,0.0,0.0,0.048,0.0,0.0,0.048,0.0,0.0,0.0,0.048,0.0,0.0,0.048,0.0,0.0,0.048,0.0,0.0,0.0,0.0,0.0,0.032,0.048,0.0,0.048,0.0,0.0,0.04,0.0,0.048,0.0,0.0,0.048,0.048,0.0,0.0,0.0,0.0,0.048,0.048,0.048,0.016,0.048,0.048
POz,0.0,0.0,0.0,0.0,0.0,0.0,0.0,0.0,0.0,0.0,0.0,0.0,0.0,0.0,0.0,0.0,0.0,0.0,0.0,0.0,0.0,0.0,0.0,0.0,0.0,0.0,0.0,0.0,0.0,0.0,0.0,0.0,0.0,0.0,0.0,0.0,0.0,0.0,0.0,0.0,0.0,0.0,0.0,0.0,0.0,0.0,0.0,0.0,0.0,0.0,0.0,0.0,0.0,0.0,0.0,0.0,0.0,0.0,0.0,0.0,0.0,0.0
PO4,0.05322128851540616,0.0,0.0,0.0,0.0,0.047619047619047616,0.04201680672268908,0.0,0.0,0.0,0.05322128851540616,0.0,0.0,0.0,0.0,0.0,0.0,0.0,0.0,0.0,0.04201680672268908,0.0,0.0,0.05322128851540616,0.0,0.0,0.0,0.05322128851540616,0.0,0.0,0.05322128851540616,0.0,0.0,0.05322128851540616,0.0,0.0,0.0,0.0,0.0,0.01680672268907563,0.05042016806722689,0.0,0.047619047619047616,0.0,0.0056022408963585435,0.01680672268907563,0.0,0.047619047619047616,0.0,0.0,0.05042016806722689,0.05322128851540616,0.0,0.0028011204481792717,0.0,0.0,0.0392156862745098,0.05322128851540616,0.04481792717086835,0.014005602240896359,0.05322128851540616,0.05322128851540616
PO8,0.0,0.043478260869565216,0.014492753623188406,0.043478260869565216,0.00966183574879227,0.0,0.0,0.0,0.03864734299516908,0.043478260869565216,0.0,0.01932367149758454,0.01932367149758454,0.03864734299516908,0.0,0.03864734299516908,0.03864734299516908,0.033816425120772944,0.03864734299516908,0.01932367149758454,0.0,0.01932367149758454,0.03864734299516908,0.0,0.0,0.043478260869565216,0.043478260869565216,0.0,0.043478260869565216,0.03864734299516908,0.0,0.0,0.043478260869565216,0.0,0.0,0.03864734299516908,0.03864734299516908,0.01932367149758454,0.01932367149758454,0.0,0.0,0.03864734299516908,0.0,0.0,0.0,0.0,0.0,0.0,0.033816425120772944,0.01932367149758454,0.0,0.0,0.03864734299516908,0.004830917874396135,0.024154589371980676,0.014492753623188406,0.0,0.0,0.0,0.0,0.0,0.0
P6,0.0,0.03571428571428571,0.02142857142857143,0.03571428571428571,0.014285714285714285,0.0,0.0,0.0,0.03571428571428571,0.03571428571428571,0.0,0.02857142857142857,0.02857142857142857,0.03571428571428571,0.0,0.03571428571428571,0.03571428571428571,0.02857142857142857,0.03571428571428571,0.02857142857142857,0.0,0.02857142857142857,0.03571428571428571,0.0,0.0,0.03571428571428571,0.03571428571428571,0.0,0.03571428571428571,0.03571428571428571,0.0,0.0,0.03571428571428571,0.0,0.0,0.03571428571428571,0.03571428571428571,0.02857142857142857,0.02857142857142857,0.0,0.0,0.03571428571428571,0.0,0.0,0.0,0.0,0.0,0.0,0.03571428571428571,0.02857142857142857,0.0,0.0,0.03571428571428571,0.0,0.03571428571428571,0.02142857142857143,0.0,0.0,0.0,0.0,0.0,0.0
P2,0.05187319884726225,0.0,0.0,0.0,0.0,0.04610951008645533,0.04610951008645533,0.0,0.0,0.0,0.05187319884726225,0.0,0.0,0.0,0.0,0.0,0.0,0.0,0.0,0.0,0.04610951008645533,0.0,0.0,0.05187319884726225,0.0,0.0,0.0,0.05475504322766571,0.0,0.0,0.05187319884726225,0.0,0.0,0.05475504322766571,0.0,0.0,0.0,0.0,0.0,0.01440922190201729,0.04899135446685879,0.0,0.05187319884726225,0.0,0.002881844380403458,0.01729106628242075,0.0,0.04610951008645533,0.0,0.0,0.04899135446685879,0.05475504322766571,0.0,0.0,0.0,0.0,0.037463976945244955,0.05475504322766571,0.043227665706051875,0.01440922190201729,0.05475504322766571,0.05475504322766571
CPz,0.052763819095477386,0.0,0.0,0.0,0.0,0.04271356783919598,0.04522613065326633,0.0,0.0,0.0,0.05025125628140704,0.0,0.0,0.0,0.0,0.0,0.0,0.0,0.0,0.0,0.04020100502512563,0.0,0.0,0.052763819095477386,0.0,0.0,0.0,0.06281407035175879,0.0,0.0,0.05025125628140704,0.0,0.0,0.06030150753768844,0.0,0.0,0.0,0.0,0.0,0.01256281407035176,0.04773869346733668,0.0,0.05025125628140704,0.0,0.002512562814070352,0.01507537688442211,0.0,0.04271356783919598,0.0,0.0,0.04522613065326633,0.05778894472361809,0.0,0.0,0.0,0.0,0.032663316582914576,0.06030150753768844,0.04271356783919598,0.01256281407035176,0.05778894472361809,0.06281407035175879
CP4,0.0,0.048859934853420196,0.009771986970684038,0.048859934853420196,0.006514657980456026,0.0,0.0,0.0,0.04560260586319218,0.048859934853420196,0.0,0.013029315960912053,0.013029315960912053,0.04234527687296417,0.0,0.04560260586319218,0.04234527687296417,0.026058631921824105,0.04234527687296417,0.013029315960912053,0.0,0.013029315960912053,0.035830618892508145,0.0,0.0,0.048859934853420196,0.048859934853420196,0.0,0.048859934853420196,0.04234527687296417,0.0,0.0,0.048859934853420196,0.0,0.0,0.04234527687296417,0.04560260586319218,0.013029315960912053,0.013029315960912053,0.0,0.0,0.04234527687296417,0.0,0.0,0.0,0.0,0.0,0.0,0.026058631921824105,0.013029315960912053,0.0,0.0,0.04234527687296417,0.003257328990228013,0.016286644951140065,0.009771986970684038,0.0,0.0,0.0,0.0,0.0,0.0
TP8,0.058823529411764705,0.0,0.0,0.0,0.0,0.029411764705882353,0.0,0.0,0.0,0.0,0.058823529411764705,0.0,0.0,0.0,0.0,0.0,0.0,0.0,0.0,0.0,0.0,0.0,0.0,0.058823529411764705,0.0,0.0,0.0,0.058823529411764705,0.0,0.0,0.058823529411764705,0.0,0.0,0.058823529411764705,0.0,0.0,0.0,0.0,0.0,0.04411764705882353,0.058823529411764705,0.0,0.014705882352941176,0.0,0.058823529411764705,0.014705882352941176,0.0,0.04411764705882353,0.0,0.0,0.029411764705882353,0.029411764705882353,0.0,0.058823529411764705,0.0,0.0,0.029411764705882353,0.058823529411764705,0.058823529411764705,0.0,0.058823529411764705,0.058823529411764705
C6,0.0,0.04054054054054054,0.02027027027027027,0.04054054054054054,0.013513513513513514,0.0,0.0,0.0,0.033783783783783786,0.04054054054054054,0.0,0.02702702702702703,0.02702702702702703,0.033783783783783786,0.0,0.033783783783783786,0.033783783783783786,0.02702702702702703,0.033783783783783786,0.02702702702702703,0.0,0.02702702702702703,0.033783783783783786,0.0,0.0,0.04054054054054054,0.04054054054054054,0.0,0.04054054054054054,0.033783783783783786,0.0,0.0,0.04054054054054054,0.0,0.0,0.033783783783783786,0.033783783783783786,0.02702702702702703,0.02702702702702703,0.0,0.0,0.033783783783783786,0.0,0.0,0.0,0.0,0.0,0.0,0.033783783783783786,0.02702702702702703,0.0,0.0,0.033783783783783786,0.006756756756756757,0.033783783783783786,0.02027027027027027,0.0,0.0,0.0,0.0,0.0,0.0
C2,0.0,0.03333333333333333,0.025,0.03333333333333333,0.016666666666666666,0.0,0.0,0.0,0.03333333333333333,0.03333333333333333,0.0,0.03333333333333333,0.03333333333333333,0.03333333333333333,0.0,0.03333333333333333,0.03333333333333333,0.03333333333333333,0.03333333333333333,0.03333333333333333,0.0,0.03333333333333333,0.03333333333333333,0.0,0.0,0.03333333333333333,0.03333333333333333,0.0,0.03333333333333333,0.03333333333333333,0.0,0.0,0.03333333333333333,0.0,0.0,0.03333333333333333,0.03333333333333333,0.03333333333333333,0.03333333333333333,0.0,0.0,0.03333333333333333,0.0,0.0,0.0,0.0,0.0,0.0,0.03333333333333333,0.03333333333333333,0.0,0.0,0.03333333333333333,0.0,0.03333333333333333,0.025,0.0,0.0,0.0,0.0,0.0,0.0
FT8,0.050359712230215826,0.0,0.0,0.0,0.0,0.050359712230215826,0.046762589928057555,0.0,0.0,0.0,0.050359712230215826,0.0,0.0,0.0,0.0,0.0,0.0,0.0,0.0,0.0,0.046762589928057555,0.0,0.0,0.050359712230215826,0.0,0.0,0.0,0.050359712230215826,0.0,0.0,0.050359712230215826,0.0,0.0,0.050359712230215826,0.0,0.0,0.0,0.0,0.0,0.017985611510791366,0.050359712230215826,0.0,0.050359712230215826,0.0,0.0035971223021582736,0.02158273381294964,0.0,0.050359712230215826,0.0,0.0,0.050359712230215826,0.050359712230215826,0.0,0.0,0.0,0.0,0.04316546762589928,0.050359712230215826,0.046762589928057555,0.017985611510791366,0.050359712230215826,0.050359712230215826
F6,0.05063291139240506,0.0,0.0,0.0,0.0,0.0379746835443038,0.0379746835443038,0.0,0.0,0.0,0.04852320675105485,0.0,0.0,0.0,0.0,0.0,0.0,0.0,0.0,0.0,0.03375527426160337,0.0,0.0,0.05063291139240506,0.0,0.0,0.0,0.0759493670886076,0.0,0.0,0.046413502109704644,0.0,0.0,0.07383966244725738,0.0,0.0,0.0,0.0,0.0,0.014767932489451477,0.04430379746835443,0.0,0.04219409282700422,0.0,0.006329113924050633,0.012658227848101266,0.0,0.04008438818565401,0.0,0.0,0.04008438818565401,0.052742616033755275,0.0,0.004219409282700422,0.0,0.0,0.029535864978902954,0.07383966244725738,0.04008438818565401,0.010548523206751054,0.05485232067510549,0.07805907172995781
AF8,0.053475935828877004,0.0,0.0,0.0,0.0,0.045454545454545456,0.040106951871657755,0.0,0.0,0.0,0.053475935828877004,0.0,0.0,0.0,0.0,0.0,0.0,0.0,0.0,0.0,0.0374331550802139,0.0,0.0,0.053475935828877004,0.0,0.0,0.0,0.053475935828877004,0.0,0.0,0.053475935828877004,0.0,0.0,0.053475935828877004,0.0,0.0,0.0,0.0,0.0,0.01871657754010695,0.053475935828877004,0.0,0.045454545454545456,0.0,0.008021390374331552,0.016042780748663103,0.0,0.05080213903743316,0.0,0.0,0.0481283422459893,0.05080213903743316,0.0,0.0053475935828877,0.0,0.0,0.0374331550802139,0.053475935828877004,0.0481283422459893,0.013368983957219251,0.053475935828877004,0.053475935828877004
AF4,0.053763440860215055,0.0,0.0,0.0,0.0,0.053763440860215055,0.053763440860215055,0.0,0.0,0.0,0.053763440860215055,0.0,0.0,0.0,0.0,0.0,0.0,0.0,0.0,0.0,0.053763440860215055,0.0,0.0,0.053763440860215055,0.0,0.0,0.0,0.053763440860215055,0.0,0.0,0.053763440860215055,0.0,0.0,0.053763440860215055,0.0,0.0,0.0,0.0,0.0,0.0,0.043010752688172046,0.0,0.053763440860215055,0.0,0.0,0.0,0.0,0.043010752688172046,0.0,0.0,0.053763440860215055,0.053763440860215055,0.0,0.0,0.0,0.0,0.03225806451612903,0.053763440860215055,0.03225806451612903,0.043010752688172046,0.053763440860215055,0.053763440860215055
F2,0.05324074074074074,0.0,0.0,0.0,0.0,0.041666666666666664,0.041666666666666664,0.0,0.0,0.0,0.05092592592592592,0.0,0.0,0.0,0.0,0.0,0.0,0.0,0.0,0.0,0.037037037037037035,0.0,0.0,0.05324074074074074,0.0,0.0,0.0,0.0625,0.0,0.0,0.05092592592592592,0.0,0.0,0.06018518518518518,0.0,0.0,0.0,0.0,0.0,0.016203703703703703,0.04861111111111111,0.0,0.046296296296296294,0.0,0.006944444444444444,0.013888888888888888,0.0,0.04398148148148148,0.0,0.0,0.04398148148148148,0.05555555555555555,0.0,0.004629629629629629,0.0,0.0,0.032407407407407406,0.06018518518518518,0.04398148148148148,0.011574074074074073,0.05787037037037037,0.0625
FCz,0.04979253112033195,0.0,0.0,0.0,0.0,0.03734439834024896,0.03734439834024896,0.0,0.0,0.0,0.04771784232365145,0.0,0.0,0.0,0.0,0.0,0.0,0.0,0.0,0.0,0.03319502074688797,0.0,0.0,0.04979253112033195,0.0,0.0,0.0,0.07676348547717843,0.0,0.0,0.04564315352697095,0.0,0.0,0.07468879668049792,0.0,0.0,0.0,0.0,0.0,0.014522821576763486,0.043568464730290454,0.0,0.04149377593360996,0.0,0.006224066390041493,0.012448132780082987,0.0,0.03941908713692946,0.0,0.0,0.03941908713692946,0.05186721991701245,0.0,0.004149377593360996,0.0,0.0,0.029045643153526972,0.07468879668049792,0.03941908713692946,0.01037344398340249,0.05394190871369295,0.08713692946058091
