,Fz,F3,F7,FT9,FC5,FC1,C3,CP5,CP1,Pz,P7,O1,Oz,O2,P4,P8,TP10,CP6,CP2,Cz,C4,T8,FT10,FC6,FC2,F4,F8,Fp2,AF7,AF3,AFz,F1,F5,FT7,FC3,C1,C5,CP3,P1,P5,PO7,PO3,POz,PO4,PO8,P6,P2,CPz,CP4,TP8,C6,C2,FC4,FT8,F6,AF8,AF4,F2,FCz
Fz,0.0,0.0,0.0,0.0,0.0,0.0,0.0,0.0,0.0,0.0,0.0,0.0,0.0,0.0,0.0,0.0,0.0,0.0,0.0,0.0,0.0,0.0,0.0,0.0,0.0,0.0,0.0,0.0,0.0,0.0,0.0,0.0,0.0,0.0,0.0,0.0,0.0,0.0,0.0,0.0,0.0,0.0,0.0,0.0,0.0,0.0,0.0,0.0,0.0,0.0,0.0,0.0,0.0,0.0,0.0,0.0,0.0,0.0,0.0
F3,0.0,0.06763285024154589,0.0,0.06280193236714976,0.07246376811594203,0.06763285024154589,0.0,0.0,0.0,0.0,0.0,0.07246376811594203,0.0,0.0,0.057971014492753624,0.043478260869565216,0.0,0.024154589371980676,0.04830917874396135,0.0,0.0,0.0,0.0,0.0,0.0,0.0,0.028985507246376812,0.0,0.0,0.0,0.0,0.04830917874396135,0.0,0.0,0.0,0.0,0.0,0.028985507246376812,0.0,0.0,0.0,0.0,0.028985507246376812,0.06280193236714976,0.0,0.0,0.0,0.05314009661835749,0.0,0.0,0.0,0.05314009661835749,0.057971014492753624,0.0,0.04830917874396135,0.0,0.0,0.057971014492753624,0.014492753623188406
F7,0.0,0.0,0.0,0.0,0.0,0.0,0.0,0.0,0.0,0.0,0.0,0.0,0.0,0.0,0.0,0.0,0.0,0.0,0.0,0.0,0.0,0.0,0.0,0.0,0.0,0.0,0.0,0.0,0.0,0.0,0.0,0.0,0.0,0.0,0.0,0.0,0.0,0.0,0.0,0.0,0.0,0.0,0.0,0.0,0.0,0.0,0.0,0.0,0.0,0.0,0.0,0.0,0.0,0.0,0.0,0.0,0.0,0.0,0.0
FT9,0.0,0.06829268292682927,0.0,0.06341463414634146,0.06829268292682927,0.06829268292682927,0.0,0.0,0.0,0.0,0.0,0.06829268292682927,0.0,0.0,0.05853658536585366,0.04390243902439024,0.0,0.024390243902439025,0.04878048780487805,0.0,0.0,0.0,0.0,0.0,0.0,0.0,0.02926829268292683,0.0,0.0,0.0,0.0,0.04878048780487805,0.0,0.0,0.0,0.0,0.0,0.02926829268292683,0.0,0.0,0.0,0.0,0.02926829268292683,0.06341463414634146,0.0,0.0,0.0,0.05365853658536585,0.0,0.0,0.0,0.05365853658536585,0.05853658536585366,0.0,0.04878048780487805,0.0,0.0,0.05853658536585366,0.014634146341463415
FC5,0.0,0.06698564593301436,0.0,0.06220095693779904,0.07655502392344497,0.06698564593301436,0.0,0.0,0.0,0.0,0.0,0.07655502392344497,0.0,0.0,0.05741626794258373,0.0430622009569378,0.0,0.023923444976076555,0.04784688995215311,0.0,0.0,0.0,0.0,0.0,0.0,0.0,0.028708133971291867,0.0,0.0,0.0,0.0,0.04784688995215311,0.0,0.0,0.0,0.0,0.0,0.028708133971291867,0.0,0.0,0.0,0.0,0.028708133971291867,0.06220095693779904,0.0,0.0,0.0,0.05263157894736842,0.0,0.0,0.0,0.05263157894736842,0.05741626794258373,0.0,0.04784688995215311,0.0,0.0,0.05741626794258373,0.014354066985645933
FC1,0.0,0.058091286307053944,0.0,0.05394190871369295,0.06224066390041494,0.11203319502074689,0.0,0.0,0.0,0.0,0.0,0.12033195020746888,0.0,0.0,0.04979253112033195,0.03734439834024896,0.0,0.02074688796680498,0.04149377593360996,0.0,0.0,0.0,0.0,0.0,0.0,0.0,0.024896265560165973,0.0,0.0,0.0,0.0,0.04149377593360996,0.0,0.0,0.0,0.0,0.0,0.024896265560165973,0.0,0.0,0.0,0.0,0.024896265560165973,0.08298755186721991,0.0,0.0,0.0,0.04564315352697095,0.0,0.0,0.0,0.04564315352697095,0.04979253112033195,0.0,0.04149377593360996,0.0,0.0,0.04979253112033195,0.012448132780082987
C3,0.0,0.0,0.0,0.0,0.0,0.0,0.0,0.0,0.0,0.0,0.0,0.0,0.0,0.0,0.0,0.0,0.0,0.0,0.0,0.0,0.0,0.0,0.0,0.0,0.0,0.0,0.0,0.0,0.0,0.0,0.0,0.0,0.0,0.0,0.0,0.0,0.0,0.0,0.0,0.0,0.0,0.0,0.0,0.0,0.0,0.0,0.0,0.0,0.0,0.0,0.0,0.0,0.0,0.0,0.0,0.0,0.0,0.0,0.0
CP5,0.0,0.0,0.0,0.0,0.0,0.0,0.0,0.0,0.0,0.0,0.0,0.0,0.0,0.0,0.0,0.0,0.0,0.0,0.0,0.0,0.0,0.0,0.0,0.0,0.0,0.0,0.0,0.0,0.0,0.0,0.0,0.0,0.0,0.0,0.0,0.0,0.0,0.0,0.0,0.0,0.0,0.0,0.0,0.0,0.0,0.0,0.0,0.0,0.0,0.0,0.0,0.0,0.0,0.0,0.0,0.0,0.0,0.0,0.0
CP1,0.0,0.0,0.0,0.0,0.0,0.0,0.0,0.0,0.0,0.0,0.0,0.0,0.0,0.0,0.0,0.0,0.0,0.0,0.0,0.0,0.0,0.0,0.0,0.0,0.0,0.0,0.0,0.0,0.0,0.0,0.0,0.0,0.0,0.0,0.0,0.0,0.0,0.0,0.0,0.0,0.0,0.0,0.0,0.0,0.0,0.0,0.0,0.0,0.0,0.0,0.0,0.0,0.0,0.0,0.0,0.0,0.0,0.0,0.0
Pz,0.0,0.0,0.0,0.0,0.0,0.0,0.0,0.0,0.0,0.0,0.0,0.0,0.0,0.0,0.0,0.0,0.0,0.0,0.0,0.0,0.0,0.0,0.0,0.0,0.0,0.0,0.0,0.0,0.0,0.0,0.0,0.0,0.0,0.0,0.0,0.0,0.0,0.0,0.0,0.0,0.0,0.0,0.0,0.0,0.0,0.0,0.0,0.0,0.0,0.0,0.0,0.0,0.0,0.0,0.0,0.0,0.0,0.0,0.0
P7,0.0,0.0,0.0,0.0,0.0,0.0,0.0,0.0,0.0,0.0,0.0,0.0,0.0,0.0,0.0,0.0,0.0,0.0,0.0,0.0,0.0,0.0,0.0,0.0,0.0,0.0,0.0,0.0,0.0,0.0,0.0,0.0,0.0,0.0,0.0,0.0,0.0,0.0,0.0,0.0,0.0,0.0,0.0,0.0,0.0,0.0,0.0,0.0,0.0,0.0,0.0,0.0,0.0,0.0,0.0,0.0,0.0,0.0,0.0
O1,0.0,0.056,0.0,0.052,0.064,0.112,0.0,0.0,0.0,0.0,0.0,0.144,0.0,0.0,0.048,0.036,0.0,0.02,0.04,0.0,0.0,0.0,0.0,0.0,0.0,0.0,0.024,0.0,0.0,0.0,0.0,0.04,0.0,0.0,0.0,0.0,0.0,0.024,0.0,0.0,0.0,0.0,0.024,0.08,0.0,0.0,0.0,0.044,0.0,0.0,0.0,0.044,0.048,0.0,0.04,0.0,0.0,0.048,0.012
Oz,0.0,0.0,0.0,0.0,0.0,0.0,0.0,0.0,0.0,0.0,0.0,0.0,0.1337579617834395,0.0,0.0,0.0,0.0,0.0,0.0,0.14012738853503184,0.0,0.0,0.0,0.14012738853503184,0.1337579617834395,0.12101910828025478,0.0,0.0,0.0,0.01910828025477707,0.06369426751592357,0.0,0.0,0.0,0.10828025477707007,0.0,0.0,0.0,0.0,0.0,0.0,0.0,0.0,0.0,0.0,0.0,0.14012738853503184,0.0,0.0,0.0,0.0,0.0,0.0,0.0,0.0,0.0,0.0,0.0,0.0
O2,0.0,0.0,0.0,0.0,0.0,0.0,0.0,0.0,0.0,0.0,0.0,0.0,0.0,0.0,0.0,0.0,0.0,0.0,0.0,0.0,0.0,0.0,0.0,0.0,0.0,0.0,0.0,0.0,0.0,0.0,0.0,0.0,0.0,0.0,0.0,0.0,0.0,0.0,0.0,0.0,0.0,0.0,0.0,0.0,0.0,0.0,0.0,0.0,0.0,0.0,0.0,0.0,0.0,0.0,0.0,0.0,0.0,0.0,0.0
P4,0.0,0.06467661691542288,0.0,0.06467661691542288,0.06467661691542288,0.06467661691542288,0.0,0.0,0.0,0.0,0.0,0.06467661691542288,0.0,0.0,0.05970149253731343,0.04477611940298507,0.0,0.024875621890547265,0.04975124378109453,0.0,0.0,0.0,0.0,0.0,0.0,0.0,0.029850746268656716,0.0,0.0,0.0,0.0,0.04975124378109453,0.0,0.0,0.0,0.0,0.0,0.029850746268656716,0.0,0.0,0.0,0.0,0.029850746268656716,0.06467661691542288,0.0,0.0,0.0,0.05472636815920398,0.0,0.0,0.0,0.05472636815920398,0.05970149253731343,0.0,0.04975124378109453,0.0,0.0,0.05970149253731343,0.014925373134328358
P8,0.0,0.05714285714285714,0.0,0.05714285714285714,0.05714285714285714,0.05714285714285714,0.0,0.0,0.0,0.0,0.0,0.05714285714285714,0.0,0.0,0.05714285714285714,0.05142857142857143,0.0,0.02857142857142857,0.05714285714285714,0.0,0.0,0.0,0.0,0.0,0.0,0.0,0.03428571428571429,0.0,0.0,0.0,0.0,0.05714285714285714,0.0,0.0,0.0,0.0,0.0,0.03428571428571429,0.0,0.0,0.0,0.0,0.03428571428571429,0.05714285714285714,0.0,0.0,0.0,0.05714285714285714,0.0,0.0,0.0,0.05714285714285714,0.05714285714285714,0.0,0.05714285714285714,0.0,0.0,0.05714285714285714,0.017142857142857144
TP10,0.0,0.0,0.0,0.0,0.0,0.0,0.0,0.0,0.0,0.0,0.0,0.0,0.0,0.0,0.0,0.0,0.0,0.0,0.0,0.0,0.0,0.0,0.0,0.0,0.0,0.0,0.0,0.0,0.0,0.0,0.0,0.0,0.0,0.0,0.0,0.0,0.0,0.0,0.0,0.0,0.0,0.0,0.0,0.0,0.0,0.0,0.0,0.0,0.0,0.0,0.0,0.0,0.0,0.0,0.0,0.0,0.0,0.0,0.0
CP6,0.0,0.05172413793103448,0.0,0.05172413793103448,0.05172413793103448,0.05172413793103448,0.0,0.0,0.0,0.0,0.0,0.05172413793103448,0.0,0.0,0.05172413793103448,0.05172413793103448,0.0,0.04310344827586207,0.05172413793103448,0.0,0.0,0.0,0.0,0.0,0.0,0.0,0.05172413793103448,0.0,0.0,0.0,0.0,0.05172413793103448,0.0,0.0,0.0,0.0,0.0,0.05172413793103448,0.0,0.0,0.0,0.0,0.05172413793103448,0.05172413793103448,0.0,0.0,0.0,0.05172413793103448,0.0,0.0,0.0,0.05172413793103448,0.05172413793103448,0.0,0.05172413793103448,0.0,0.0,0.05172413793103448,0.02586206896551724
CP2,0.0,0.05913978494623656,0.0,0.05913978494623656,0.05913978494623656,0.05913978494623656,0.0,0.0,0.0,0.0,0.0,0.05913978494623656,0.0,0.0,0.05913978494623656,0.04838709677419355,0.0,0.026881720430107527,0.053763440860215055,0.0,0.0,0.0,0.0,0.0,0.0,0.0,0.03225806451612903,0.0,0.0,0.0,0.0,0.053763440860215055,0.0,0.0,0.0,0.0,0.0,0.03225806451612903,0.0,0.0,0.0,0.0,0.03225806451612903,0.05913978494623656,0.0,0.0,0.0,0.05913978494623656,0.0,0.0,0.0,0.05913978494623656,0.05913978494623656,0.0,0.053763440860215055,0.0,0.0,0.05913978494623656,0.016129032258064516
Cz,0.0,0.0,0.0,0.0,0.0,0.0,0.0,0.0,0.0,0.0,0.0,0.0,0.11702127659574468,0.0,0.0,0.0,0.0,0.0,0.0,0.15425531914893617,0.0,0.0,0.0,0.14893617021276595,0.13297872340425532,0.13297872340425532,0.0,0.0,0.0,0.015957446808510637,0.05319148936170213,0.0,0.0,0.0,0.09042553191489362,0.0,0.0,0.0,0.0,0.0,0.0,0.0,0.0,0.0,0.0,0.0,0.15425531914893617,0.0,0.0,0.0,0.0,0.0,0.0,0.0,0.0,0.0,0.0,0.0,0.0
C4,0.0,0.0,0.0,0.0,0.0,0.0,0.0,0.0,0.0,0.0,0.0,0.0,0.0,0.0,0.0,0.0,0.0,0.0,0.0,0.0,0.0,0.0,0.0,0.0,0.0,0.0,0.0,0.0,0.0,0.0,0.0,0.0,0.0,0.0,0.0,0.0,0.0,0.0,0.0,0.0,0.0,0.0,0.0,0.0,0.0,0.0,0.0,0.0,0.0,0.0,0.0,0.0,0.0,0.0,0.0,0.0,0.0,0.0,0.0
T8,0.0,0.0,0.0,0.0,0.0,0.0,0.0,0.0,0.0,0.0,0.0,0.0,0.0,0.0,0.0,0.0,0.0,0.0,0.0,0.0,0.0,0.0,0.0,0.0,0.0,0.0,0.0,0.0,0.0,0.0,0.0,0.0,0.0,0.0,0.0,0.0,0.0,0.0,0.0,0.0,0.0,0.0,0.0,0.0,0.0,0.0,0.0,0.0,0.0,0.0,0.0,0.0,0.0,0.0,0.0,0.0,0.0,0.0,0.0
FT10,0.0,0.0,0.0,0.0,0.0,0.0,0.0,0.0,0.0,0.0,0.0,0.0,0.0,0.0,0.0,0.0,0.0,0.0,0.0,0.0,0.0,0.0,0.0,0.0,0.0,0.0,0.0,0.0,0.0,0.0,0.0,0.0,0.0,0.0,0.0,0.0,0.0,0.0,0.0,0.0,0.0,0.0,0.0,0.0,0.0,0.0,0.0,0.0,0.0,0.0,0.0,0.0,0.0,0.0,0.0,0.0,0.0,0.0,0.0
FC6,0.0,0.0,0.0,0.0,0.0,0.0,0.0,0.0,0.0,0.0,0.0,0.0,0.11518324607329843,0.0,0.0,0.0,0.0,0.0,0.0,0.15706806282722513,0.0,0.0,0.0,0.1518324607329843,0.13089005235602094,0.13089005235602094,0.0,0.0,0.0,0.015706806282722512,0.05235602094240838,0.0,0.0,0.0,0.08900523560209424,0.0,0.0,0.0,0.0,0.0,0.0,0.0,0.0,0.0,0.0,0.0,0.15706806282722513,0.0,0.0,0.0,0.0,0.0,0.0,0.0,0.0,0.0,0.0,0.0,0.0
FC2,0.0,0.0,0.0,0.0,0.0,0.0,0.0,0.0,0.0,0.0,0.0,0.0,0.12716763005780346,0.0,0.0,0.0,0.0,0.0,0.0,0.14450867052023122,0.0,0.0,0.0,0.14450867052023122,0.13872832369942195,0.12716763005780346,0.0,0.0,0.0,0.017341040462427744,0.057803468208092484,0.0,0.0,0.0,0.09826589595375723,0.0,0.0,0.0,0.0,0.0,0.0,0.0,0.0,0.0,0.0,0.0,0.14450867052023122,0.0,0.0,0.0,0.0,0.0,0.0,0.0,0.0,0.0,0.0,0.0,0.0
F4,0.0,0.0,0.0,0.0,0.0,0.0,0.0,0.0,0.0,0.0,0.0,0.0,0.1206896551724138,0.0,0.0,0.0,0.0,0.0,0.0,0.14367816091954022,0.0,0.0,0.0,0.14367816091954022,0.13793103448275862,0.13793103448275862,0.0,0.0,0.0,0.017241379310344827,0.05747126436781609,0.0,0.0,0.0,0.09770114942528736,0.0,0.0,0.0,0.0,0.0,0.0,0.0,0.0,0.0,0.0,0.0,0.14367816091954022,0.0,0.0,0.0,0.0,0.0,0.0,0.0,0.0,0.0,0.0,0.0,0.0
F8,0.0,0.05343511450381679,0.0,0.05343511450381679,0.05343511450381679,0.05343511450381679,0.0,0.0,0.0,0.0,0.0,0.05343511450381679,0.0,0.0,0.05343511450381679,0.05343511450381679,0.0,0.03816793893129771,0.05343511450381679,0.0,0.0,0.0,0.0,0.0,0.0,0.0,0.04580152671755725,0.0,0.0,0.0,0.0,0.05343511450381679,0.0,0.0,0.0,0.0,0.0,0.04580152671755725,0.0,0.0,0.0,0.0,0.04580152671755725,0.05343511450381679,0.0,0.0,0.0,0.05343511450381679,0.0,0.0,0.0,0.05343511450381679,0.05343511450381679,0.0,0.05343511450381679,0.0,0.0,0.05343511450381679,0.022900763358778626
Fp2,0.0,0.0,0.0,0.0,0.0,0.0,0.0,0.0,0.0,0.0,0.0,0.0,0.0,0.0,0.0,0.0,0.0,0.0,0.0,0.0,0.0,0.0,0.0,0.0,0.0,0.0,0.0,0.0,0.0,0.0,0.0,0.0,0.0,0.0,0.0,0.0,0.0,0.0,0.0,0.0,0.0,0.0,0.0,0.0,0.0,0.0,0.0,0.0,0.0,0.0,0.0,0.0,0.0,0.0,0.0,0.0,0.0,0.0,0.0
AF7,0.0,0.0,0.0,0.0,0.0,0.0,0.0,0.0,0.0,0.0,0.0,0.0,0.0,0.0,0.0,0.0,0.0,0.0,0.0,0.0,0.0,0.0,0.0,0.0,0.0,0.0,0.0,0.0,0.0,0.0,0.0,0.0,0.0,0.0,0.0,0.0,0.0,0.0,0.0,0.0,0.0,0.0,0.0,0.0,0.0,0.0,0.0,0.0,0.0,0.0,0.0,0.0,0.0,0.0,0.0,0.0,0.0,0.0,0.0
AF3,0.0,0.0,0.0,0.0,0.0,0.0,0.0,0.0,0.0,0.0,0.0,0.0,0.125,0.0,0.0,0.0,0.0,0.0,0.0,0.125,0.0,0.0,0.0,0.125,0.125,0.125,0.0,0.0,0.0,0.08333333333333333,0.041666666666666664,0.0,0.0,0.0,0.125,0.0,0.0,0.0,0.0,0.0,0.0,0.0,0.0,0.0,0.0,0.0,0.125,0.0,0.0,0.0,0.0,0.0,0.0,0.0,0.0,0.0,0.0,0.0,0.0
AFz,0.0,0.0,0.0,0.0,0.0,0.0,0.0,0.0,0.0,0.0,0.0,0.0,0.12195121951219512,0.0,0.0,0.0,0.0,0.0,0.0,0.12195121951219512,0.0,0.0,0.0,0.12195121951219512,0.12195121951219512,0.12195121951219512,0.0,0.0,0.0,0.036585365853658534,0.10975609756097561,0.0,0.0,0.0,0.12195121951219512,0.0,0.0,0.0,0.0,0.0,0.0,0.0,0.0,0.0,0.0,0.0,0.12195121951219512,0.0,0.0,0.0,0.0,0.0,0.0,0.0,0.0,0.0,0.0,0.0,0.0
F1,0.0,0.05913978494623656,0.0,0.05913978494623656,0.05913978494623656,0.05913978494623656,0.0,0.0,0.0,0.0,0.0,0.05913978494623656,0.0,0.0,0.05913978494623656,0.04838709677419355,0.0,0.026881720430107527,0.053763440860215055,0.0,0.0,0.0,0.0,0.0,0.0,0.0,0.03225806451612903,0.0,0.0,0.0,0.0,0.053763440860215055,0.0,0.0,0.0,0.0,0.0,0.03225806451612903,0.0,0.0,0.0,0.0,0.03225806451612903,0.05913978494623656,0.0,0.0,0.0,0.05913978494623656,0.0,0.0,0.0,0.05913978494623656,0.05913978494623656,0.0,0.053763440860215055,0.0,0.0,0.05913978494623656,0.016129032258064516
F5,0.0,0.0,0.0,0.0,0.0,0.0,0.0,0.0,0.0,0.0,0.0,0.0,0.0,0.0,0.0,0.0,0.0,0.0,0.0,0.0,0.0,0.0,0.0,0.0,0.0,0.0,0.0,0.0,0.0,0.0,0.0,0.0,0.0,0.0,0.0,0.0,0.0,0.0,0.0,0.0,0.0,0.0,0.0,0.0,0.0,0.0,0.0,0.0,0.0,0.0,0.0,0.0,0.0,0.0,0.0,0.0,0.0,0.0,0.0
FT7,0.0,0.0,0.0,0.0,0.0,0.0,0.0,0.0,0.0,0.0,0.0,0.0,0.0,0.0,0.0,0.0,0.0,0.0,0.0,0.0,0.0,0.0,0.0,0.0,0.0,0.0,0.0,0.0,0.0,0.0,0.0,0.0,0.0,0.0,0.0,0.0,0.0,0.0,0.0,0.0,0.0,0.0,0.0,0.0,0.0,0.0,0.0,0.0,0.0,0.0,0.0,0.0,0.0,0.0,0.0,0.0,0.0,0.0,0.0
FC3,0.0,0.0,0.0,0.0,0.0,0.0,0.0,0.0,0.0,0.0,0.0,0.0,0.13076923076923078,0.0,0.0,0.0,0.0,0.0,0.0,0.13076923076923078,0.0,0.0,0.0,0.13076923076923078,0.13076923076923078,0.12307692307692308,0.0,0.0,0.0,0.023076923076923078,0.07692307692307693,0.0,0.0,0.0,0.12307692307692308,0.0,0.0,0.0,0.0,0.0,0.0,0.0,0.0,0.0,0.0,0.0,0.13076923076923078,0.0,0.0,0.0,0.0,0.0,0.0,0.0,0.0,0.0,0.0,0.0,0.0
C1,0.0,0.05,0.0,0.05,0.05,0.05,0.0,0.0,0.0,0.0,0.0,0.05,0.0,0.0,0.05,0.05,0.0,0.05,0.05,0.0,0.0,0.0,0.0,0.0,0.0,0.0,0.05,0.0,0.0,0.0,0.0,0.05,0.0,0.0,0.0,0.0,0.0,0.05,0.0,0.0,0.0,0.0,0.05,0.05,0.0,0.0,0.0,0.05,0.0,0.0,0.0,0.05,0.05,0.0,0.05,0.0,0.0,0.05,0.05
C5,0.0,0.0,0.0,0.0,0.0,0.0,0.0,0.0,0.0,0.0,0.0,0.0,0.0,0.0,0.0,0.0,0.0,0.0,0.0,0.0,0.0,0.0,0.0,0.0,0.0,0.0,0.0,0.0,0.0,0.0,0.0,0.0,0.0,0.0,0.0,0.0,0.0,0.0,0.0,0.0,0.0,0.0,0.0,0.0,0.0,0.0,0.0,0.0,0.0,0.0,0.0,0.0,0.0,0.0,0.0,0.0,0.0,0.0,0.0
CP3,0.0,0.05343511450381679,0.0,0.05343511450381679,0.05343511450381679,0.05343511450381679,0.0,0.0,0.0,0.0,0.0,0.05343511450381679,0.0,0.0,0.05343511450381679,0.05343511450381679,0.0,0.03816793893129771,0.05343511450381679,0.0,0.0,0.0,0.0,0.0,0.0,0.0,0.04580152671755725,0.0,0.0,0.0,0.0,0.05343511450381679,0.0,0.0,0.0,0.0,0.0,0.04580152671755725,0.0,0.0,0.0,0.0,0.04580152671755725,0.05343511450381679,0.0,0.0,0.0,0.05343511450381679,0.0,0.0,0.0,0.05343511450381679,0.05343511450381679,0.0,0.05343511450381679,0.0,0.0,0.05343511450381679,0.022900763358778626
P1,0.0,0.0,0.0,0.0,0.0,0.0,0.0,0.0,0.0,0.0,0.0,0.0,0.0,0.0,0.0,0.0,0.0,0.0,0.0,0.0,0.0,0.0,0.0,0.0,0.0,0.0,0.0,0.0,0.0,0.0,0.0,0.0,0.0,0.0,0.0,0.0,0.0,0.0,0.0,0.0,0.0,0.0,0.0,0.0,0.0,0.0,0.0,0.0,0.0,0.0,0.0,0.0,0.0,0.0,0.0,0.0,0.0,0.0,0.0
P5,0.0,0.0,0.0,0.0,0.0,0.0,0.0,0.0,0.0,0.0,0.0,0.0,0.0,0.0,0.0,0.0,0.0,0.0,0.0,0.0,0.0,0.0,0.0,0.0,0.0,0.0,0.0,0.0,0.0,0.0,0.0,0.0,0.0,0.0,0.0,0.0,0.0,0.0,0.0,0.0,0.0,0.0,0.0,0.0,0.0,0.0,0.0,0.0,0.0,0.0,0.0,0.0,0.0,0.0,0.0,0.0,0.0,0.0,0.0
PO7,0.0,0.0,0.0,0.0,0.0,0.0,0.0,0.0,0.0,0.0,0.0,0.0,0.0,0.0,0.0,0.0,0.0,0.0,0.0,0.0,0.0,0.0,0.0,0.0,0.0,0.0,0.0,0.0,0.0,0.0,0.0,0.0,0.0,0.0,0.0,0.0,0.0,0.0,0.0,0.0,0.0,0.0,0.0,0.0,0.0,0.0,0.0,0.0,0.0,0.0,0.0,0.0,0.0,0.0,0.0,0.0,0.0,0.0,0.0
PO3,0.0,0.0,0.0,0.0,0.0,0.0,0.0,0.0,0.0,0.0,0.0,0.0,0.0,0.0,0.0,0.0,0.0,0.0,0.0,0.0,0.0,0.0,0.0,0.0,0.0,0.0,0.0,0.0,0.0,0.0,0.0,0.0,0.0,0.0,0.0,0.0,0.0,0.0,0.0,0.0,0.0,0.0,0.0,0.0,0.0,0.0,0.0,0.0,0.0,0.0,0.0,0.0,0.0,0.0,0.0,0.0,0.0,0.0,0.0
POz,0.0,0.05343511450381679,0.0,0.05343511450381679,0.05343511450381679,0.05343511450381679,0.0,0.0,0.0,0.0,0.0,0.05343511450381679,0.0,0.0,0.05343511450381679,0.05343511450381679,0.0,0.03816793893129771,0.05343511450381679,0.0,0.0,0.0,0.0,0.0,0.0,0.0,0.04580152671755725,0.0,0.0,0.0,0.0,0.05343511450381679,0.0,0.0,0.0,0.0,0.0,0.04580152671755725,0.0,0.0,0.0,0.0,0.04580152671755725,0.05343511450381679,0.0,0.0,0.0,0.05343511450381679,0.0,0.0,0.0,0.05343511450381679,0.05343511450381679,0.0,0.05343511450381679,0.0,0.0,0.05343511450381679,0.022900763358778626
PO4,0.0,0.06222222222222222,0.0,0.057777777777777775,0.06222222222222222,0.09333333333333334,0.0,0.0,0.0,0.0,0.0,0.09333333333333334,0.0,0.0,0.05333333333333334,0.04,0.0,0.022222222222222223,0.044444444444444446,0.0,0.0,0.0,0.0,0.0,0.0,0.0,0.02666666666666667,0.0,0.0,0.0,0.0,0.044444444444444446,0.0,0.0,0.0,0.0,0.0,0.02666666666666667,0.0,0.0,0.0,0.0,0.02666666666666667,0.08444444444444445,0.0,0.0,0.0,0.04888888888888889,0.0,0.0,0.0,0.04888888888888889,0.05333333333333334,0.0,0.044444444444444446,0.0,0.0,0.05333333333333334,0.013333333333333334
PO8,0.0,0.0,0.0,0.0,0.0,0.0,0.0,0.0,0.0,0.0,0.0,0.0,0.0,0.0,0.0,0.0,0.0,0.0,0.0,0.0,0.0,0.0,0.0,0.0,0.0,0.0,0.0,0.0,0.0,0.0,0.0,0.0,0.0,0.0,0.0,0.0,0.0,0.0,0.0,0.0,0.0,0.0,0.0,0.0,0.0,0.0,0.0,0.0,0.0,0.0,0.0,0.0,0.0,0.0,0.0,0.0,0.0,0.0,0.0
P6,0.0,0.0,0.0,0.0,0.0,0.0,0.0,0.0,0.0,0.0,0.0,0.0,0.0,0.0,0.0,0.0,0.0,0.0,0.0,0.0,0.0,0.0,0.0,0.0,0.0,0.0,0.0,0.0,0.0,0.0,0.0,0.0,0.0,0.0,0.0,0.0,0.0,0.0,0.0,0.0,0.0,0.0,0.0,0.0,0.0,0.0,0.0,0.0,0.0,0.0,0.0,0.0,0.0,0.0,0.0,0.0,0.0,0.0,0.0
P2,0.0,0.0,0.0,0.0,0.0,0.0,0.0,0.0,0.0,0.0,0.0,0.0,0.11518324607329843,0.0,0.0,0.0,0.0,0.0,0.0,0.15706806282722513,0.0,0.0,0.0,0.1518324607329843,0.13089005235602094,0.13089005235602094,0.0,0.0,0.0,0.015706806282722512,0.05235602094240838,0.0,0.0,0.0,0.08900523560209424,0.0,0.0,0.0,0.0,0.0,0.0,0.0,0.0,0.0,0.0,0.0,0.15706806282722513,0.0,0.0,0.0,0.0,0.0,0.0,0.0,0.0,0.0,0.0,0.0,0.0
CPz,0.0,0.06153846153846154,0.0,0.06153846153846154,0.06153846153846154,0.06153846153846154,0.0,0.0,0.0,0.0,0.0,0.06153846153846154,0.0,0.0,0.06153846153846154,0.046153846153846156,0.0,0.02564102564102564,0.05128205128205128,0.0,0.0,0.0,0.0,0.0,0.0,0.0,0.03076923076923077,0.0,0.0,0.0,0.0,0.05128205128205128,0.0,0.0,0.0,0.0,0.0,0.03076923076923077,0.0,0.0,0.0,0.0,0.03076923076923077,0.06153846153846154,0.0,0.0,0.0,0.05641025641025641,0.0,0.0,0.0,0.05641025641025641,0.06153846153846154,0.0,0.05128205128205128,0.0,0.0,0.06153846153846154,0.015384615384615385
CP4,0.0,0.0,0.0,0.0,0.0,0.0,0.0,0.0,0.0,0.0,0.0,0.0,0.0,0.0,0.0,0.0,0.0,0.0,0.0,0.0,0.0,0.0,0.0,0.0,0.0,0.0,0.0,0.0,0.0,0.0,0.0,0.0,0.0,0.0,0.0,0.0,0.0,0.0,0.0,0.0,0.0,0.0,0.0,0.0,0.0,0.0,0.0,0.0,0.0,0.0,0.0,0.0,0.0,0.0,0.0,0.0,0.0,0.0,0.0
TP8,0.0,0.0,0.0,0.0,0.0,0.0,0.0,0.0,0.0,0.0,0.0,0.0,0.0,0.0,0.0,0.0,0.0,0.0,0.0,0.0,0.0,0.0,0.0,0.0,0.0,0.0,0.0,0.0,0.0,0.0,0.0,0.0,0.0,0.0,0.0,0.0,0.0,0.0,0.0,0.0,0.0,0.0,0.0,0.0,0.0,0.0,0.0,0.0,0.0,0.0,0.0,0.0,0.0,0.0,0.0,0.0,0.0,0.0,0.0
C6,0.0,0.0,0.0,0.0,0.0,0.0,0.0,0.0,0.0,0.0,0.0,0.0,0.0,0.0,0.0,0.0,0.0,0.0,0.0,0.0,0.0,0.0,0.0,0.0,0.0,0.0,0.0,0.0,0.0,0.0,0.0,0.0,0.0,0.0,0.0,0.0,0.0,0.0,0.0,0.0,0.0,0.0,0.0,0.0,0.0,0.0,0.0,0.0,0.0,0.0,0.0,0.0,0.0,0.0,0.0,0.0,0.0,0.0,0.0
C2,0.0,0.06153846153846154,0.0,0.06153846153846154,0.06153846153846154,0.06153846153846154,0.0,0.0,0.0,0.0,0.0,0.06153846153846154,0.0,0.0,0.06153846153846154,0.046153846153846156,0.0,0.02564102564102564,0.05128205128205128,0.0,0.0,0.0,0.0,0.0,0.0,0.0,0.03076923076923077,0.0,0.0,0.0,0.0,0.05128205128205128,0.0,0.0,0.0,0.0,0.0,0.03076923076923077,0.0,0.0,0.0,0.0,0.03076923076923077,0.06153846153846154,0.0,0.0,0.0,0.05641025641025641,0.0,0.0,0.0,0.05641025641025641,0.06153846153846154,0.0,0.05128205128205128,0.0,0.0,0.06153846153846154,0.015384615384615385
FC4,0.0,0.06467661691542288,0.0,0.06467661691542288,0.06467661691542288,0.06467661691542288,0.0,0.0,0.0,0.0,0.0,0.06467661691542288,0.0,0.0,0.05970149253731343,0.04477611940298507,0.0,0.024875621890547265,0.04975124378109453,0.0,0.0,0.0,0.0,0.0,0.0,0.0,0.029850746268656716,0.0,0.0,0.0,0.0,0.04975124378109453,0.0,0.0,0.0,0.0,0.0,0.029850746268656716,0.0,0.0,0.0,0.0,0.029850746268656716,0.06467661691542288,0.0,0.0,0.0,0.05472636815920398,0.0,0.0,0.0,0.05472636815920398,0.05970149253731343,0.0,0.04975124378109453,0.0,0.0,0.05970149253731343,0.014925373134328358
FT8,0.0,0.0,0.0,0.0,0.0,0.0,0.0,0.0,0.0,0.0,0.0,0.0,0.0,0.0,0.0,0.0,0.0,0.0,0.0,0.0,0.0,0.0,0.0,0.0,0.0,0.0,0.0,0.0,0.0,0.0,0.0,0.0,0.0,0.0,0.0,0.0,0.0,0.0,0.0,0.0,0.0,0.0,0.0,0.0,0.0,0.0,0.0,0.0,0.0,0.0,0.0,0.0,0.0,0.0,0.0,0.0,0.0,0.0,0.0
F6,0.0,0.05913978494623656,0.0,0.05913978494623656,0.05913978494623656,0.05913978494623656,0.0,0.0,0.0,0.0,0.0,0.05913978494623656,0.0,0.0,0.05913978494623656,0.04838709677419355,0.0,0.026881720430107527,0.053763440860215055,0.0,0.0,0.0,0.0,0.0,0.0,0.0,0.03225806451612903,0.0,0.0,0.0,0.0,0.053763440860215055,0.0,0.0,0.0,0.0,0.0,0.03225806451612903,0.0,0.0,0.0,0.0,0.03225806451612903,0.05913978494623656,0.0,0.0,0.0,0.05913978494623656,0.0,0.0,0.0,0.05913978494623656,0.05913978494623656,0.0,0.053763440860215055,0.0,0.0,0.05913978494623656,0.016129032258064516
AF8,0.0,0.0,0.0,0.0,0.0,0.0,0.0,0.0,0.0,0.0,0.0,0.0,0.0,0.0,0.0,0.0,0.0,0.0,0.0,0.0,0.0,0.0,0.0,0.0,0.0,0.0,0.0,0.0,0.0,0.0,0.0,0.0,0.0,0.0,0.0,0.0,0.0,0.0,0.0,0.0,0.0,0.0,0.0,0.0,0.0,0.0,0.0,0.0,0.0,0.0,0.0,0.0,0.0,0.0,0.0,0.0,0.0,0.0,0.0
AF4,0.0,0.0,0.0,0.0,0.0,0.0,0.0,0.0,0.0,0.0,0.0,0.0,0.0,0.0,0.0,0.0,0.0,0.0,0.0,0.0,0.0,0.0,0.0,0.0,0.0,0.0,0.0,0.0,0.0,0.0,0.0,0.0,0.0,0.0,0.0,0.0,0.0,0.0,0.0,0.0,0.0,0.0,0.0,0.0,0.0,0.0,0.0,0.0,0.0,0.0,0.0,0.0,0.0,0.0,0.0,0.0,0.0,0.0,0.0
F2,0.0,0.06467661691542288,0.0,0.06467661691542288,0.06467661691542288,0.06467661691542288,0.0,0.0,0.0,0.0,0.0,0.06467661691542288,0.0,0.0,0.05970149253731343,0.04477611940298507,0.0,0.024875621890547265,0.04975124378109453,0.0,0.0,0.0,0.0,0.0,0.0,0.0,0.029850746268656716,0.0,0.0,0.0,0.0,0.04975124378109453,0.0,0.0,0.0,0.0,0.0,0.029850746268656716,0.0,0.0,0.0,0.0,0.029850746268656716,0.06467661691542288,0.0,0.0,0.0,0.05472636815920398,0.0,0.0,0.0,0.05472636815920398,0.05970149253731343,0.0,0.04975124378109453,0.0,0.0,0.05970149253731343,0.014925373134328358
FCz,0.0,0.05063291139240506,0.0,0.05063291139240506,0.05063291139240506,0.05063291139240506,0.0,0.0,0.0,0.0,0.0,0.05063291139240506,0.0,0.0,0.05063291139240506,0.05063291139240506,0.0,0.05063291139240506,0.05063291139240506,0.0,0.0,0.0,0.0,0.0,0.0,0.0,0.05063291139240506,0.0,0.0,0.0,0.0,0.05063291139240506,0.0,0.0,0.0,0.0,0.0,0.05063291139240506,0.0,0.0,0.0,0.0,0.05063291139240506,0.05063291139240506,0.0,0.0,0.0,0.05063291139240506,0.0,0.0,0.0,0.05063291139240506,0.05063291139240506,0.0,0.05063291139240506,0.0,0.0,0.05063291139240506,0.0379746835443038
