,Fz,F3,F7,FT9,FC5,FC1,C3,T7,TP9,CP5,CP1,Pz,P3,P7,O1,Oz,O2,P4,P8,TP10,CP6,CP2,Cz,C4,T8,FT10,FC6,FC2,F4,F8,Fp2,AF7,AF3,AFz,F1,F5,FT7,FC3,C1,C5,TP7,CP3,P1,P5,PO7,PO3,POz,PO4,PO8,P6,P2,CPz,CP4,TP8,C6,C2,FC4,FT8,F6,AF8,AF4,F2,FCz
Fz,0.0,0.0,0.0,0.0,0.0,0.0,0.0,0.0,0.0,0.0,0.0,0.0,0.0,0.0,0.0,0.0,0.0,0.0,0.0,0.0,0.0,0.0,0.0,0.0,0.0,0.0,0.0,0.0,0.0,0.0,0.0,0.0,0.0,0.0,0.0,0.0,0.0,0.0,0.0,0.0,0.0,0.0,0.0,0.0,0.0,0.0,0.0,0.0,0.0,0.0,0.0,0.0,0.0,0.0,0.0,0.0,0.0,0.0,0.0,0.0,0.0,0.0,0.0
F3,0.0,0.0,0.0,0.0,0.0,0.0,0.0,0.0,0.0,0.0,0.0,0.0,0.0,0.0,0.0,0.0,0.0,0.0,0.0,0.0,0.0,0.0,0.0,0.0,0.0,0.0,0.0,0.0,0.0,0.0,0.0,0.0,0.0,0.0,0.0,0.0,0.0,0.0,0.0,0.0,0.0,0.0,0.0,0.0,0.0,0.0,0.0,0.0,0.0,0.0,0.0,0.0,0.0,0.0,0.0,0.0,0.0,0.0,0.0,0.0,0.0,0.0,0.0
F7,0.0,0.0,0.0,0.0,0.0,0.0,0.0,0.0,0.0,0.0,0.0,0.0,0.0,0.0,0.0,0.0,0.0,0.0,0.0,0.0,0.0,0.0,0.0,0.0,0.0,0.0,0.0,0.0,0.0,0.0,0.0,0.0,0.0,0.0,0.0,0.0,0.0,0.0,0.0,0.0,0.0,0.0,0.0,0.0,0.0,0.0,0.0,0.0,0.0,0.0,0.0,0.0,0.0,0.0,0.0,0.0,0.0,0.0,0.0,0.0,0.0,0.0,0.0
FT9,0.0,0.0,0.0,0.05381818181818182,0.0,0.0,0.0,0.05454545454545454,0.0,0.05018181818181818,0.0,0.016,0.05454545454545454,0.0,0.0,0.0,0.014545454545454545,0.05381818181818182,0.0,0.05454545454545454,0.0,0.0,0.0,0.0,0.0,0.0,0.0,0.0,0.0,0.0,0.0,0.0,0.03490909090909091,0.0,0.0,0.05454545454545454,0.04072727272727273,0.0,0.04727272727272727,0.0,0.02690909090909091,0.0,0.0,0.0,0.0,0.0,0.0,0.03490909090909091,0.0,0.03709090909090909,0.0,0.020363636363636365,0.0,0.04872727272727273,0.05454545454545454,0.048,0.05309090909090909,0.05454545454545454,0.04654545454545454,0.0,0.04581818181818182,0.0,0.0
FC5,0.0,0.0,0.0,0.0,0.0,0.0,0.0,0.0,0.0,0.0,0.0,0.0,0.0,0.0,0.0,0.0,0.0,0.0,0.0,0.0,0.0,0.0,0.0,0.0,0.0,0.0,0.0,0.0,0.0,0.0,0.0,0.0,0.0,0.0,0.0,0.0,0.0,0.0,0.0,0.0,0.0,0.0,0.0,0.0,0.0,0.0,0.0,0.0,0.0,0.0,0.0,0.0,0.0,0.0,0.0,0.0,0.0,0.0,0.0,0.0,0.0,0.0,0.0
FC1,0.0,0.0,0.0,0.0,0.0,0.0,0.0,0.0,0.0,0.0,0.0,0.0,0.0,0.0,0.0,0.0,0.0,0.0,0.0,0.0,0.0,0.0,0.0,0.0,0.0,0.0,0.0,0.0,0.0,0.0,0.0,0.0,0.0,0.0,0.0,0.0,0.0,0.0,0.0,0.0,0.0,0.0,0.0,0.0,0.0,0.0,0.0,0.0,0.0,0.0,0.0,0.0,0.0,0.0,0.0,0.0,0.0,0.0,0.0,0.0,0.0,0.0,0.0
C3,0.0,0.0,0.0,0.0,0.0,0.0,0.0,0.0,0.0,0.0,0.0,0.0,0.0,0.0,0.0,0.0,0.0,0.0,0.0,0.0,0.0,0.0,0.0,0.0,0.0,0.0,0.0,0.0,0.0,0.0,0.0,0.0,0.0,0.0,0.0,0.0,0.0,0.0,0.0,0.0,0.0,0.0,0.0,0.0,0.0,0.0,0.0,0.0,0.0,0.0,0.0,0.0,0.0,0.0,0.0,0.0,0.0,0.0,0.0,0.0,0.0,0.0,0.0
T7,0.0,0.0,0.0,0.04898758981058132,0.0,0.0,0.0,0.07250163291966036,0.0,0.045068582625734814,0.0,0.014369693011103853,0.05094709340300457,0.0,0.0,0.0,0.013063357282821686,0.048334421946440234,0.0,0.07380796864794252,0.0,0.0,0.0,0.0,0.0,0.0,0.0,0.0,0.0,0.0,0.0,0.0,0.031352057478772045,0.0,0.0,0.049640757674722404,0.036577400391900716,0.0,0.042455911169170475,0.0,0.024167210973220117,0.0,0.0,0.0,0.0,0.0,0.0,0.031352057478772045,0.0,0.033311561071195296,0.0,0.018288700195950358,0.0,0.043762246897452645,0.06401045068582625,0.04310907903331156,0.0581319399085565,0.07380796864794252,0.041802743305029394,0.0,0.041149575440888306,0.0,0.0
TP9,0.0,0.0,0.0,0.0,0.0,0.0,0.0,0.0,0.11682242990654206,0.0,0.0,0.0,0.0,0.0,0.0,0.0,0.0,0.0,0.08761682242990654,0.0,0.005841121495327103,0.011682242990654205,0.07827102803738317,0.07009345794392523,0.1191588785046729,0.0,0.0,0.0,0.08878504672897196,0.0,0.0,0.012850467289719626,0.0,0.0,0.004672897196261682,0.0,0.0,0.09929906542056074,0.0,0.0,0.0,0.0,0.0,0.10864485981308411,0.0,0.0,0.08177570093457943,0.0,0.0,0.0,0.04205607476635514,0.0,0.0,0.0,0.0,0.0,0.0,0.0,0.0,0.07242990654205607,0.0,0.0,0.0
CP5,0.0,0.0,0.0,0.05219364599092285,0.0,0.0,0.0,0.05219364599092285,0.0,0.05143721633888049,0.0,0.01664145234493192,0.05219364599092285,0.0,0.0,0.0,0.015128593040847202,0.05219364599092285,0.0,0.05219364599092285,0.0,0.0,0.0,0.0,0.0,0.0,0.0,0.0,0.0,0.0,0.0,0.0,0.036308623298033284,0.0,0.0,0.05219364599092285,0.04236006051437216,0.0,0.049167927382753406,0.0,0.02798789712556732,0.0,0.0,0.0,0.0,0.0,0.0,0.036308623298033284,0.0,0.038577912254160365,0.0,0.02118003025718608,0.0,0.049924357034795766,0.05219364599092285,0.049924357034795766,0.05143721633888049,0.05219364599092285,0.048411497730711045,0.0,0.047655068078668684,0.0,0.0
CP1,0.0,0.0,0.0,0.0,0.0,0.0,0.0,0.0,0.0,0.0,0.0,0.0,0.0,0.0,0.0,0.0,0.0,0.0,0.0,0.0,0.0,0.0,0.0,0.0,0.0,0.0,0.0,0.0,0.0,0.0,0.0,0.0,0.0,0.0,0.0,0.0,0.0,0.0,0.0,0.0,0.0,0.0,0.0,0.0,0.0,0.0,0.0,0.0,0.0,0.0,0.0,0.0,0.0,0.0,0.0,0.0,0.0,0.0,0.0,0.0,0.0,0.0,0.0
Pz,0.0,0.0,0.0,0.044897959183673466,0.0,0.0,0.0,0.044897959183673466,0.0,0.044897959183673466,0.0,0.04285714285714286,0.044897959183673466,0.0,0.0,0.0,0.02857142857142857,0.044897959183673466,0.0,0.044897959183673466,0.0,0.0,0.0,0.0,0.0,0.0,0.0,0.0,0.0,0.0,0.0,0.0,0.044897959183673466,0.0,0.0,0.044897959183673466,0.044897959183673466,0.0,0.044897959183673466,0.0,0.04081632653061224,0.0,0.0,0.0,0.0,0.0,0.0,0.044897959183673466,0.0,0.044897959183673466,0.0,0.03469387755102041,0.0,0.044897959183673466,0.044897959183673466,0.044897959183673466,0.044897959183673466,0.044897959183673466,0.044897959183673466,0.0,0.044897959183673466,0.0,0.0
P3,0.0,0.0,0.0,0.053237410071942444,0.0,0.0,0.0,0.05467625899280575,0.0,0.04964028776978417,0.0,0.015827338129496403,0.05539568345323741,0.0,0.0,0.0,0.014388489208633094,0.053237410071942444,0.0,0.05611510791366906,0.0,0.0,0.0,0.0,0.0,0.0,0.0,0.0,0.0,0.0,0.0,0.0,0.034532374100719423,0.0,0.0,0.05467625899280575,0.04028776978417266,0.0,0.046762589928057555,0.0,0.026618705035971222,0.0,0.0,0.0,0.0,0.0,0.0,0.034532374100719423,0.0,0.03669064748201439,0.0,0.02014388489208633,0.0,0.04820143884892086,0.05611510791366906,0.04748201438848921,0.0539568345323741,0.05611510791366906,0.0460431654676259,0.0,0.045323741007194246,0.0,0.0
P7,0.0,0.0,0.0,0.0,0.0,0.0,0.0,0.0,0.0,0.0,0.0,0.0,0.0,0.0,0.0,0.0,0.0,0.0,0.0,0.0,0.0,0.0,0.0,0.0,0.0,0.0,0.0,0.0,0.0,0.0,0.0,0.0,0.0,0.0,0.0,0.0,0.0,0.0,0.0,0.0,0.0,0.0,0.0,0.0,0.0,0.0,0.0,0.0,0.0,0.0,0.0,0.0,0.0,0.0,0.0,0.0,0.0,0.0,0.0,0.0,0.0,0.0,0.0
O1,0.0,0.0,0.0,0.0,0.0,0.0,0.0,0.0,0.0,0.0,0.0,0.0,0.0,0.0,0.0,0.0,0.0,0.0,0.0,0.0,0.0,0.0,0.0,0.0,0.0,0.0,0.0,0.0,0.0,0.0,0.0,0.0,0.0,0.0,0.0,0.0,0.0,0.0,0.0,0.0,0.0,0.0,0.0,0.0,0.0,0.0,0.0,0.0,0.0,0.0,0.0,0.0,0.0,0.0,0.0,0.0,0.0,0.0,0.0,0.0,0.0,0.0,0.0
Oz,0.0,0.0,0.0,0.0,0.0,0.0,0.0,0.0,0.0,0.0,0.0,0.0,0.0,0.0,0.0,0.0,0.0,0.0,0.0,0.0,0.0,0.0,0.0,0.0,0.0,0.0,0.0,0.0,0.0,0.0,0.0,0.0,0.0,0.0,0.0,0.0,0.0,0.0,0.0,0.0,0.0,0.0,0.0,0.0,0.0,0.0,0.0,0.0,0.0,0.0,0.0,0.0,0.0,0.0,0.0,0.0,0.0,0.0,0.0,0.0,0.0,0.0,0.0
O2,0.0,0.0,0.0,0.04434589800443459,0.0,0.0,0.0,0.04434589800443459,0.0,0.04434589800443459,0.0,0.026607538802660754,0.04434589800443459,0.0,0.0,0.0,0.04212860310421286,0.04434589800443459,0.0,0.04434589800443459,0.0,0.0,0.0,0.0,0.0,0.0,0.0,0.0,0.0,0.0,0.0,0.0,0.04434589800443459,0.0,0.0,0.04434589800443459,0.04434589800443459,0.0,0.04434589800443459,0.0,0.04434589800443459,0.0,0.0,0.0,0.0,0.0,0.0,0.04434589800443459,0.0,0.04434589800443459,0.0,0.04434589800443459,0.0,0.04434589800443459,0.04434589800443459,0.04434589800443459,0.04434589800443459,0.04434589800443459,0.04434589800443459,0.0,0.04434589800443459,0.0,0.0
P4,0.0,0.0,0.0,0.05274725274725275,0.0,0.0,0.0,0.054212454212454214,0.0,0.04908424908424908,0.0,0.01611721611721612,0.054212454212454214,0.0,0.0,0.0,0.014652014652014652,0.05347985347985348,0.0,0.054212454212454214,0.0,0.0,0.0,0.0,0.0,0.0,0.0,0.0,0.0,0.0,0.0,0.0,0.035164835164835165,0.0,0.0,0.054212454212454214,0.041025641025641026,0.0,0.047619047619047616,0.0,0.027106227106227107,0.0,0.0,0.0,0.0,0.0,0.0,0.035164835164835165,0.0,0.03736263736263736,0.0,0.020512820512820513,0.0,0.04908424908424908,0.054212454212454214,0.04835164835164835,0.054212454212454214,0.054212454212454214,0.046886446886446886,0.0,0.046153846153846156,0.0,0.0
P8,0.0,0.0,0.0,0.0,0.0,0.0,0.0,0.0,0.10039630118890357,0.0,0.0,0.0,0.0,0.0,0.0,0.0,0.0,0.0,0.0977542932628798,0.0,0.0066050198150594455,0.013210039630118891,0.07661822985468957,0.07926023778071334,0.10039630118890357,0.0,0.0,0.0,0.0964332892998679,0.0,0.0,0.01453104359313078,0.0,0.0,0.005284015852047556,0.0,0.0,0.10039630118890357,0.0,0.0,0.0,0.0,0.0,0.10039630118890357,0.0,0.0,0.0845442536327609,0.0,0.0,0.0,0.047556142668428,0.0,0.0,0.0,0.0,0.0,0.0,0.0,0.0,0.07661822985468957,0.0,0.0,0.0
TP10,0.0,0.0,0.0,0.045871559633027525,0.0,0.0,0.0,0.0691131498470948,0.0,0.04220183486238532,0.0,0.01345565749235474,0.047706422018348627,0.0,0.0,0.0,0.012232415902140673,0.04525993883792049,0.0,0.09357798165137615,0.0,0.0,0.0,0.0,0.0,0.0,0.0,0.0,0.0,0.0,0.0,0.0,0.029357798165137616,0.0,0.0,0.046483180428134555,0.03425076452599388,0.0,0.039755351681957186,0.0,0.022629969418960245,0.0,0.0,0.0,0.0,0.0,0.0,0.029357798165137616,0.0,0.031192660550458717,0.0,0.01712538226299694,0.0,0.04097859327217125,0.07339449541284404,0.04036697247706422,0.05565749235474006,0.09235474006116208,0.03914373088685015,0.0,0.03853211009174312,0.0,0.0
CP6,0.0,0.0,0.0,0.0,0.0,0.0,0.0,0.0,0.06896551724137931,0.0,0.0,0.0,0.0,0.0,0.0,0.0,0.0,0.0,0.06896551724137931,0.0,0.05747126436781609,0.06896551724137931,0.06896551724137931,0.06896551724137931,0.06896551724137931,0.0,0.0,0.0,0.06896551724137931,0.0,0.0,0.06896551724137931,0.0,0.0,0.04597701149425287,0.0,0.0,0.06896551724137931,0.0,0.0,0.0,0.0,0.0,0.06896551724137931,0.0,0.0,0.06896551724137931,0.0,0.0,0.0,0.06896551724137931,0.0,0.0,0.0,0.0,0.0,0.0,0.0,0.0,0.06896551724137931,0.0,0.0,0.0
CP2,0.0,0.0,0.0,0.0,0.0,0.0,0.0,0.0,0.0763888888888889,0.0,0.0,0.0,0.0,0.0,0.0,0.0,0.0,0.0,0.0763888888888889,0.0,0.034722222222222224,0.06944444444444445,0.04861111111111111,0.06944444444444445,0.0763888888888889,0.0,0.0,0.0,0.0625,0.0,0.0,0.0763888888888889,0.0,0.0,0.027777777777777776,0.0,0.0,0.0763888888888889,0.0,0.0,0.0,0.0,0.0,0.0763888888888889,0.0,0.0,0.0763888888888889,0.0,0.0,0.0,0.0763888888888889,0.0,0.0,0.0,0.0,0.0,0.0,0.0,0.0,0.0763888888888889,0.0,0.0,0.0
Cz,0.0,0.0,0.0,0.0,0.0,0.0,0.0,0.0,0.0975609756097561,0.0,0.0,0.0,0.0,0.0,0.0,0.0,0.0,0.0,0.08751793400286945,0.0,0.007173601147776184,0.011477761836441894,0.09469153515064563,0.08321377331420372,0.0975609756097561,0.0,0.0,0.0,0.09038737446197992,0.0,0.0,0.011477761836441894,0.0,0.0,0.005738880918220947,0.0,0.0,0.08895265423242468,0.0,0.0,0.0,0.0,0.0,0.0975609756097561,0.0,0.0,0.09469153515064563,0.0,0.0,0.0,0.047345767575322814,0.0,0.0,0.0,0.0,0.0,0.0,0.0,0.0,0.08464849354375897,0.0,0.0,0.0
C4,0.0,0.0,0.0,0.0,0.0,0.0,0.0,0.0,0.09186746987951808,0.0,0.0,0.0,0.0,0.0,0.0,0.0,0.0,0.0,0.09186746987951808,0.0,0.007530120481927711,0.015060240963855422,0.0858433734939759,0.08885542168674698,0.09186746987951808,0.0,0.0,0.0,0.08885542168674698,0.0,0.0,0.016566265060240965,0.0,0.0,0.006024096385542169,0.0,0.0,0.09186746987951808,0.0,0.0,0.0,0.0,0.0,0.09186746987951808,0.0,0.0,0.09186746987951808,0.0,0.0,0.0,0.05421686746987952,0.0,0.0,0.0,0.0,0.0,0.0,0.0,0.0,0.0858433734939759,0.0,0.0,0.0
T8,0.0,0.0,0.0,0.0,0.0,0.0,0.0,0.0,0.10895361380798274,0.0,0.0,0.0,0.0,0.0,0.0,0.0,0.0,0.0,0.08090614886731391,0.0,0.005393743257820928,0.010787486515641856,0.07227615965480043,0.06472491909385113,0.18446601941747573,0.0,0.0,0.0,0.08198489751887811,0.0,0.0,0.011866235167206042,0.0,0.0,0.004314994606256742,0.0,0.0,0.09169363538295577,0.0,0.0,0.0,0.0,0.0,0.10140237324703344,0.0,0.0,0.07551240560949299,0.0,0.0,0.0,0.038834951456310676,0.0,0.0,0.0,0.0,0.0,0.0,0.0,0.0,0.0668824163969795,0.0,0.0,0.0
FT10,0.0,0.0,0.0,0.0,0.0,0.0,0.0,0.0,0.06666666666666667,0.0,0.0,0.0,0.0,0.0,0.0,0.0,0.0,0.0,0.06666666666666667,0.0,0.06666666666666667,0.06666666666666667,0.06666666666666667,0.06666666666666667,0.06666666666666667,0.0,0.0,0.0,0.06666666666666667,0.0,0.0,0.06666666666666667,0.0,0.0,0.06666666666666667,0.0,0.0,0.06666666666666667,0.0,0.0,0.0,0.0,0.0,0.06666666666666667,0.0,0.0,0.06666666666666667,0.0,0.0,0.0,0.06666666666666667,0.0,0.0,0.0,0.0,0.0,0.0,0.0,0.0,0.06666666666666667,0.0,0.0,0.0
FC6,0.0,0.0,0.0,0.0,0.0,0.0,0.0,0.0,0.0,0.0,0.0,0.0,0.0,0.0,0.0,0.0,0.0,0.0,0.0,0.0,0.0,0.0,0.0,0.0,0.0,0.0,0.0,0.0,0.0,0.0,0.0,0.0,0.0,0.0,0.0,0.0,0.0,0.0,0.0,0.0,0.0,0.0,0.0,0.0,0.0,0.0,0.0,0.0,0.0,0.0,0.0,0.0,0.0,0.0,0.0,0.0,0.0,0.0,0.0,0.0,0.0,0.0,0.0
FC2,0.0,0.0,0.0,0.0,0.0,0.0,0.0,0.0,0.0,0.0,0.0,0.0,0.0,0.0,0.0,0.0,0.0,0.0,0.0,0.0,0.0,0.0,0.0,0.0,0.0,0.0,0.0,0.0,0.0,0.0,0.0,0.0,0.0,0.0,0.0,0.0,0.0,0.0,0.0,0.0,0.0,0.0,0.0,0.0,0.0,0.0,0.0,0.0,0.0,0.0,0.0,0.0,0.0,0.0,0.0,0.0,0.0,0.0,0.0,0.0,0.0,0.0,0.0
F4,0.0,0.0,0.0,0.0,0.0,0.0,0.0,0.0,0.10065359477124183,0.0,0.0,0.0,0.0,0.0,0.0,0.0,0.0,0.0,0.09673202614379085,0.0,0.006535947712418301,0.013071895424836602,0.0784313725490196,0.0784313725490196,0.10065359477124183,0.0,0.0,0.0,0.09803921568627451,0.0,0.0,0.013071895424836602,0.0,0.0,0.00522875816993464,0.0,0.0,0.10065359477124183,0.0,0.0,0.0,0.0,0.0,0.10065359477124183,0.0,0.0,0.08496732026143791,0.0,0.0,0.0,0.0457516339869281,0.0,0.0,0.0,0.0,0.0,0.0,0.0,0.0,0.07712418300653595,0.0,0.0,0.0
F8,0.0,0.0,0.0,0.0,0.0,0.0,0.0,0.0,0.0,0.0,0.0,0.0,0.0,0.0,0.0,0.0,0.0,0.0,0.0,0.0,0.0,0.0,0.0,0.0,0.0,0.0,0.0,0.0,0.0,0.0,0.0,0.0,0.0,0.0,0.0,0.0,0.0,0.0,0.0,0.0,0.0,0.0,0.0,0.0,0.0,0.0,0.0,0.0,0.0,0.0,0.0,0.0,0.0,0.0,0.0,0.0,0.0,0.0,0.0,0.0,0.0,0.0,0.0
Fp2,0.0,0.0,0.0,0.0,0.0,0.0,0.0,0.0,0.0,0.0,0.0,0.0,0.0,0.0,0.0,0.0,0.0,0.0,0.0,0.0,0.0,0.0,0.0,0.0,0.0,0.0,0.0,0.0,0.0,0.0,1.0,0.0,0.0,0.0,0.0,0.0,0.0,0.0,0.0,0.0,0.0,0.0,0.0,0.0,0.0,0.0,0.0,0.0,0.0,0.0,0.0,0.0,0.0,0.0,0.0,0.0,0.0,0.0,0.0,0.0,0.0,0.0,0.0
AF7,0.0,0.0,0.0,0.0,0.0,0.0,0.0,0.0,0.08108108108108109,0.0,0.0,0.0,0.0,0.0,0.0,0.0,0.0,0.0,0.07432432432432433,0.0,0.033783783783783786,0.06756756756756757,0.0472972972972973,0.06756756756756757,0.08108108108108109,0.0,0.0,0.0,0.060810810810810814,0.0,0.0,0.07432432432432433,0.0,0.0,0.02702702702702703,0.0,0.0,0.08108108108108109,0.0,0.0,0.0,0.0,0.0,0.08108108108108109,0.0,0.0,0.07432432432432433,0.0,0.0,0.0,0.07432432432432433,0.0,0.0,0.0,0.0,0.0,0.0,0.0,0.0,0.07432432432432433,0.0,0.0,0.0
AF3,0.0,0.0,0.0,0.047666335650446874,0.0,0.0,0.0,0.047666335650446874,0.0,0.047666335650446874,0.0,0.021847070506454815,0.047666335650446874,0.0,0.0,0.0,0.019860973187686197,0.047666335650446874,0.0,0.047666335650446874,0.0,0.0,0.0,0.0,0.0,0.0,0.0,0.0,0.0,0.0,0.0,0.0,0.04667328699106256,0.0,0.0,0.047666335650446874,0.047666335650446874,0.0,0.047666335650446874,0.0,0.036742800397219465,0.0,0.0,0.0,0.0,0.0,0.0,0.041708043694141016,0.0,0.04270109235352532,0.0,0.027805362462760674,0.0,0.047666335650446874,0.047666335650446874,0.047666335650446874,0.047666335650446874,0.047666335650446874,0.047666335650446874,0.0,0.047666335650446874,0.0,0.0
AFz,0.0,0.0,0.0,0.0,0.0,0.0,0.0,0.0,0.0,0.0,0.0,0.0,0.0,0.0,0.0,0.0,0.0,0.0,0.0,0.0,0.0,0.0,0.0,0.0,0.0,0.0,0.0,0.0,0.0,0.0,0.0,0.0,0.0,0.0,0.0,0.0,0.0,0.0,0.0,0.0,0.0,0.0,0.0,0.0,0.0,0.0,0.0,0.0,0.0,0.0,0.0,0.0,0.0,0.0,0.0,0.0,0.0,0.0,0.0,0.0,0.0,0.0,0.0
F1,0.0,0.0,0.0,0.0,0.0,0.0,0.0,0.0,0.06756756756756757,0.0,0.0,0.0,0.0,0.0,0.0,0.0,0.0,0.0,0.06756756756756757,0.0,0.06756756756756757,0.06756756756756757,0.06756756756756757,0.06756756756756757,0.06756756756756757,0.0,0.0,0.0,0.06756756756756757,0.0,0.0,0.06756756756756757,0.0,0.0,0.05405405405405406,0.0,0.0,0.06756756756756757,0.0,0.0,0.0,0.0,0.0,0.06756756756756757,0.0,0.0,0.06756756756756757,0.0,0.0,0.0,0.06756756756756757,0.0,0.0,0.0,0.0,0.0,0.0,0.0,0.0,0.06756756756756757,0.0,0.0,0.0
F5,0.0,0.0,0.0,0.05293691080493111,0.0,0.0,0.0,0.05438723712835388,0.0,0.049311094996374184,0.0,0.01595358955765047,0.05511240029006526,0.0,0.0,0.0,0.014503263234227702,0.05366207396664249,0.0,0.05511240029006526,0.0,0.0,0.0,0.0,0.0,0.0,0.0,0.0,0.0,0.0,0.0,0.0,0.03480783176214648,0.0,0.0,0.05438723712835388,0.04060913705583756,0.0,0.04713560551124003,0.0,0.026831036983321246,0.0,0.0,0.0,0.0,0.0,0.0,0.03480783176214648,0.0,0.03698332124728064,0.0,0.02030456852791878,0.0,0.048585931834662796,0.05511240029006526,0.047860768672951415,0.05438723712835388,0.05511240029006526,0.046410442349528645,0.0,0.04568527918781726,0.0,0.0
FT7,0.0,0.0,0.0,0.048993875765529306,0.0,0.0,0.0,0.048993875765529306,0.0,0.048993875765529306,0.0,0.019247594050743656,0.048993875765529306,0.0,0.0,0.0,0.017497812773403325,0.048993875765529306,0.0,0.048993875765529306,0.0,0.0,0.0,0.0,0.0,0.0,0.0,0.0,0.0,0.0,0.0,0.0,0.04199475065616798,0.0,0.0,0.048993875765529306,0.048118985126859144,0.0,0.048993875765529306,0.0,0.03237095363079615,0.0,0.0,0.0,0.0,0.0,0.0,0.04111986001749781,0.0,0.04199475065616798,0.0,0.024496937882764653,0.0,0.048993875765529306,0.048993875765529306,0.048993875765529306,0.048993875765529306,0.048993875765529306,0.048118985126859144,0.0,0.048118985126859144,0.0,0.0
FC3,0.0,0.0,0.0,0.0,0.0,0.0,0.0,0.0,0.10804020100502512,0.0,0.0,0.0,0.0,0.0,0.0,0.0,0.0,0.0,0.0942211055276382,0.0,0.00628140703517588,0.01256281407035176,0.07412060301507538,0.07537688442211055,0.10804020100502512,0.0,0.0,0.0,0.09296482412060302,0.0,0.0,0.013819095477386936,0.0,0.0,0.005025125628140704,0.0,0.0,0.10552763819095477,0.0,0.0,0.0,0.0,0.0,0.10301507537688442,0.0,0.0,0.08165829145728644,0.0,0.0,0.0,0.04522613065326633,0.0,0.0,0.0,0.0,0.0,0.0,0.0,0.0,0.07412060301507538,0.0,0.0,0.0
C1,0.0,0.0,0.0,0.05078125,0.0,0.0,0.0,0.05078125,0.0,0.05078125,0.0,0.0171875,0.05078125,0.0,0.0,0.0,0.015625,0.05078125,0.0,0.05078125,0.0,0.0,0.0,0.0,0.0,0.0,0.0,0.0,0.0,0.0,0.0,0.0,0.0375,0.0,0.0,0.05078125,0.04375,0.0,0.05,0.0,0.02890625,0.0,0.0,0.0,0.0,0.0,0.0,0.0375,0.0,0.03984375,0.0,0.021875,0.0,0.05078125,0.05078125,0.05078125,0.05078125,0.05078125,0.04921875,0.0,0.04921875,0.0,0.0
C5,0.0,0.0,0.0,0.0,0.0,0.0,0.0,0.0,0.0,0.0,0.0,0.0,0.0,0.0,0.0,0.0,0.0,0.0,0.0,0.0,0.0,0.0,0.0,0.0,0.0,0.0,0.0,0.0,0.0,0.0,0.0,0.0,0.0,0.0,0.0,0.0,0.0,0.0,0.0,0.0,0.0,0.0,0.0,0.0,0.0,0.0,0.0,0.0,0.0,0.0,0.0,0.0,0.0,0.0,0.0,0.0,0.0,0.0,0.0,0.0,0.0,0.0,0.0
TP7,0.0,0.0,0.0,0.04596273291925466,0.0,0.0,0.0,0.04596273291925466,0.0,0.04596273291925466,0.0,0.02236024844720497,0.04596273291925466,0.0,0.0,0.0,0.024844720496894408,0.04596273291925466,0.0,0.04596273291925466,0.0,0.0,0.0,0.0,0.0,0.0,0.0,0.0,0.0,0.0,0.0,0.0,0.04596273291925466,0.0,0.0,0.04596273291925466,0.04596273291925466,0.0,0.04596273291925466,0.0,0.04472049689440994,0.0,0.0,0.0,0.0,0.0,0.0,0.04596273291925466,0.0,0.04596273291925466,0.0,0.034782608695652174,0.0,0.04596273291925466,0.04596273291925466,0.04596273291925466,0.04596273291925466,0.04596273291925466,0.04596273291925466,0.0,0.04596273291925466,0.0,0.0
CP3,0.0,0.0,0.0,0.0,0.0,0.0,0.0,0.0,0.0,0.0,0.0,0.0,0.0,0.0,0.0,0.0,0.0,0.0,0.0,0.0,0.0,0.0,0.0,0.0,0.0,0.0,0.0,0.0,0.0,0.0,0.0,0.0,0.0,0.0,0.0,0.0,0.0,0.0,0.0,0.0,0.0,0.0,0.0,0.0,0.0,0.0,0.0,0.0,0.0,0.0,0.0,0.0,0.0,0.0,0.0,0.0,0.0,0.0,0.0,0.0,0.0,0.0,0.0
P1,0.0,0.0,0.0,0.0,0.0,0.0,0.0,0.0,0.0,0.0,0.0,0.0,0.0,0.0,0.0,0.0,0.0,0.0,0.0,0.0,0.0,0.0,0.0,0.0,0.0,0.0,0.0,0.0,0.0,0.0,0.0,0.0,0.0,0.0,0.0,0.0,0.0,0.0,0.0,0.0,0.0,0.0,0.0,0.0,0.0,0.0,0.0,0.0,0.0,0.0,0.0,0.0,0.0,0.0,0.0,0.0,0.0,0.0,0.0,0.0,0.0,0.0,0.0
P5,0.0,0.0,0.0,0.0,0.0,0.0,0.0,0.0,0.11269276393831554,0.0,0.0,0.0,0.0,0.0,0.0,0.0,0.0,0.0,0.08896797153024912,0.0,0.005931198102016607,0.011862396204033215,0.07947805456702253,0.0711743772241993,0.11269276393831554,0.0,0.0,0.0,0.09015421115065243,0.0,0.0,0.013048635824436536,0.0,0.0,0.004744958481613286,0.0,0.0,0.099644128113879,0.0,0.0,0.0,0.0,0.0,0.1103202846975089,0.0,0.0,0.0830367734282325,0.0,0.0,0.0,0.042704626334519574,0.0,0.0,0.0,0.0,0.0,0.0,0.0,0.0,0.07354685646500593,0.0,0.0,0.0
PO7,0.0,0.0,0.0,0.0,0.0,0.0,0.0,0.0,0.0,0.0,0.0,0.0,0.0,0.0,0.0,0.0,0.0,0.0,0.0,0.0,0.0,0.0,0.0,0.0,0.0,0.0,0.0,0.0,0.0,0.0,0.0,0.0,0.0,0.0,0.0,0.0,0.0,0.0,0.0,0.0,0.0,0.0,0.0,0.0,0.0,0.0,0.0,0.0,0.0,0.0,0.0,0.0,0.0,0.0,0.0,0.0,0.0,0.0,0.0,0.0,0.0,0.0,0.0
PO3,0.0,0.0,0.0,0.0,0.0,0.0,0.0,0.0,0.0,0.0,0.0,0.0,0.0,0.0,0.0,0.0,0.0,0.0,0.0,0.0,0.0,0.0,0.0,0.0,0.0,0.0,0.0,0.0,0.0,0.0,0.0,0.0,0.0,0.0,0.0,0.0,0.0,0.0,0.0,0.0,0.0,0.0,0.0,0.0,0.0,0.0,0.0,0.0,0.0,0.0,0.0,0.0,0.0,0.0,0.0,0.0,0.0,0.0,0.0,0.0,0.0,0.0,0.0
POz,0.0,0.0,0.0,0.0,0.0,0.0,0.0,0.0,0.09686221009549795,0.0,0.0,0.0,0.0,0.0,0.0,0.0,0.0,0.0,0.09004092769440655,0.0,0.0068212824010914054,0.013642564802182811,0.08594815825375171,0.08185538881309687,0.09686221009549795,0.0,0.0,0.0,0.09004092769440655,0.0,0.0,0.015006821282401092,0.0,0.0,0.005457025920873124,0.0,0.0,0.0927694406548431,0.0,0.0,0.0,0.0,0.0,0.09686221009549795,0.0,0.0,0.0941336971350614,0.0,0.0,0.0,0.04911323328785812,0.0,0.0,0.0,0.0,0.0,0.0,0.0,0.0,0.08458390177353342,0.0,0.0,0.0
PO4,0.0,0.0,0.0,0.047337278106508875,0.0,0.0,0.0,0.047337278106508875,0.0,0.047337278106508875,0.0,0.021696252465483234,0.047337278106508875,0.0,0.0,0.0,0.01972386587771203,0.047337278106508875,0.0,0.047337278106508875,0.0,0.0,0.0,0.0,0.0,0.0,0.0,0.0,0.0,0.0,0.0,0.0,0.04339250493096647,0.0,0.0,0.047337278106508875,0.047337278106508875,0.0,0.047337278106508875,0.0,0.03648915187376726,0.0,0.0,0.0,0.0,0.0,0.0,0.046351084812623275,0.0,0.047337278106508875,0.0,0.027613412228796843,0.0,0.047337278106508875,0.047337278106508875,0.047337278106508875,0.047337278106508875,0.047337278106508875,0.047337278106508875,0.0,0.047337278106508875,0.0,0.0
PO8,0.0,0.0,0.0,0.0,0.0,0.0,0.0,0.0,0.0,0.0,0.0,0.0,0.0,0.0,0.0,0.0,0.0,0.0,0.0,0.0,0.0,0.0,0.0,0.0,0.0,0.0,0.0,0.0,0.0,0.0,0.0,0.0,0.0,0.0,0.0,0.0,0.0,0.0,0.0,0.0,0.0,0.0,0.0,0.0,0.0,0.0,0.0,0.0,0.0,0.0,0.0,0.0,0.0,0.0,0.0,0.0,0.0,0.0,0.0,0.0,0.0,0.0,0.0
P6,0.0,0.0,0.0,0.04788732394366197,0.0,0.0,0.0,0.04788732394366197,0.0,0.04788732394366197,0.0,0.020657276995305163,0.04788732394366197,0.0,0.0,0.0,0.018779342723004695,0.04788732394366197,0.0,0.04788732394366197,0.0,0.0,0.0,0.0,0.0,0.0,0.0,0.0,0.0,0.0,0.0,0.0,0.04225352112676056,0.0,0.0,0.04788732394366197,0.046948356807511735,0.0,0.04788732394366197,0.0,0.03474178403755868,0.0,0.0,0.0,0.0,0.0,0.0,0.04507042253521127,0.0,0.046948356807511735,0.0,0.02629107981220657,0.0,0.04788732394366197,0.04788732394366197,0.04788732394366197,0.04788732394366197,0.04788732394366197,0.04788732394366197,0.0,0.04788732394366197,0.0,0.0
P2,0.0,0.0,0.0,0.0,0.0,0.0,0.0,0.0,0.08767772511848342,0.0,0.0,0.0,0.0,0.0,0.0,0.0,0.0,0.0,0.08530805687203792,0.0,0.011848341232227487,0.023696682464454975,0.07582938388625593,0.08293838862559241,0.08767772511848342,0.0,0.0,0.0,0.08056872037914692,0.0,0.0,0.026066350710900472,0.0,0.0,0.009478672985781991,0.0,0.0,0.08767772511848342,0.0,0.0,0.0,0.0,0.0,0.08767772511848342,0.0,0.0,0.08530805687203792,0.0,0.0,0.0,0.08293838862559241,0.0,0.0,0.0,0.0,0.0,0.0,0.0,0.0,0.08530805687203792,0.0,0.0,0.0
CPz,0.0,0.0,0.0,0.04501607717041801,0.0,0.0,0.0,0.04501607717041801,0.0,0.04501607717041801,0.0,0.024115755627009645,0.04501607717041801,0.0,0.0,0.0,0.03215434083601286,0.04501607717041801,0.0,0.04501607717041801,0.0,0.0,0.0,0.0,0.0,0.0,0.0,0.0,0.0,0.0,0.0,0.0,0.04501607717041801,0.0,0.0,0.04501607717041801,0.04501607717041801,0.0,0.04501607717041801,0.0,0.04501607717041801,0.0,0.0,0.0,0.0,0.0,0.0,0.04501607717041801,0.0,0.04501607717041801,0.0,0.04340836012861737,0.0,0.04501607717041801,0.04501607717041801,0.04501607717041801,0.04501607717041801,0.04501607717041801,0.04501607717041801,0.0,0.04501607717041801,0.0,0.0
CP4,0.0,0.0,0.0,0.0,0.0,0.0,0.0,0.0,0.0,0.0,0.0,0.0,0.0,0.0,0.0,0.0,0.0,0.0,0.0,0.0,0.0,0.0,0.0,0.0,0.0,0.0,0.0,0.0,0.0,0.0,0.0,0.0,0.0,0.0,0.0,0.0,0.0,0.0,0.0,0.0,0.0,0.0,0.0,0.0,0.0,0.0,0.0,0.0,0.0,0.0,0.0,0.0,0.0,0.0,0.0,0.0,0.0,0.0,0.0,0.0,0.0,0.0,0.0
TP8,0.0,0.0,0.0,0.0517774343122102,0.0,0.0,0.0,0.0517774343122102,0.0,0.04945904173106646,0.0,0.017001545595054096,0.0517774343122102,0.0,0.0,0.0,0.015455950540958269,0.0517774343122102,0.0,0.0517774343122102,0.0,0.0,0.0,0.0,0.0,0.0,0.0,0.0,0.0,0.0,0.0,0.0,0.03709428129829984,0.0,0.0,0.0517774343122102,0.04327666151468315,0.0,0.04868624420401855,0.0,0.0285935085007728,0.0,0.0,0.0,0.0,0.0,0.0,0.03709428129829984,0.0,0.03941267387944358,0.0,0.021638330757341576,0.0,0.05100463678516229,0.0517774343122102,0.04945904173106646,0.0517774343122102,0.0517774343122102,0.04791344667697063,0.0,0.04791344667697063,0.0,0.0
C6,0.0,0.0,0.0,0.04838709677419355,0.0,0.0,0.0,0.06064516129032258,0.0,0.044516129032258066,0.0,0.014193548387096775,0.05032258064516129,0.0,0.0,0.0,0.012903225806451613,0.04774193548387097,0.0,0.07741935483870968,0.0,0.0,0.0,0.0,0.0,0.0,0.0,0.0,0.0,0.0,0.0,0.0,0.03096774193548387,0.0,0.0,0.04903225806451613,0.03612903225806452,0.0,0.041935483870967745,0.0,0.023870967741935485,0.0,0.0,0.0,0.0,0.0,0.0,0.03096774193548387,0.0,0.032903225806451615,0.0,0.01806451612903226,0.0,0.043225806451612905,0.07612903225806451,0.04258064516129032,0.05870967741935484,0.07741935483870968,0.04129032258064516,0.0,0.04064516129032258,0.0,0.0
C2,0.0,0.0,0.0,0.05116279069767442,0.0,0.0,0.0,0.05116279069767442,0.0,0.050387596899224806,0.0,0.017054263565891473,0.05116279069767442,0.0,0.0,0.0,0.015503875968992248,0.05116279069767442,0.0,0.05116279069767442,0.0,0.0,0.0,0.0,0.0,0.0,0.0,0.0,0.0,0.0,0.0,0.0,0.037209302325581395,0.0,0.0,0.05116279069767442,0.043410852713178294,0.0,0.04961240310077519,0.0,0.02868217054263566,0.0,0.0,0.0,0.0,0.0,0.0,0.037209302325581395,0.0,0.03953488372093023,0.0,0.021705426356589147,0.0,0.05116279069767442,0.05116279069767442,0.050387596899224806,0.05116279069767442,0.05116279069767442,0.04883720930232558,0.0,0.04883720930232558,0.0,0.0
FC4,0.0,0.0,0.0,0.04937413073713491,0.0,0.0,0.0,0.05910987482614743,0.0,0.0458970792767733,0.0,0.015299026425591099,0.05146036161335188,0.0,0.0,0.0,0.013908205841446454,0.05006954102920723,0.0,0.06328233657858136,0.0,0.0,0.0,0.0,0.0,0.0,0.0,0.0,0.0,0.0,0.0,0.0,0.03337969401947149,0.0,0.0,0.050764951321279554,0.03894297635605007,0.0,0.045201668984700974,0.0,0.02573018080667594,0.0,0.0,0.0,0.0,0.0,0.0,0.03337969401947149,0.0,0.03546592489568846,0.0,0.019471488178025034,0.0,0.04659248956884562,0.06328233657858136,0.0458970792767733,0.061891515994436715,0.06328233657858136,0.04450625869262865,0.0,0.04381084840055633,0.0,0.0
FT8,0.0,0.0,0.0,0.04556500607533415,0.0,0.0,0.0,0.06865127582017011,0.0,0.04191980558930741,0.0,0.013365735115431349,0.04738760631834751,0.0,0.0,0.0,0.012150668286755772,0.04495747266099635,0.0,0.09356014580801944,0.0,0.0,0.0,0.0,0.0,0.0,0.0,0.0,0.0,0.0,0.0,0.0,0.02916160388821385,0.0,0.0,0.046172539489671933,0.03402187120291616,0.0,0.03948967193195626,0.0,0.022478736330498177,0.0,0.0,0.0,0.0,0.0,0.0,0.02916160388821385,0.0,0.030984204131227218,0.0,0.01701093560145808,0.0,0.04070473876063183,0.07290400972053462,0.040097205346294046,0.05528554070473876,0.09781287970838397,0.038882138517618466,0.0,0.03827460510328068,0.0,0.0
F6,0.0,0.0,0.0,0.050473186119873815,0.0,0.0,0.0,0.050473186119873815,0.0,0.050473186119873815,0.0,0.017350157728706624,0.050473186119873815,0.0,0.0,0.0,0.015772870662460567,0.050473186119873815,0.0,0.050473186119873815,0.0,0.0,0.0,0.0,0.0,0.0,0.0,0.0,0.0,0.0,0.0,0.0,0.03785488958990536,0.0,0.0,0.050473186119873815,0.04416403785488959,0.0,0.050473186119873815,0.0,0.02917981072555205,0.0,0.0,0.0,0.0,0.0,0.0,0.03785488958990536,0.0,0.04022082018927445,0.0,0.022082018927444796,0.0,0.050473186119873815,0.050473186119873815,0.050473186119873815,0.050473186119873815,0.050473186119873815,0.04968454258675079,0.0,0.04968454258675079,0.0,0.0
AF8,0.0,0.0,0.0,0.0,0.0,0.0,0.0,0.0,0.09319526627218935,0.0,0.0,0.0,0.0,0.0,0.0,0.0,0.0,0.0,0.08875739644970414,0.0,0.0073964497041420114,0.014792899408284023,0.08579881656804733,0.08579881656804733,0.09319526627218935,0.0,0.0,0.0,0.08875739644970414,0.0,0.0,0.016272189349112426,0.0,0.0,0.005917159763313609,0.0,0.0,0.09171597633136094,0.0,0.0,0.0,0.0,0.0,0.09319526627218935,0.0,0.0,0.09171597633136094,0.0,0.0,0.0,0.05325443786982249,0.0,0.0,0.0,0.0,0.0,0.0,0.0,0.0,0.09023668639053255,0.0,0.0,0.0
AF4,0.0,0.0,0.0,0.05027932960893855,0.0,0.0,0.0,0.05027932960893855,0.0,0.05027932960893855,0.0,0.017557861133280128,0.05027932960893855,0.0,0.0,0.0,0.01596169193934557,0.05027932960893855,0.0,0.05027932960893855,0.0,0.0,0.0,0.0,0.0,0.0,0.0,0.0,0.0,0.0,0.0,0.0,0.03830806065442937,0.0,0.0,0.05027932960893855,0.0446927374301676,0.0,0.05027932960893855,0.0,0.029529130087789304,0.0,0.0,0.0,0.0,0.0,0.0,0.03830806065442937,0.0,0.040702314445331206,0.0,0.0223463687150838,0.0,0.05027932960893855,0.05027932960893855,0.05027932960893855,0.05027932960893855,0.05027932960893855,0.04948124501197127,0.0,0.04948124501197127,0.0,0.0
F2,0.0,0.0,0.0,0.0,0.0,0.0,0.0,0.0,0.0,0.0,0.0,0.0,0.0,0.0,0.0,0.0,0.0,0.0,0.0,0.0,0.0,0.0,0.0,0.0,0.0,0.0,0.0,0.0,0.0,0.0,0.0,0.0,0.0,0.0,0.0,0.0,0.0,0.0,0.0,0.0,0.0,0.0,0.0,0.0,0.0,0.0,0.0,0.0,0.0,0.0,0.0,0.0,0.0,0.0,0.0,0.0,0.0,0.0,0.0,0.0,0.0,0.0,0.0
FCz,0.0,0.0,0.0,0.0,0.0,0.0,0.0,0.0,0.0,0.0,0.0,0.0,0.0,0.0,0.0,0.0,0.0,0.0,0.0,0.0,0.0,0.0,0.0,0.0,0.0,0.0,0.0,0.0,0.0,0.0,0.0,0.0,0.0,0.0,0.0,0.0,0.0,0.0,0.0,0.0,0.0,0.0,0.0,0.0,0.0,0.0,0.0,0.0,0.0,0.0,0.0,0.0,0.0,0.0,0.0,0.0,0.0,0.0,0.0,0.0,0.0,0.0,0.0
