,Fp1,Fz,F3,F7,FT9,FC5,FC1,C3,T7,TP9,CP5,CP1,Pz,P3,P7,O1,Oz,O2,P4,P8,TP10,CP6,CP2,Cz,C4,T8,FT10,FC6,FC2,F4,F8,Fp2,AF7,AF3,AFz,F1,F5,FT7,FC3,C1,C5,TP7,CP3,P1,P5,PO7,PO3,POz,PO4,PO8,P6,P2,CPz,CP4,TP8,C6,C2,FC4,FT8,F6,AF4,F2,FCz
Fp1,0.023809523809523808,0.03571428571428571,0.0,0.03571428571428571,0.0,0.0,0.0,0.0,0.03571428571428571,0.023809523809523808,0.0,0.0,0.03571428571428571,0.0,0.0,0.03571428571428571,0.0,0.03571428571428571,0.03571428571428571,0.0,0.0,0.0,0.0,0.03571428571428571,0.03571428571428571,0.03571428571428571,0.0,0.0,0.03571428571428571,0.03571428571428571,0.03571428571428571,0.0,0.03571428571428571,0.0,0.03571428571428571,0.03571428571428571,0.03571428571428571,0.03571428571428571,0.03571428571428571,0.0,0.03571428571428571,0.03571428571428571,0.03571428571428571,0.03571428571428571,0.0,0.0,0.0,0.0,0.023809523809523808,0.0,0.03571428571428571,0.0,0.03571428571428571,0.0,0.03571428571428571,0.0,0.0,0.0,0.0,0.0,0.0,0.0,0.0
Fz,0.0030581039755351682,0.053516819571865444,0.0,0.016819571865443424,0.0,0.0,0.0030581039755351682,0.0,0.0045871559633027525,0.03211009174311927,0.0,0.0,0.05504587155963303,0.0,0.0,0.05657492354740061,0.0,0.05657492354740061,0.019877675840978593,0.0,0.0,0.0,0.0,0.024464831804281346,0.05198776758409786,0.05657492354740061,0.0,0.0,0.01834862385321101,0.04128440366972477,0.0061162079510703364,0.0,0.013761467889908258,0.0,0.04892966360856269,0.05504587155963303,0.05657492354740061,0.019877675840978593,0.05504587155963303,0.0,0.05657492354740061,0.04128440366972477,0.01529051987767584,0.012232415902140673,0.0030581039755351682,0.0,0.0,0.0,0.0030581039755351682,0.0,0.01834862385321101,0.0,0.04434250764525994,0.0,0.05657492354740061,0.0,0.0,0.0,0.0,0.0,0.0,0.0,0.0
F3,0.0,0.0,0.0671806167400881,0.0,0.04955947136563876,0.05506607929515418,0.0473568281938326,0.025330396475770924,0.0,0.007709251101321586,0.04955947136563876,0.0,0.0,0.03634361233480176,0.030837004405286344,0.0,0.04405286343612335,0.0,0.0,0.04405286343612335,0.05286343612334802,0.06387665198237885,0.019823788546255508,0.0,0.0,0.0,0.0,0.0,0.0,0.003303964757709251,0.0,0.0,0.0,0.02643171806167401,0.0,0.0,0.0,0.0,0.0,0.0,0.0,0.0,0.0,0.0,0.030837004405286344,0.030837004405286344,0.0,0.02643171806167401,0.0,0.031938325991189426,0.0,0.024229074889867842,0.0,0.031938325991189426,0.0,0.0,0.03303964757709251,0.03524229074889868,0.0473568281938326,0.0,0.030837004405286344,0.028634361233480177,0.025330396475770924
F7,0.006688963210702341,0.04013377926421405,0.0,0.03678929765886288,0.0,0.0,0.0,0.0,0.010033444816053512,0.03678929765886288,0.0,0.0,0.04013377926421405,0.0,0.0,0.04013377926421405,0.0,0.04013377926421405,0.04013377926421405,0.0,0.0,0.0,0.0,0.04013377926421405,0.04013377926421405,0.04013377926421405,0.0,0.0,0.04013377926421405,0.04013377926421405,0.013377926421404682,0.0,0.030100334448160536,0.0,0.04013377926421405,0.04013377926421405,0.04013377926421405,0.04013377926421405,0.04013377926421405,0.0,0.04013377926421405,0.04013377926421405,0.033444816053511704,0.026755852842809364,0.0,0.0,0.0,0.0,0.006688963210702341,0.0,0.03678929765886288,0.0,0.04013377926421405,0.0,0.04013377926421405,0.0,0.0,0.0,0.0,0.0,0.0,0.0,0.0
FT9,0.0,0.0,0.053167420814479636,0.0,0.05203619909502263,0.04524886877828054,0.048642533936651584,0.026018099547511313,0.0,0.010180995475113122,0.048642533936651584,0.0,0.0022624434389140274,0.033936651583710405,0.033936651583710405,0.0,0.04638009049773756,0.0,0.0,0.04751131221719457,0.053167420814479636,0.05429864253393665,0.02262443438914027,0.0,0.0,0.0,0.0,0.0,0.0,0.005656108597285068,0.0,0.0,0.0,0.02262443438914027,0.0,0.0022624434389140274,0.0,0.0,0.0,0.0,0.0,0.0,0.0,0.0,0.033936651583710405,0.033936651583710405,0.0,0.027149321266968326,0.0,0.033936651583710405,0.0,0.027149321266968326,0.0,0.032805429864253395,0.0,0.0,0.03619909502262444,0.03619909502262444,0.048642533936651584,0.0,0.02828054298642534,0.024886877828054297,0.02828054298642534
FC5,0.0,0.0,0.06340819022457067,0.0,0.047556142668428,0.06340819022457067,0.043593130779392336,0.03038309114927345,0.0,0.001321003963011889,0.052840158520475564,0.0,0.0,0.043593130779392336,0.02906208718626156,0.0,0.04491413474240423,0.0,0.0,0.043593130779392336,0.0488771466314399,0.0607661822985469,0.015852047556142668,0.0,0.0,0.0,0.0,0.0,0.0,0.0,0.0,0.0,0.0,0.03302509907529723,0.0,0.0,0.0,0.0,0.0,0.0,0.0,0.0,0.0,0.0,0.02906208718626156,0.02906208718626156,0.0,0.023778071334214,0.0,0.03038309114927345,0.0,0.021136063408190225,0.0,0.035667107001321,0.0,0.0,0.031704095112285335,0.034346103038309116,0.0488771466314399,0.0,0.036988110964332896,0.034346103038309116,0.022457067371202115
FC1,0.0,0.0,0.04950495049504951,0.0,0.0517051705170517,0.0407040704070407,0.0517051705170517,0.025302530253025302,0.0,0.013201320132013201,0.04400440044004401,0.0,0.005500550055005501,0.0319031903190319,0.0352035203520352,0.0033003300330033004,0.04400440044004401,0.0011001100110011,0.0,0.0484048404840484,0.052805280528052806,0.050605060506050605,0.0242024202420242,0.0022002200220022,0.0,0.0022002200220022,0.0,0.0,0.0,0.0088008800880088,0.0,0.0,0.0,0.020902090209020903,0.0,0.005500550055005501,0.0022002200220022,0.0,0.0,0.0,0.0011001100110011,0.0,0.0,0.0,0.036303630363036306,0.033003300330033,0.0,0.026402640264026403,0.0,0.033003300330033,0.0,0.028602860286028604,0.0,0.030803080308030802,0.0011001100110011,0.0,0.036303630363036306,0.0352035203520352,0.045104510451045104,0.0,0.026402640264026403,0.0231023102310231,0.028602860286028604
C3,0.0,0.0,0.04259259259259259,0.0,0.04259259259259259,0.04259259259259259,0.04259259259259259,0.040740740740740744,0.0,0.0,0.04259259259259259,0.0,0.0,0.04259259259259259,0.037037037037037035,0.0,0.04259259259259259,0.0,0.0,0.04259259259259259,0.04259259259259259,0.04259259259259259,0.018518518518518517,0.0,0.0,0.0,0.0,0.0,0.0,0.0,0.0,0.0,0.0,0.03333333333333333,0.0,0.0,0.0,0.0,0.0,0.0,0.0,0.0,0.0,0.0,0.037037037037037035,0.037037037037037035,0.0,0.02962962962962963,0.0,0.03888888888888889,0.0,0.025925925925925925,0.0,0.04259259259259259,0.0,0.0,0.040740740740740744,0.04259259259259259,0.04259259259259259,0.0,0.04259259259259259,0.037037037037037035,0.027777777777777776
T7,0.01818181818181818,0.03636363636363636,0.0,0.03636363636363636,0.0,0.0,0.0,0.0,0.02727272727272727,0.02727272727272727,0.0,0.0,0.03636363636363636,0.0,0.0,0.03636363636363636,0.0,0.03636363636363636,0.03636363636363636,0.0,0.0,0.0,0.0,0.03636363636363636,0.03636363636363636,0.03636363636363636,0.0,0.0,0.03636363636363636,0.03636363636363636,0.03636363636363636,0.0,0.03636363636363636,0.0,0.03636363636363636,0.03636363636363636,0.03636363636363636,0.03636363636363636,0.03636363636363636,0.0,0.03636363636363636,0.03636363636363636,0.03636363636363636,0.03636363636363636,0.0,0.0,0.0,0.0,0.01818181818181818,0.0,0.03636363636363636,0.0,0.03636363636363636,0.0,0.03636363636363636,0.0,0.0,0.0,0.0,0.0,0.0,0.0,0.0
TP9,0.0,0.02635658914728682,0.013953488372093023,0.013953488372093023,0.017054263565891473,0.004651162790697674,0.021705426356589147,0.0015503875968992248,0.0015503875968992248,0.05426356589147287,0.010852713178294573,0.0,0.043410852713178294,0.0031007751937984496,0.018604651162790697,0.03565891472868217,0.013953488372093023,0.037209302325581395,0.017054263565891473,0.018604651162790697,0.018604651162790697,0.015503875968992248,0.018604651162790697,0.023255813953488372,0.024806201550387597,0.040310077519379844,0.0,0.0,0.015503875968992248,0.04186046511627907,0.0031007751937984496,0.0,0.010852713178294573,0.0,0.021705426356589147,0.04186046511627907,0.03875968992248062,0.017054263565891473,0.034108527131782945,0.0,0.02945736434108527,0.015503875968992248,0.012403100775193798,0.009302325581395349,0.021705426356589147,0.015503875968992248,0.0,0.012403100775193798,0.0,0.013953488372093023,0.013953488372093023,0.018604651162790697,0.017054263565891473,0.006201550387596899,0.03565891472868217,0.0,0.017054263565891473,0.012403100775193798,0.012403100775193798,0.0,0.0,0.0,0.017054263565891473
CP5,0.0,0.0,0.05562422744128554,0.0,0.048207663782447466,0.0519159456118665,0.04449938195302843,0.02843016069221261,0.0,0.006180469715698393,0.05315203955500618,0.0,0.0,0.03955500618046971,0.032138442521631644,0.0,0.04697156983930779,0.0,0.0,0.04449938195302843,0.049443757725587144,0.05562422744128554,0.019777503090234856,0.0,0.0,0.0,0.0,0.0,0.0,0.0012360939431396785,0.0,0.0,0.0,0.027194066749072928,0.0,0.0,0.0,0.0,0.0,0.0,0.0,0.0,0.0,0.0,0.032138442521631644,0.032138442521631644,0.0,0.027194066749072928,0.0,0.03337453646477132,0.0,0.024721878862793572,0.0,0.03584672435105068,0.0,0.0,0.034610630407911,0.037082818294190356,0.049443757725587144,0.0,0.03337453646477132,0.029666254635352288,0.02595797280593325
CP1,0.0,0.0,0.0,0.0,0.0,0.0,0.0,0.0,0.0,0.0,0.0,0.0,0.0,0.0,0.0,0.0,0.0,0.0,0.0,0.0,0.0,0.0,0.0,0.0,0.0,0.0,0.0,0.0,0.0,0.0,0.0,0.0,0.0,0.0,0.0,0.0,0.0,0.0,0.0,0.0,0.0,0.0,0.0,0.0,0.0,0.0,0.0,0.0,0.0,0.0,0.0,0.0,0.0,0.0,0.0,0.0,0.0,0.0,0.0,0.0,0.0,0.0,0.0
Pz,0.002652519893899204,0.04376657824933687,0.002652519893899204,0.014588859416445624,0.005305039787798408,0.0,0.009283819628647215,0.0,0.003978779840848806,0.04111405835543767,0.0,0.0,0.058355437665782495,0.0,0.006631299734748011,0.05172413793103448,0.002652519893899204,0.05305039787798409,0.017241379310344827,0.006631299734748011,0.006631299734748011,0.003978779840848806,0.006631299734748011,0.022546419098143235,0.042440318302387266,0.05570291777188329,0.0,0.0,0.015915119363395226,0.04376657824933687,0.005305039787798408,0.0,0.011936339522546418,0.0,0.03978779840848806,0.05702917771883289,0.054376657824933686,0.017241379310344827,0.050397877984084884,0.0,0.046419098143236075,0.033156498673740056,0.013262599469496022,0.010610079575596816,0.009283819628647215,0.003978779840848806,0.0,0.001326259946949602,0.002652519893899204,0.002652519893899204,0.015915119363395226,0.006631299734748011,0.03580901856763926,0.0,0.05172413793103448,0.0,0.005305039787798408,0.001326259946949602,0.001326259946949602,0.0,0.0,0.0,0.005305039787798408
P3,0.0,0.0,0.050156739811912224,0.0,0.0438871473354232,0.05172413793103448,0.03918495297805643,0.03605015673981191,0.0,0.0,0.047021943573667714,0.0,0.0,0.048589341692789965,0.032915360501567396,0.0,0.04231974921630094,0.0,0.0,0.03918495297805643,0.0438871473354232,0.048589341692789965,0.017241379310344827,0.0,0.0,0.0,0.0,0.0,0.0,0.0,0.0,0.0,0.0,0.03761755485893417,0.0,0.0,0.0,0.0,0.0,0.0,0.0,0.0,0.0,0.0,0.032915360501567396,0.032915360501567396,0.0,0.02664576802507837,0.0,0.034482758620689655,0.0,0.023510971786833857,0.0,0.04075235109717868,0.0,0.0,0.03605015673981191,0.03918495297805643,0.045454545454545456,0.0,0.0438871473354232,0.04075235109717868,0.025078369905956112
P7,0.0,0.0,0.04126547455295736,0.0,0.04401650618982118,0.033012379642365884,0.04401650618982118,0.030261348005502064,0.0,0.013755158184319119,0.03851444291609354,0.0,0.0041265474552957355,0.03163686382393398,0.04264099037138927,0.001375515818431912,0.04126547455295736,0.0,0.0,0.04401650618982118,0.04401650618982118,0.04264099037138927,0.02888583218707015,0.0,0.0,0.0,0.0,0.0,0.0,0.008253094910591471,0.0,0.0,0.0,0.02200825309491059,0.0,0.0041265474552957355,0.0,0.0,0.0,0.0,0.0,0.0,0.0,0.0,0.04264099037138927,0.04126547455295736,0.0,0.033012379642365884,0.0,0.04126547455295736,0.0,0.0343878954607978,0.0,0.0343878954607978,0.0,0.0,0.04401650618982118,0.039889958734525444,0.039889958734525444,0.0,0.02888583218707015,0.024759284731774415,0.03576341127922971
O1,0.002797202797202797,0.04755244755244755,0.0,0.015384615384615385,0.002797202797202797,0.0,0.006993006993006993,0.0,0.004195804195804196,0.03776223776223776,0.0,0.0,0.05874125874125874,0.0,0.004195804195804196,0.055944055944055944,0.0,0.05454545454545454,0.01818181818181818,0.004195804195804196,0.004195804195804196,0.0013986013986013986,0.004195804195804196,0.023776223776223775,0.046153846153846156,0.055944055944055944,0.0,0.0,0.016783216783216783,0.043356643356643354,0.005594405594405594,0.0,0.012587412587412588,0.0,0.043356643356643354,0.05874125874125874,0.055944055944055944,0.01818181818181818,0.05314685314685315,0.0,0.05034965034965035,0.03636363636363636,0.013986013986013986,0.011188811188811189,0.006993006993006993,0.0013986013986013986,0.0,0.0,0.002797202797202797,0.0,0.016783216783216783,0.004195804195804196,0.039160839160839164,0.0,0.05454545454545454,0.0,0.002797202797202797,0.0,0.0,0.0,0.0,0.0,0.002797202797202797
Oz,0.0,0.0,0.05036855036855037,0.0,0.04791154791154791,0.044226044226044224,0.045454545454545456,0.028255528255528257,0.0,0.0085995085995086,0.04914004914004914,0.0,0.0,0.038083538083538086,0.0343980343980344,0.0,0.04791154791154791,0.0,0.0,0.045454545454545456,0.04791154791154791,0.05036855036855037,0.022113022113022112,0.0,0.0,0.0,0.0,0.0,0.0,0.0036855036855036856,0.0,0.0,0.0,0.025798525798525797,0.0,0.0,0.0,0.0,0.0,0.0,0.0,0.0,0.0,0.0,0.0343980343980344,0.0343980343980344,0.0,0.029484029484029485,0.0,0.03562653562653563,0.0,0.02702702702702703,0.0,0.03562653562653563,0.0,0.0,0.036855036855036855,0.03931203931203931,0.04914004914004914,0.0,0.03194103194103194,0.028255528255528257,0.028255528255528257
O2,0.0026666666666666666,0.048,0.0,0.014666666666666666,0.0,0.0,0.004,0.0,0.004,0.036,0.0,0.0,0.056,0.0,0.0013333333333333333,0.05333333333333334,0.0,0.06533333333333333,0.017333333333333333,0.0013333333333333333,0.0013333333333333333,0.0,0.0013333333333333333,0.02266666666666667,0.04666666666666667,0.06933333333333333,0.0,0.0,0.016,0.03866666666666667,0.005333333333333333,0.0,0.012,0.0013333333333333333,0.048,0.05466666666666667,0.06133333333333333,0.017333333333333333,0.058666666666666666,0.0,0.050666666666666665,0.03866666666666667,0.013333333333333334,0.010666666666666666,0.004,0.0,0.0,0.0,0.0026666666666666666,0.0,0.016,0.0013333333333333333,0.044,0.0,0.06,0.0,0.0,0.0,0.0,0.0,0.0,0.0,0.0
P4,0.006060606060606061,0.04242424242424243,0.0,0.03333333333333333,0.0,0.0,0.0,0.0,0.00909090909090909,0.03939393939393939,0.0,0.0,0.04242424242424243,0.0,0.0,0.04242424242424243,0.0,0.04242424242424243,0.03939393939393939,0.0,0.0,0.0,0.0,0.04242424242424243,0.04242424242424243,0.04242424242424243,0.0,0.0,0.03636363636363636,0.04242424242424243,0.012121212121212121,0.0,0.02727272727272727,0.0,0.03939393939393939,0.04242424242424243,0.04242424242424243,0.03939393939393939,0.04242424242424243,0.0,0.04242424242424243,0.03636363636363636,0.030303030303030304,0.024242424242424242,0.0,0.0,0.0,0.0,0.006060606060606061,0.0,0.03333333333333333,0.0,0.03636363636363636,0.0,0.04242424242424243,0.0,0.0,0.0,0.0,0.0,0.0,0.0,0.0
P8,0.0,0.0,0.04861111111111111,0.0,0.05092592592592592,0.041666666666666664,0.04861111111111111,0.02662037037037037,0.0,0.011574074074074073,0.046296296296296294,0.0,0.003472222222222222,0.03356481481481482,0.03587962962962963,0.0011574074074074073,0.046296296296296294,0.0,0.0,0.04861111111111111,0.05092592592592592,0.04976851851851852,0.024305555555555556,0.0,0.0,0.0,0.0,0.0,0.0,0.006944444444444444,0.0,0.0,0.0,0.02199074074074074,0.0,0.003472222222222222,0.0,0.0,0.0,0.0,0.0,0.0,0.0,0.0,0.03587962962962963,0.034722222222222224,0.0,0.027777777777777776,0.0,0.034722222222222224,0.0,0.028935185185185185,0.0,0.032407407407407406,0.0,0.0,0.03819444444444445,0.037037037037037035,0.047453703703703706,0.0,0.027777777777777776,0.024305555555555556,0.03009259259259259
TP10,0.0,0.0,0.05482456140350877,0.0,0.05263157894736842,0.044956140350877194,0.05043859649122807,0.025219298245614034,0.0,0.010964912280701754,0.04824561403508772,0.0,0.003289473684210526,0.03289473684210526,0.03399122807017544,0.0010964912280701754,0.044956140350877194,0.0,0.0,0.047149122807017545,0.05482456140350877,0.05592105263157895,0.023026315789473683,0.0,0.0,0.0,0.0,0.0,0.0,0.006578947368421052,0.0,0.0,0.0,0.021929824561403508,0.0,0.003289473684210526,0.0,0.0,0.0,0.0,0.0,0.0,0.0,0.0,0.03399122807017544,0.03289473684210526,0.0,0.02631578947368421,0.0,0.03289473684210526,0.0,0.027412280701754384,0.0,0.03179824561403509,0.0,0.0,0.03618421052631579,0.03508771929824561,0.047149122807017545,0.0,0.027412280701754384,0.02412280701754386,0.02850877192982456
CP6,0.0,0.0,0.06514657980456026,0.0,0.0499457111834962,0.053203040173724216,0.04777415852334419,0.0249728555917481,0.0,0.008686210640608035,0.048859934853420196,0.0,0.0010857763300760044,0.035830618892508145,0.031487513572204126,0.0,0.04451682953311618,0.0,0.0,0.04451682953311618,0.053203040173724216,0.06297502714440825,0.02062975027144408,0.0,0.0,0.0,0.0,0.0,0.0,0.004343105320304018,0.0,0.0,0.0,0.0249728555917481,0.0,0.0010857763300760044,0.0,0.0,0.0,0.0,0.0,0.0,0.0,0.0,0.031487513572204126,0.031487513572204126,0.0,0.026058631921824105,0.0,0.03257328990228013,0.0,0.0249728555917481,0.0,0.031487513572204126,0.0,0.0,0.033659066232356136,0.03474484256243214,0.04668838219326819,0.0,0.03040173724212812,0.02714440825190011,0.026058631921824105
CP2,0.0,0.0,0.040160642570281124,0.0,0.04417670682730924,0.028112449799196786,0.04417670682730924,0.024096385542168676,0.0,0.020080321285140562,0.03614457831325301,0.0,0.006024096385542169,0.02610441767068273,0.04417670682730924,0.002008032128514056,0.040160642570281124,0.0,0.0,0.04417670682730924,0.04417670682730924,0.04216867469879518,0.04216867469879518,0.0,0.0,0.0,0.0,0.0,0.0,0.012048192771084338,0.0,0.0,0.0,0.012048192771084338,0.0,0.006024096385542169,0.0,0.0,0.0,0.0,0.0,0.0,0.0,0.0,0.04417670682730924,0.04216867469879518,0.0,0.03815261044176707,0.0,0.040160642570281124,0.0,0.04417670682730924,0.0,0.030120481927710843,0.0,0.0,0.04417670682730924,0.03815261044176707,0.03815261044176707,0.0,0.02208835341365462,0.01606425702811245,0.04417670682730924
Cz,0.005141388174807198,0.038560411311053984,0.0,0.028277634961439587,0.002570694087403599,0.0,0.010282776349614395,0.0,0.007712082262210797,0.043701799485861184,0.0,0.0,0.04627249357326478,0.0,0.005141388174807198,0.04627249357326478,0.0,0.04113110539845758,0.033419023136246784,0.005141388174807198,0.005141388174807198,0.0,0.005141388174807198,0.043701799485861184,0.038560411311053984,0.043701799485861184,0.0,0.0,0.030848329048843187,0.04627249357326478,0.010282776349614395,0.0,0.02313624678663239,0.0,0.033419023136246784,0.04627249357326478,0.043701799485861184,0.033419023136246784,0.038560411311053984,0.0,0.04113110539845758,0.030848329048843187,0.02570694087403599,0.02056555269922879,0.010282776349614395,0.0,0.0,0.0,0.005141388174807198,0.0,0.028277634961439587,0.005141388174807198,0.030848329048843187,0.0,0.04113110539845758,0.0,0.002570694087403599,0.0,0.0,0.0,0.0,0.0,0.002570694087403599
C4,0.003110419906687403,0.05443234836702955,0.0,0.017107309486780714,0.0,0.0,0.003110419906687403,0.0,0.004665629860031105,0.03110419906687403,0.0,0.0,0.05443234836702955,0.0,0.0,0.05598755832037325,0.0,0.05598755832037325,0.02021772939346812,0.0,0.0,0.0,0.0,0.024883359253499222,0.05287713841368585,0.05598755832037325,0.0,0.0,0.01866251944012442,0.04043545878693624,0.006220839813374806,0.0,0.013996889580093312,0.0,0.049766718506998445,0.05443234836702955,0.05598755832037325,0.02021772939346812,0.05443234836702955,0.0,0.05598755832037325,0.041990668740279936,0.015552099533437015,0.012441679626749611,0.003110419906687403,0.0,0.0,0.0,0.003110419906687403,0.0,0.01866251944012442,0.0,0.04510108864696734,0.0,0.05598755832037325,0.0,0.0,0.0,0.0,0.0,0.0,0.0,0.0
T8,0.0026041666666666665,0.046875,0.0,0.014322916666666666,0.0013020833333333333,0.0,0.005208333333333333,0.0,0.00390625,0.036458333333333336,0.0,0.0,0.055989583333333336,0.0,0.0026041666666666665,0.053385416666666664,0.0,0.06510416666666667,0.016927083333333332,0.0026041666666666665,0.0026041666666666665,0.0,0.0026041666666666665,0.022135416666666668,0.045572916666666664,0.0703125,0.0,0.0,0.015625,0.0390625,0.005208333333333333,0.0,0.01171875,0.0013020833333333333,0.046875,0.0546875,0.059895833333333336,0.016927083333333332,0.057291666666666664,0.0,0.049479166666666664,0.037760416666666664,0.013020833333333334,0.010416666666666666,0.005208333333333333,0.0,0.0,0.0,0.0026041666666666665,0.0,0.015625,0.0026041666666666665,0.04296875,0.0,0.05859375,0.0,0.0013020833333333333,0.0,0.0,0.0,0.0,0.0,0.0013020833333333333
FT10,0.0,0.0,0.0,0.0,0.0,0.0,0.0,0.0,0.0,0.0,0.0,0.0,0.0,0.0,0.0,0.0,0.0,0.0,0.0,0.0,0.0,0.0,0.0,0.0,0.0,0.0,0.0,0.0,0.0,0.0,0.0,0.0,0.0,0.0,0.0,0.0,0.0,0.0,0.0,0.0,0.0,0.0,0.0,0.0,0.0,0.0,0.0,0.0,0.0,0.0,0.0,0.0,0.0,0.0,0.0,0.0,0.0,0.0,0.0,0.0,0.0,0.0,0.0
FC6,0.0,0.0,0.0,0.0,0.0,0.0,0.0,0.0,0.0,0.0,0.0,0.0,0.0,0.0,0.0,0.0,0.0,0.0,0.0,0.0,0.0,0.0,0.0,0.0,0.0,0.0,0.0,0.0,0.0,0.0,0.0,0.0,0.0,0.0,0.0,0.0,0.0,0.0,0.0,0.0,0.0,0.0,0.0,0.0,0.0,0.0,0.0,0.0,0.0,0.0,0.0,0.0,0.0,0.0,0.0,0.0,0.0,0.0,0.0,0.0,0.0,0.0,0.0
FC2,0.006329113924050633,0.04113924050632911,0.0,0.03481012658227848,0.0,0.0,0.0,0.0,0.00949367088607595,0.0379746835443038,0.0,0.0,0.04113924050632911,0.0,0.0,0.04113924050632911,0.0,0.04113924050632911,0.04113924050632911,0.0,0.0,0.0,0.0,0.04113924050632911,0.04113924050632911,0.04113924050632911,0.0,0.0,0.0379746835443038,0.04113924050632911,0.012658227848101266,0.0,0.028481012658227847,0.0,0.04113924050632911,0.04113924050632911,0.04113924050632911,0.04113924050632911,0.04113924050632911,0.0,0.04113924050632911,0.0379746835443038,0.03164556962025317,0.02531645569620253,0.0,0.0,0.0,0.0,0.006329113924050633,0.0,0.03481012658227848,0.0,0.0379746835443038,0.0,0.04113924050632911,0.0,0.0,0.0,0.0,0.0,0.0,0.0,0.0
F4,0.003003003003003003,0.036036036036036036,0.0075075075075075074,0.016516516516516516,0.010510510510510511,0.0,0.015015015015015015,0.0,0.0045045045045045045,0.046546546546546545,0.0045045045045045045,0.0,0.04804804804804805,0.0,0.012012012012012012,0.04504504504504504,0.0075075075075075074,0.042042042042042045,0.01951951951951952,0.012012012012012012,0.012012012012012012,0.009009009009009009,0.012012012012012012,0.025525525525525526,0.03453453453453453,0.04354354354354354,0.0,0.0,0.018018018018018018,0.05105105105105105,0.006006006006006006,0.0,0.013513513513513514,0.0,0.03153153153153153,0.04804804804804805,0.04354354354354354,0.01951951951951952,0.04054054054054054,0.0,0.03903903903903904,0.024024024024024024,0.015015015015015015,0.012012012012012012,0.015015015015015015,0.009009009009009009,0.0,0.006006006006006006,0.003003003003003003,0.0075075075075075074,0.016516516516516516,0.012012012012012012,0.02702702702702703,0.0,0.042042042042042045,0.0,0.010510510510510511,0.006006006006006006,0.006006006006006006,0.0,0.0,0.0,0.010510510510510511
F8,0.014814814814814815,0.037037037037037035,0.0,0.037037037037037035,0.0,0.0,0.0,0.0,0.022222222222222223,0.02962962962962963,0.0,0.0,0.037037037037037035,0.0,0.0,0.037037037037037035,0.0,0.037037037037037035,0.037037037037037035,0.0,0.0,0.0,0.0,0.037037037037037035,0.037037037037037035,0.037037037037037035,0.0,0.0,0.037037037037037035,0.037037037037037035,0.02962962962962963,0.0,0.037037037037037035,0.0,0.037037037037037035,0.037037037037037035,0.037037037037037035,0.037037037037037035,0.037037037037037035,0.0,0.037037037037037035,0.037037037037037035,0.037037037037037035,0.037037037037037035,0.0,0.0,0.0,0.0,0.014814814814814815,0.0,0.037037037037037035,0.0,0.037037037037037035,0.0,0.037037037037037035,0.0,0.0,0.0,0.0,0.0,0.0,0.0,0.0
Fp2,0.0,0.0,0.0,0.0,0.0,0.0,0.0,0.0,0.0,0.0,0.0,0.0,0.0,0.0,0.0,0.0,0.0,0.0,0.0,0.0,0.0,0.0,0.0,0.0,0.0,0.0,0.0,0.0,0.0,0.0,0.0,0.0,0.0,0.0,0.0,0.0,0.0,0.0,0.0,0.0,0.0,0.0,0.0,0.0,0.0,0.0,0.0,0.0,0.0,0.0,0.0,0.0,0.0,0.0,0.0,0.0,0.0,0.0,0.0,0.0,0.0,0.0,0.0
AF7,0.007782101167315175,0.038910505836575876,0.0,0.038910505836575876,0.0,0.0,0.0,0.0,0.011673151750972763,0.03501945525291829,0.0,0.0,0.038910505836575876,0.0,0.0,0.038910505836575876,0.0,0.038910505836575876,0.038910505836575876,0.0,0.0,0.0,0.0,0.038910505836575876,0.038910505836575876,0.038910505836575876,0.0,0.0,0.038910505836575876,0.038910505836575876,0.01556420233463035,0.0,0.03501945525291829,0.0,0.038910505836575876,0.038910505836575876,0.038910505836575876,0.038910505836575876,0.038910505836575876,0.0,0.038910505836575876,0.038910505836575876,0.038910505836575876,0.0311284046692607,0.0,0.0,0.0,0.0,0.007782101167315175,0.0,0.038910505836575876,0.0,0.038910505836575876,0.0,0.038910505836575876,0.0,0.0,0.0,0.0,0.0,0.0,0.0,0.0
AF3,0.0,0.0,0.047109207708779445,0.0,0.03854389721627409,0.04925053533190578,0.03640256959314775,0.034261241970021415,0.0,0.0,0.042826552462526764,0.0,0.0,0.047109207708779445,0.029978586723768737,0.0,0.04068522483940043,0.006423982869379015,0.0,0.03640256959314775,0.03854389721627409,0.044967880085653104,0.008565310492505354,0.0,0.0,0.006423982869379015,0.0,0.0,0.0,0.0,0.0,0.0,0.0,0.06209850107066381,0.004282655246252677,0.0,0.0021413276231263384,0.0,0.008565310492505354,0.0,0.0,0.0,0.0,0.0,0.029978586723768737,0.029978586723768737,0.0,0.021413276231263382,0.0,0.032119914346895075,0.0,0.017130620985010708,0.008565310492505354,0.04068522483940043,0.006423982869379015,0.0,0.034261241970021415,0.03854389721627409,0.04068522483940043,0.0,0.047109207708779445,0.04925053533190578,0.019271948608137045
AFz,0.003125,0.0546875,0.0,0.0171875,0.0,0.0,0.0,0.0,0.0046875,0.028125,0.0,0.0,0.0515625,0.0,0.0,0.053125,0.0,0.0578125,0.0203125,0.0,0.0,0.0,0.0,0.021875,0.053125,0.0578125,0.0,0.0,0.01875,0.0375,0.00625,0.0,0.0140625,0.0,0.0546875,0.0515625,0.0578125,0.0203125,0.0578125,0.0,0.0546875,0.0453125,0.015625,0.0125,0.0,0.0,0.0,0.0,0.003125,0.0,0.01875,0.0,0.05,0.0,0.0578125,0.0,0.0,0.0,0.0,0.0,0.0,0.0,0.0
F1,0.0026560424966799467,0.043824701195219126,0.0026560424966799467,0.014608233731739707,0.005312084993359893,0.0,0.009296148738379814,0.0,0.00398406374501992,0.041168658698539175,0.0,0.0,0.05843293492695883,0.0,0.006640106241699867,0.05179282868525897,0.0026560424966799467,0.05312084993359894,0.017264276228419653,0.006640106241699867,0.006640106241699867,0.00398406374501992,0.006640106241699867,0.02257636122177955,0.04249667994687915,0.05444887118193891,0.0,0.0,0.01593625498007968,0.043824701195219126,0.005312084993359893,0.0,0.01195219123505976,0.0,0.0398406374501992,0.057104913678618856,0.05444887118193891,0.017264276228419653,0.05046480743691899,0.0,0.04648074369189907,0.033200531208499334,0.013280212483399735,0.010624169986719787,0.009296148738379814,0.00398406374501992,0.0,0.0013280212483399733,0.0026560424966799467,0.0026560424966799467,0.01593625498007968,0.006640106241699867,0.035856573705179286,0.0,0.05179282868525897,0.0,0.005312084993359893,0.0013280212483399733,0.0013280212483399733,0.0,0.0,0.0,0.005312084993359893
F5,0.002688172043010753,0.04838709677419355,0.0,0.01478494623655914,0.0013440860215053765,0.0,0.005376344086021506,0.0,0.004032258064516129,0.03763440860215054,0.0,0.0,0.05779569892473118,0.0,0.002688172043010753,0.05510752688172043,0.0,0.05913978494623656,0.01747311827956989,0.002688172043010753,0.002688172043010753,0.0,0.002688172043010753,0.0228494623655914,0.04704301075268817,0.06182795698924731,0.0,0.0,0.016129032258064516,0.04032258064516129,0.005376344086021506,0.0,0.012096774193548387,0.0,0.0456989247311828,0.056451612903225805,0.06048387096774194,0.01747311827956989,0.056451612903225805,0.0,0.051075268817204304,0.038978494623655914,0.013440860215053764,0.010752688172043012,0.005376344086021506,0.0,0.0,0.0,0.002688172043010753,0.0,0.016129032258064516,0.002688172043010753,0.041666666666666664,0.0,0.05779569892473118,0.0,0.0013440860215053765,0.0,0.0,0.0,0.0,0.0,0.0013440860215053765
FT7,0.006060606060606061,0.04242424242424243,0.0,0.03333333333333333,0.0,0.0,0.0,0.0,0.00909090909090909,0.03939393939393939,0.0,0.0,0.04242424242424243,0.0,0.0,0.04242424242424243,0.0,0.04242424242424243,0.03939393939393939,0.0,0.0,0.0,0.0,0.04242424242424243,0.04242424242424243,0.04242424242424243,0.0,0.0,0.03636363636363636,0.04242424242424243,0.012121212121212121,0.0,0.02727272727272727,0.0,0.03939393939393939,0.04242424242424243,0.04242424242424243,0.03939393939393939,0.04242424242424243,0.0,0.04242424242424243,0.03636363636363636,0.030303030303030304,0.024242424242424242,0.0,0.0,0.0,0.0,0.006060606060606061,0.0,0.03333333333333333,0.0,0.03636363636363636,0.0,0.04242424242424243,0.0,0.0,0.0,0.0,0.0,0.0,0.0,0.0
FC3,0.002728512960436562,0.04911323328785812,0.0,0.015006821282401092,0.0,0.0,0.002728512960436562,0.0,0.004092769440654843,0.03547066848567531,0.0,0.0,0.05593451568894952,0.0,0.0,0.05320600272851296,0.0,0.06412005457025921,0.017735334242837655,0.0,0.0,0.0,0.0,0.021828103683492497,0.047748976807639835,0.06412005457025921,0.0,0.0,0.01637107776261937,0.03819918144611187,0.005457025920873124,0.0,0.01227830832196453,0.002728512960436562,0.04911323328785812,0.054570259208731244,0.061391541609822645,0.017735334242837655,0.061391541609822645,0.0,0.05184174624829468,0.03956343792633015,0.013642564802182811,0.010914051841746248,0.002728512960436562,0.0,0.0,0.0,0.002728512960436562,0.0,0.01637107776261937,0.0,0.04638472032742155,0.0,0.06275579809004093,0.0,0.0,0.0,0.0,0.0,0.0,0.0,0.0
C1,0.0,0.0,0.0,0.0,0.0,0.0,0.0,0.0,0.0,0.0,0.0,0.0,0.0,0.0,0.0,0.0,0.0,0.0,0.0,0.0,0.0,0.0,0.0,0.0,0.0,0.0,0.0,0.0,0.0,0.0,0.0,0.0,0.0,0.0,0.0,0.0,0.0,0.0,0.0,0.0,0.0,0.0,0.0,0.0,0.0,0.0,0.0,0.0,0.0,0.0,0.0,0.0,0.0,0.0,0.0,0.0,0.0,0.0,0.0,0.0,0.0,0.0,0.0
C5,0.0029455081001472753,0.05154639175257732,0.0,0.016200294550810016,0.0,0.0,0.004418262150220913,0.0,0.004418262150220913,0.033873343151693665,0.0,0.0,0.055964653902798235,0.0,0.0014727540500736377,0.05743740795287187,0.0,0.055964653902798235,0.01914580265095729,0.0014727540500736377,0.0014727540500736377,0.0,0.0014727540500736377,0.025036818851251842,0.050073637702503684,0.05743740795287187,0.0,0.0,0.017673048600883652,0.042709867452135494,0.005891016200294551,0.0,0.013254786450662739,0.0,0.047128129602356406,0.055964653902798235,0.05743740795287187,0.01914580265095729,0.054491899852724596,0.0,0.054491899852724596,0.039764359351988215,0.014727540500736377,0.011782032400589101,0.004418262150220913,0.0,0.0,0.0,0.0029455081001472753,0.0,0.017673048600883652,0.0014727540500736377,0.042709867452135494,0.0,0.055964653902798235,0.0,0.0,0.0,0.0,0.0,0.0,0.0,0.0
TP7,0.0035971223021582736,0.0539568345323741,0.0,0.019784172661870502,0.0,0.0,0.0,0.0,0.00539568345323741,0.023381294964028777,0.0,0.0,0.050359712230215826,0.0,0.0,0.052158273381294966,0.0,0.0539568345323741,0.023381294964028777,0.0,0.0,0.0,0.0,0.023381294964028777,0.0539568345323741,0.0539568345323741,0.0,0.0,0.02158273381294964,0.0341726618705036,0.007194244604316547,0.0,0.01618705035971223,0.0,0.0539568345323741,0.050359712230215826,0.0539568345323741,0.023381294964028777,0.0539568345323741,0.0,0.0539568345323741,0.050359712230215826,0.017985611510791366,0.014388489208633094,0.0,0.0,0.0,0.0,0.0035971223021582736,0.0,0.02158273381294964,0.0,0.052158273381294966,0.0,0.0539568345323741,0.0,0.0,0.0,0.0,0.0,0.0,0.0,0.0
CP3,0.007168458781362007,0.03942652329749104,0.0,0.03942652329749104,0.0,0.0,0.0,0.0,0.010752688172043012,0.035842293906810034,0.0,0.0,0.03942652329749104,0.0,0.0,0.03942652329749104,0.0,0.03942652329749104,0.03942652329749104,0.0,0.0,0.0,0.0,0.03942652329749104,0.03942652329749104,0.03942652329749104,0.0,0.0,0.03942652329749104,0.03942652329749104,0.014336917562724014,0.0,0.03225806451612903,0.0,0.03942652329749104,0.03942652329749104,0.03942652329749104,0.03942652329749104,0.03942652329749104,0.0,0.03942652329749104,0.03942652329749104,0.035842293906810034,0.02867383512544803,0.0,0.0,0.0,0.0,0.007168458781362007,0.0,0.03942652329749104,0.0,0.03942652329749104,0.0,0.03942652329749104,0.0,0.0,0.0,0.0,0.0,0.0,0.0,0.0
P1,0.008547008547008548,0.038461538461538464,0.0,0.038461538461538464,0.0,0.0,0.0,0.0,0.01282051282051282,0.03418803418803419,0.0,0.0,0.038461538461538464,0.0,0.0,0.038461538461538464,0.0,0.038461538461538464,0.038461538461538464,0.0,0.0,0.0,0.0,0.038461538461538464,0.038461538461538464,0.038461538461538464,0.0,0.0,0.038461538461538464,0.038461538461538464,0.017094017094017096,0.0,0.038461538461538464,0.0,0.038461538461538464,0.038461538461538464,0.038461538461538464,0.038461538461538464,0.038461538461538464,0.0,0.038461538461538464,0.038461538461538464,0.038461538461538464,0.03418803418803419,0.0,0.0,0.0,0.0,0.008547008547008548,0.0,0.038461538461538464,0.0,0.038461538461538464,0.0,0.038461538461538464,0.0,0.0,0.0,0.0,0.0,0.0,0.0,0.0
P5,0.0,0.0,0.039735099337748346,0.0,0.0423841059602649,0.031788079470198675,0.045033112582781455,0.02913907284768212,0.0,0.015894039735099338,0.03708609271523179,0.0,0.006622516556291391,0.030463576158940398,0.0423841059602649,0.003973509933774834,0.039735099337748346,0.0013245033112582781,0.0,0.04370860927152318,0.04370860927152318,0.04105960264900662,0.02913907284768212,0.0026490066225165563,0.0,0.0026490066225165563,0.0,0.0,0.0,0.010596026490066225,0.0,0.0,0.0,0.02119205298013245,0.0,0.006622516556291391,0.0026490066225165563,0.0,0.0,0.0,0.0013245033112582781,0.0,0.0,0.0,0.04370860927152318,0.039735099337748346,0.0,0.031788079470198675,0.0,0.039735099337748346,0.0,0.03443708609271523,0.0,0.033112582781456956,0.0013245033112582781,0.0,0.0423841059602649,0.038410596026490065,0.038410596026490065,0.0,0.02781456953642384,0.02384105960264901,0.03443708609271523
PO7,0.0,0.0,0.04310344827586207,0.0,0.04310344827586207,0.034482758620689655,0.04310344827586207,0.031609195402298854,0.0,0.011494252873563218,0.040229885057471264,0.0,0.0014367816091954023,0.033045977011494254,0.041666666666666664,0.0,0.04310344827586207,0.0,0.0,0.04310344827586207,0.04310344827586207,0.04310344827586207,0.027298850574712645,0.0,0.0,0.0,0.0,0.0,0.0,0.005747126436781609,0.0,0.0,0.0,0.022988505747126436,0.0,0.0014367816091954023,0.0,0.0,0.0,0.0,0.0,0.0,0.0,0.0,0.041666666666666664,0.041666666666666664,0.0,0.034482758620689655,0.0,0.04310344827586207,0.0,0.033045977011494254,0.0,0.035919540229885055,0.0,0.0,0.04310344827586207,0.041666666666666664,0.041666666666666664,0.0,0.03017241379310345,0.02586206896551724,0.034482758620689655
PO3,0.0,0.0,0.0,0.0,0.0,0.0,0.0,0.0,0.0,0.0,0.0,0.0,0.0,0.0,0.0,0.0,0.0,0.0,0.0,0.0,0.0,0.0,0.0,0.0,0.0,0.0,0.0,0.0,0.0,0.0,0.0,0.0,0.0,0.0,0.0,0.0,0.0,0.0,0.0,0.0,0.0,0.0,0.0,0.0,0.0,0.0,0.0,0.0,0.0,0.0,0.0,0.0,0.0,0.0,0.0,0.0,0.0,0.0,0.0,0.0,0.0,0.0,0.0
POz,0.0,0.0,0.04195804195804196,0.0,0.04195804195804196,0.03496503496503497,0.04195804195804196,0.03146853146853147,0.0,0.01048951048951049,0.04195804195804196,0.0,0.0,0.033216783216783216,0.04195804195804196,0.0,0.04195804195804196,0.0,0.0,0.04195804195804196,0.04195804195804196,0.04195804195804196,0.02972027972027972,0.0,0.0,0.0,0.0,0.0,0.0,0.0034965034965034965,0.0,0.0,0.0,0.02097902097902098,0.0,0.0,0.0,0.0,0.0,0.0,0.0,0.0,0.0,0.0,0.04195804195804196,0.04195804195804196,0.0,0.04020979020979021,0.0,0.04195804195804196,0.0,0.03671328671328671,0.0,0.03671328671328671,0.0,0.0,0.04195804195804196,0.04195804195804196,0.04195804195804196,0.0,0.02972027972027972,0.024475524475524476,0.038461538461538464
PO4,0.023809523809523808,0.03571428571428571,0.0,0.03571428571428571,0.0,0.0,0.0,0.0,0.03571428571428571,0.023809523809523808,0.0,0.0,0.03571428571428571,0.0,0.0,0.03571428571428571,0.0,0.03571428571428571,0.03571428571428571,0.0,0.0,0.0,0.0,0.03571428571428571,0.03571428571428571,0.03571428571428571,0.0,0.0,0.03571428571428571,0.03571428571428571,0.03571428571428571,0.0,0.03571428571428571,0.0,0.03571428571428571,0.03571428571428571,0.03571428571428571,0.03571428571428571,0.03571428571428571,0.0,0.03571428571428571,0.03571428571428571,0.03571428571428571,0.03571428571428571,0.0,0.0,0.0,0.0,0.023809523809523808,0.0,0.03571428571428571,0.0,0.03571428571428571,0.0,0.03571428571428571,0.0,0.0,0.0,0.0,0.0,0.0,0.0,0.0
PO8,0.0,0.0,0.04316546762589928,0.0,0.04316546762589928,0.03597122302158273,0.04316546762589928,0.033093525179856115,0.0,0.010071942446043165,0.041726618705035974,0.0,0.0,0.034532374100719423,0.04028776978417266,0.0,0.04316546762589928,0.0,0.0,0.04316546762589928,0.04316546762589928,0.04316546762589928,0.025899280575539568,0.0,0.0,0.0,0.0,0.0,0.0,0.004316546762589928,0.0,0.0,0.0,0.02446043165467626,0.0,0.0,0.0,0.0,0.0,0.0,0.0,0.0,0.0,0.0,0.04028776978417266,0.04028776978417266,0.0,0.034532374100719423,0.0,0.041726618705035974,0.0,0.031654676258992806,0.0,0.03741007194244604,0.0,0.0,0.04316546762589928,0.04316546762589928,0.04316546762589928,0.0,0.031654676258992806,0.027338129496402876,0.033093525179856115
P6,0.006389776357827476,0.04153354632587859,0.0,0.03514376996805112,0.0,0.0,0.0,0.0,0.009584664536741214,0.03514376996805112,0.0,0.0,0.04153354632587859,0.0,0.0,0.04153354632587859,0.0,0.04153354632587859,0.038338658146964855,0.0,0.0,0.0,0.0,0.038338658146964855,0.04153354632587859,0.04153354632587859,0.0,0.0,0.038338658146964855,0.038338658146964855,0.012779552715654952,0.0,0.02875399361022364,0.0,0.04153354632587859,0.04153354632587859,0.04153354632587859,0.038338658146964855,0.04153354632587859,0.0,0.04153354632587859,0.04153354632587859,0.03194888178913738,0.025559105431309903,0.0,0.0,0.0,0.0,0.006389776357827476,0.0,0.03514376996805112,0.0,0.04153354632587859,0.0,0.04153354632587859,0.0,0.0,0.0,0.0,0.0,0.0,0.0,0.0
P2,0.0,0.0,0.04020100502512563,0.0,0.04355108877721943,0.03015075376884422,0.04355108877721943,0.02680067001675042,0.0,0.01675041876046901,0.03685092127303183,0.0,0.005025125628140704,0.02847571189279732,0.04355108877721943,0.0016750418760469012,0.04020100502512563,0.0,0.0,0.04355108877721943,0.04355108877721943,0.04187604690117253,0.035175879396984924,0.0,0.0,0.0,0.0,0.0,0.0,0.010050251256281407,0.0,0.0,0.0,0.01675041876046901,0.0,0.005025125628140704,0.0,0.0,0.0,0.0,0.0,0.0,0.0,0.0,0.04355108877721943,0.04187604690117253,0.0,0.038525963149078725,0.0,0.04020100502512563,0.0,0.04187604690117253,0.0,0.031825795644891124,0.0,0.0,0.04355108877721943,0.038525963149078725,0.038525963149078725,0.0,0.02512562814070352,0.020100502512562814,0.04355108877721943
CPz,0.0032626427406199023,0.052202283849918436,0.0,0.01794453507340946,0.0,0.0,0.0,0.0,0.004893964110929853,0.024469820554649267,0.0,0.0,0.048939641109298535,0.0,0.0,0.05057096247960848,0.0,0.05872756933115824,0.021207177814029365,0.0,0.0,0.0,0.0,0.021207177814029365,0.052202283849918436,0.05872756933115824,0.0,0.0,0.01957585644371941,0.03425774877650897,0.0065252854812398045,0.0,0.01468189233278956,0.0032626427406199023,0.057096247960848286,0.048939641109298535,0.05546492659053834,0.021207177814029365,0.05872756933115824,0.0,0.052202283849918436,0.04730831973898858,0.01631321370309951,0.013050570962479609,0.0,0.0,0.0,0.0,0.0032626427406199023,0.0,0.01957585644371941,0.0,0.05546492659053834,0.0,0.05872756933115824,0.0,0.0,0.0,0.0,0.0,0.0,0.0,0.0
CP4,0.0,0.0,0.0452418096723869,0.0,0.0421216848673947,0.0452418096723869,0.0405616224648986,0.0358814352574103,0.0,0.0031201248049922,0.0452418096723869,0.0,0.0,0.0436817472698908,0.0358814352574103,0.0,0.0436817472698908,0.0,0.0,0.0405616224648986,0.0421216848673947,0.0452418096723869,0.0202808112324493,0.0,0.0,0.0,0.0,0.0,0.0,0.0,0.0,0.0,0.0,0.0327613104524181,0.0,0.0,0.0,0.0,0.0,0.0,0.0,0.0,0.0,0.0,0.0358814352574103,0.0358814352574103,0.0,0.029641185647425898,0.0,0.0374414976599064,0.0,0.0265210608424337,0.0,0.0436817472698908,0.0,0.0,0.0390015600624025,0.0421216848673947,0.0436817472698908,0.0,0.0405616224648986,0.0358814352574103,0.028081123244929798
TP8,0.0026954177897574125,0.04851752021563342,0.0,0.014824797843665768,0.0,0.0,0.004043126684636119,0.0,0.004043126684636119,0.03638814016172507,0.0,0.0,0.05660377358490566,0.0,0.0013477088948787063,0.05390835579514825,0.0,0.06199460916442048,0.01752021563342318,0.0013477088948787063,0.0013477088948787063,0.0,0.0013477088948787063,0.022911051212938006,0.04716981132075472,0.06334231805929919,0.0,0.0,0.016172506738544475,0.03908355795148248,0.005390835579514825,0.0,0.012129380053908356,0.0013477088948787063,0.04851752021563342,0.05525606469002695,0.06199460916442048,0.01752021563342318,0.05929919137466307,0.0,0.05121293800539083,0.03908355795148248,0.013477088948787063,0.01078167115902965,0.004043126684636119,0.0,0.0,0.0,0.0026954177897574125,0.0,0.016172506738544475,0.0013477088948787063,0.0444743935309973,0.0,0.06064690026954178,0.0,0.0,0.0,0.0,0.0,0.0,0.0,0.0
C6,0.0,0.0,0.0,0.0,0.0,0.0,0.0,0.0,0.0,0.0,0.0,0.0,0.0,0.0,0.0,0.0,0.0,0.0,0.0,0.0,0.0,0.0,0.0,0.0,0.0,0.0,0.0,0.0,0.0,0.0,0.0,0.0,0.0,0.0,0.0,0.0,0.0,0.0,0.0,0.0,0.0,0.0,0.0,0.0,0.0,0.0,0.0,0.0,0.0,0.0,0.0,0.0,0.0,0.0,0.0,0.0,0.0,0.0,0.0,0.0,0.0,0.0,0.0
C2,0.0,0.0,0.04289544235924933,0.0,0.04423592493297587,0.03485254691689008,0.04423592493297587,0.030831099195710455,0.0,0.012064343163538873,0.040214477211796246,0.0,0.002680965147453083,0.03351206434316354,0.040214477211796246,0.0,0.04289544235924933,0.0,0.0,0.04423592493297587,0.04423592493297587,0.04423592493297587,0.02680965147453083,0.0,0.0,0.0,0.0,0.0,0.0,0.006702412868632708,0.0,0.0,0.0,0.024128686327077747,0.0,0.002680965147453083,0.0,0.0,0.0,0.0,0.0,0.0,0.0,0.0,0.040214477211796246,0.040214477211796246,0.0,0.032171581769437,0.0,0.040214477211796246,0.0,0.032171581769437,0.0,0.036193029490616625,0.0,0.0,0.04289544235924933,0.04155495978552279,0.04155495978552279,0.0,0.030831099195710455,0.02680965147453083,0.03351206434316354
FC4,0.0,0.0,0.0446927374301676,0.0,0.04329608938547486,0.03910614525139665,0.04189944134078212,0.03212290502793296,0.0,0.008379888268156424,0.0446927374301676,0.0,0.0,0.03770949720670391,0.03770949720670391,0.0,0.0446927374301676,0.0,0.0,0.04189944134078212,0.04329608938547486,0.0446927374301676,0.023743016759776536,0.0,0.0,0.0,0.0,0.0,0.0,0.002793296089385475,0.0,0.0,0.0,0.027932960893854747,0.0,0.0,0.0,0.0,0.0,0.0,0.0,0.0,0.0,0.0,0.03770949720670391,0.03770949720670391,0.0,0.03212290502793296,0.0,0.03910614525139665,0.0,0.029329608938547486,0.0,0.040502793296089384,0.0,0.0,0.040502793296089384,0.04329608938547486,0.0446927374301676,0.0,0.034916201117318434,0.030726256983240222,0.030726256983240222
FT8,0.0,0.0,0.05269607843137255,0.0,0.049019607843137254,0.04779411764705882,0.04534313725490196,0.028186274509803922,0.0,0.007352941176470588,0.05269607843137255,0.0,0.0,0.03799019607843137,0.03308823529411765,0.0,0.04779411764705882,0.0,0.0,0.04534313725490196,0.05024509803921569,0.05269607843137255,0.020833333333333332,0.0,0.0,0.0,0.0,0.0,0.0,0.0024509803921568627,0.0,0.0,0.0,0.025735294117647058,0.0,0.0,0.0,0.0,0.0,0.0,0.0,0.0,0.0,0.0,0.03308823529411765,0.03308823529411765,0.0,0.028186274509803922,0.0,0.03431372549019608,0.0,0.025735294117647058,0.0,0.03553921568627451,0.0,0.0,0.03553921568627451,0.03799019607843137,0.05024509803921569,0.0,0.031862745098039214,0.028186274509803922,0.02696078431372549
F6,0.0,0.0,0.0,0.0,0.0,0.0,0.0,0.0,0.0,0.0,0.0,0.0,0.0,0.0,0.0,0.0,0.0,0.0,0.0,0.0,0.0,0.0,0.0,0.0,0.0,0.0,0.0,0.0,0.0,0.0,0.0,0.0,0.0,0.0,0.0,0.0,0.0,0.0,0.0,0.0,0.0,0.0,0.0,0.0,0.0,0.0,0.0,0.0,0.0,0.0,0.0,0.0,0.0,0.0,0.0,0.0,0.0,0.0,0.0,0.0,0.0,0.0,0.0
AF4,0.0,0.0,0.047787610619469026,0.0,0.04070796460176991,0.049557522123893805,0.03893805309734513,0.03716814159292035,0.0,0.0,0.04424778761061947,0.0,0.0,0.047787610619469026,0.033628318584070796,0.0,0.04247787610619469,0.0,0.0,0.03893805309734513,0.04070796460176991,0.04601769911504425,0.01592920353982301,0.0,0.0,0.0,0.0,0.0,0.0,0.0,0.0,0.0,0.0,0.04247787610619469,0.0,0.0,0.0,0.0,0.0,0.0,0.0,0.0,0.0,0.0,0.033628318584070796,0.033628318584070796,0.0,0.02654867256637168,0.0,0.035398230088495575,0.0,0.023008849557522124,0.0,0.04247787610619469,0.0,0.0,0.03716814159292035,0.04070796460176991,0.04247787610619469,0.0,0.047787610619469026,0.04601769911504425,0.024778761061946902
F2,0.0,0.0,0.0486815415821501,0.0,0.04056795131845842,0.05070993914807302,0.038539553752535496,0.036511156186612576,0.0,0.0,0.04462474645030426,0.0,0.0,0.0486815415821501,0.032454361054766734,0.0,0.04259634888438134,0.0,0.0,0.038539553752535496,0.04056795131845842,0.04665314401622718,0.012170385395537525,0.0,0.0,0.0,0.0,0.0,0.0,0.0,0.0,0.0,0.0,0.05070993914807302,0.0,0.0,0.0,0.0,0.0,0.0,0.0,0.0,0.0,0.0,0.032454361054766734,0.032454361054766734,0.0,0.02434077079107505,0.0,0.034482758620689655,0.0,0.02028397565922921,0.0,0.04259634888438134,0.0,0.0,0.036511156186612576,0.04056795131845842,0.04259634888438134,0.0,0.0486815415821501,0.05070993914807302,0.02231237322515213
FCz,0.0,0.0,0.04132231404958678,0.0,0.04297520661157025,0.03140495867768595,0.04297520661157025,0.02809917355371901,0.0,0.01487603305785124,0.03801652892561983,0.0,0.003305785123966942,0.02975206611570248,0.04297520661157025,0.0,0.04132231404958678,0.0,0.0,0.04297520661157025,0.04297520661157025,0.04297520661157025,0.03305785123966942,0.0,0.0,0.0,0.0,0.0,0.0,0.008264462809917356,0.0,0.0,0.0,0.01818181818181818,0.0,0.003305785123966942,0.0,0.0,0.0,0.0,0.0,0.0,0.0,0.0,0.04297520661157025,0.04297520661157025,0.0,0.03966942148760331,0.0,0.04132231404958678,0.0,0.03966942148760331,0.0,0.03305785123966942,0.0,0.0,0.04297520661157025,0.03966942148760331,0.03966942148760331,0.0,0.026446280991735537,0.021487603305785124,0.04132231404958678
