,bankssts-lh,bankssts-rh,caudalanteriorcingulate-lh,caudalanteriorcingulate-rh,caudalmiddlefrontal-lh,caudalmiddlefrontal-rh,cuneus-lh,cuneus-rh,entorhinal-lh,entorhinal-rh,frontalpole-lh,frontalpole-rh,fusiform-lh,fusiform-rh,inferiorparietal-lh,inferiorparietal-rh,inferiortemporal-lh,inferiortemporal-rh,insula-lh,insula-rh,isthmuscingulate-lh,isthmuscingulate-rh,lateraloccipital-lh,lateraloccipital-rh,lateralorbitofrontal-lh,lateralorbitofrontal-rh,lingual-lh,lingual-rh,medialorbitofrontal-lh,medialorbitofrontal-rh,middletemporal-lh,middletemporal-rh,paracentral-lh,paracentral-rh,parahippocampal-lh,parahippocampal-rh,parsopercularis-lh,parsopercularis-rh,parsorbitalis-lh,parsorbitalis-rh,parstriangularis-lh,parstriangularis-rh,pericalcarine-lh,pericalcarine-rh,postcentral-lh,postcentral-rh,posteriorcingulate-lh,posteriorcingulate-rh,precentral-lh,precentral-rh,precuneus-lh,precuneus-rh,rostralanteriorcingulate-lh,rostralanteriorcingulate-rh,rostralmiddlefrontal-lh,rostralmiddlefrontal-rh,superiorfrontal-lh,superiorfrontal-rh,superiorparietal-lh,superiorparietal-rh,superiortemporal-lh,superiortemporal-rh,supramarginal-lh,supramarginal-rh,temporalpole-lh,temporalpole-rh,transversetemporal-lh,transversetemporal-rh
bankssts-lh,0.0,0.0,0.0,0.0,0.0,0.0,0.0,0.0,0.0,0.0,0.0,0.0,0.0,0.0,0.0,0.0,0.0,0.0,0.0,0.0,0.0,0.0,0.0,0.0,0.0,0.0,0.0,0.0,0.0,0.0,0.0,0.0,0.0,0.0,0.0,0.0,0.0,0.0,0.0,0.0,0.0,0.0,0.0,0.0,0.0,0.0,0.0,0.0,0.0,0.0,0.0,0.0,0.0,0.0,0.0,0.0,0.0,0.0,0.0,0.0,0.0,0.0,0.0,0.0,0.0,0.0,0.0,0.0
bankssts-rh,0.0,1.0,0.0,0.0,0.0,0.0,0.0,0.0,0.0,0.0,0.0,0.0,0.0,0.0,0.0,0.0,0.0,0.0,0.0,0.0,0.0,0.0,0.0,0.0,0.0,0.0,0.0,0.0,0.0,0.0,0.0,0.0,0.0,0.0,0.0,0.0,0.0,0.0,0.0,0.0,0.0,0.0,0.0,0.0,0.0,0.0,0.0,0.0,0.0,0.0,0.0,0.0,0.0,0.0,0.0,0.0,0.0,0.0,0.0,0.0,0.0,0.0,0.0,0.0,0.0,0.0,0.0,0.0
caudalanteriorcingulate-lh,0.0,0.0,0.0,0.0,0.0,0.0,0.0,0.0,0.0,0.0,0.0,0.0,0.0,0.0,0.0,0.0,0.0,0.0,0.0,0.0,0.0,0.0,0.0,0.0,0.0,0.0,0.0,0.0,0.0,0.0,0.0,0.0,0.0,0.0,0.0,0.0,0.0,0.0,0.0,0.0,0.0,0.0,0.0,0.0,0.0,0.0,0.0,0.0,0.0,0.0,0.0,0.0,0.0,0.0,0.0,0.0,0.0,0.0,0.0,0.0,0.0,0.0,0.0,0.0,0.0,0.0,0.0,0.0
caudalanteriorcingulate-rh,0.0,0.0,0.0,0.0,0.0,0.0,0.0,0.0,0.0,0.0,0.0,0.0,0.0,0.0,0.0,0.0,0.0,0.0,0.0,0.0,0.0,0.0,0.0,0.0,0.0,0.0,0.0,0.0,0.0,0.0,0.0,0.0,0.0,0.0,0.0,0.0,0.0,0.0,0.0,0.0,0.0,0.0,0.0,0.0,0.0,0.0,0.0,0.0,0.0,0.0,0.0,0.0,0.0,0.0,0.0,0.0,0.0,0.0,0.0,0.0,0.0,0.0,0.0,0.0,0.0,0.0,0.0,0.0
caudalmiddlefrontal-lh,0.0,0.0,0.0,0.0,0.32727272727272727,0.0,0.0,0.0,0.0,0.0,0.0,0.0,0.0,0.0,0.0,0.0,0.0,0.0,0.0,0.0,0.0,0.0,0.0,0.0,0.0,0.0,0.0,0.0,0.0,0.0,0.0,0.0,0.09090909090909091,0.0,0.0,0.0,0.12727272727272726,0.05454545454545454,0.0,0.0,0.0,0.0,0.0,0.0,0.0,0.0,0.0,0.0,0.16363636363636364,0.0,0.0,0.0,0.0,0.0,0.14545454545454545,0.0,0.0,0.0,0.0,0.0,0.0,0.0,0.09090909090909091,0.0,0.0,0.0,0.0,0.0
caudalmiddlefrontal-rh,0.0,0.0,0.0,0.0,0.0,0.23529411764705882,0.0,0.0,0.0,0.08144796380090498,0.0,0.0,0.0,0.0,0.0,0.0,0.0,0.004524886877828055,0.0,0.03167420814479638,0.0,0.0,0.0,0.0,0.0,0.058823529411764705,0.0,0.03167420814479638,0.02262443438914027,0.0,0.0,0.00904977375565611,0.0,0.01809954751131222,0.0,0.0,0.0,0.04072398190045249,0.0,0.06787330316742081,0.0,0.013574660633484163,0.0,0.0,0.0,0.0,0.0,0.0,0.0,0.04524886877828054,0.0,0.0,0.049773755656108594,0.05429864253393665,0.0,0.04072398190045249,0.0,0.06334841628959276,0.0,0.05429864253393665,0.0,0.0,0.0,0.0,0.00904977375565611,0.0,0.0,0.06787330316742081
cuneus-lh,0.0,0.0,0.0,0.0,0.0,0.0,0.0,0.0,0.0,0.0,0.0,0.0,0.0,0.0,0.0,0.0,0.0,0.0,0.0,0.0,0.0,0.0,0.0,0.0,0.0,0.0,0.0,0.0,0.0,0.0,0.0,0.0,0.0,0.0,0.0,0.0,0.0,0.0,0.0,0.0,0.0,0.0,0.0,0.0,0.0,0.0,0.0,0.0,0.0,0.0,0.0,0.0,0.0,0.0,0.0,0.0,0.0,0.0,0.0,0.0,0.0,0.0,0.0,0.0,0.0,0.0,0.0,0.0
cuneus-rh,0.0,0.0,0.0,0.0,0.0,0.0,0.0,0.0,0.0,0.0,0.0,0.0,0.0,0.0,0.0,0.0,0.0,0.0,0.0,0.0,0.0,0.0,0.0,0.0,0.0,0.0,0.0,0.0,0.0,0.0,0.0,0.0,0.0,0.0,0.0,0.0,0.0,0.0,0.0,0.0,0.0,0.0,0.0,0.0,0.0,0.0,0.0,0.0,0.0,0.0,0.0,0.0,0.0,0.0,0.0,0.0,0.0,0.0,0.0,0.0,0.0,0.0,0.0,0.0,0.0,0.0,0.0,0.0
entorhinal-lh,0.0,0.0,0.0,0.0,0.0,0.0,0.0,0.0,0.3333333333333333,0.0,0.0,0.0,0.0,0.6666666666666666,0.0,0.0,0.0,0.0,0.0,0.0,0.0,0.0,0.0,0.0,0.0,0.0,0.0,0.0,0.0,0.0,0.0,0.0,0.0,0.0,0.0,0.0,0.0,0.0,0.0,0.0,0.0,0.0,0.0,0.0,0.0,0.0,0.0,0.0,0.0,0.0,0.0,0.0,0.0,0.0,0.0,0.0,0.0,0.0,0.0,0.0,0.0,0.0,0.0,0.0,0.0,0.0,0.0,0.0
entorhinal-rh,0.0,0.0,0.0,0.0,0.0,0.11585365853658537,0.0,0.0,0.0,0.17073170731707318,0.0,0.0,0.0,0.0,0.0,0.0,0.0,0.012195121951219513,0.0,0.018292682926829267,0.0,0.0,0.07317073170731707,0.0,0.0,0.0,0.0,0.012195121951219513,0.03048780487804878,0.04878048780487805,0.0,0.0,0.0,0.012195121951219513,0.0,0.0,0.0,0.07926829268292683,0.0,0.006097560975609756,0.0,0.054878048780487805,0.054878048780487805,0.0,0.0,0.006097560975609756,0.0,0.0,0.0,0.042682926829268296,0.054878048780487805,0.0,0.0,0.0,0.006097560975609756,0.018292682926829267,0.0,0.018292682926829267,0.0,0.07317073170731707,0.0,0.0,0.0,0.0,0.0,0.0,0.0,0.09146341463414634
frontalpole-lh,0.0,0.0,0.0,0.0,0.0,0.0,0.0,0.0,0.0,0.0,0.0,0.0,0.0,0.0,0.0,0.0,0.0,0.0,0.0,0.0,0.0,0.0,0.0,0.0,0.0,0.0,0.0,0.0,0.0,0.0,0.0,0.0,0.0,0.0,0.0,0.0,0.0,0.0,0.0,0.0,0.0,0.0,0.0,0.0,0.0,0.0,0.0,0.0,0.0,0.0,0.0,0.0,0.0,0.0,0.0,0.0,0.0,0.0,0.0,0.0,0.0,0.0,0.0,0.0,0.0,0.0,0.0,0.0
frontalpole-rh,0.0,0.0,0.0,0.0,0.0,0.0,0.0,0.0,0.0,0.0,0.0,0.0,0.0,0.0,0.0,0.0,0.0,0.0,0.0,0.0,0.0,0.0,0.0,0.0,0.0,0.0,0.0,0.0,0.0,0.0,0.0,0.0,0.0,0.0,0.0,0.0,0.0,0.0,0.0,0.0,0.0,0.0,0.0,0.0,0.0,0.0,0.0,0.0,0.0,0.0,0.0,0.0,0.0,0.0,0.0,0.0,0.0,0.0,0.0,0.0,0.0,0.0,0.0,0.0,0.0,0.0,0.0,0.0
fusiform-lh,0.0,0.0,0.0,0.0,0.0,0.0,0.0,0.0,0.0,0.0,0.0,0.0,0.0,0.0,0.0,0.0,0.0,0.0,0.0,0.0,0.0,0.0,0.0,0.0,0.0,0.0,0.0,0.0,0.0,0.0,0.0,0.0,0.0,0.0,0.0,0.0,0.0,0.0,0.0,0.0,0.0,0.0,0.0,0.0,0.0,0.0,0.0,0.0,0.0,0.0,0.0,0.0,0.0,0.0,0.0,0.0,0.0,0.0,0.0,0.0,0.0,0.0,0.0,0.0,0.0,0.0,0.0,0.0
fusiform-rh,0.0,0.0,0.0,0.0,0.0,0.0,0.0,0.0,0.04,0.0,0.0,0.0,0.0,0.8,0.0,0.0,0.0,0.0,0.0,0.0,0.0,0.0,0.0,0.0,0.0,0.0,0.0,0.0,0.0,0.0,0.0,0.0,0.0,0.0,0.0,0.12,0.0,0.0,0.0,0.0,0.0,0.0,0.0,0.0,0.0,0.0,0.0,0.0,0.0,0.0,0.0,0.0,0.0,0.0,0.0,0.0,0.0,0.0,0.0,0.0,0.0,0.0,0.0,0.0,0.04,0.0,0.0,0.0
inferiorparietal-lh,0.0,0.0,0.0,0.0,0.0,0.0,0.0,0.0,0.0,0.0,0.0,0.0,0.0,0.0,0.0,0.0,0.0,0.0,0.0,0.0,0.0,0.0,0.0,0.0,0.0,0.0,0.0,0.0,0.0,0.0,0.0,0.0,0.0,0.0,0.0,0.0,0.0,0.0,0.0,0.0,0.0,0.0,0.0,0.0,0.0,0.0,0.0,0.0,0.0,0.0,0.0,0.0,0.0,0.0,0.0,0.0,0.0,0.0,0.0,0.0,0.0,0.0,0.0,0.0,0.0,0.0,0.0,0.0
inferiorparietal-rh,0.0,0.0,0.0,0.0,0.0,0.0,0.0,0.0,0.0,0.0,0.0,0.0,0.0,0.0,0.0,0.3333333333333333,0.0,0.0,0.0,0.0,0.0,0.0,0.0,0.0,0.0,0.0,0.0,0.0,0.0,0.0,0.0,0.0,0.0,0.0,0.0,0.0,0.0,0.0,0.0,0.0,0.0,0.0,0.0,0.0,0.5,0.0,0.0,0.0,0.0,0.0,0.0,0.0,0.0,0.0,0.0,0.0,0.0,0.0,0.0,0.0,0.0,0.0,0.16666666666666666,0.0,0.0,0.0,0.0,0.0
inferiortemporal-lh,0.0,0.0,0.0,0.0,0.0,0.0,0.0,0.0,0.0,0.0,0.0,0.0,0.0,0.0,0.0,0.0,0.0,0.0,0.0,0.0,0.0,0.0,0.0,0.0,0.0,0.0,0.0,0.0,0.0,0.0,0.0,0.0,0.0,0.0,0.0,0.0,0.0,0.0,0.0,0.0,0.0,0.0,0.0,0.0,0.0,0.0,0.0,0.0,0.0,0.0,0.0,0.0,0.0,0.0,0.0,0.0,0.0,0.0,0.0,0.0,0.0,0.0,0.0,0.0,0.0,0.0,0.0,0.0
inferiortemporal-rh,0.0,0.0,0.0,0.0,0.0,0.0,0.0,0.0,0.0,0.0,0.0,0.0,0.0,0.0,0.0,0.0,0.0,0.2077922077922078,0.0,0.03896103896103896,0.0,0.0,0.0,0.0,0.0,0.0,0.0,0.0,0.0,0.09090909090909091,0.0,0.012987012987012988,0.0,0.0,0.0,0.0,0.0,0.03896103896103896,0.0,0.22077922077922077,0.0,0.0,0.0,0.0,0.0,0.0,0.0,0.0,0.0,0.0,0.0,0.0,0.0,0.0,0.0,0.0,0.0,0.0,0.0,0.14285714285714285,0.0,0.16883116883116883,0.0,0.0,0.0,0.06493506493506493,0.0,0.012987012987012988
insula-lh,0.0,0.0,0.0,0.0,0.0,0.0,0.0,0.0,0.0,0.0,0.0,0.0,0.0,0.0,0.0,0.0,0.0,0.0,0.0,0.0,0.0,0.0,0.0,0.0,0.0,0.0,0.0,0.0,0.0,0.0,0.0,0.0,0.0,0.0,0.0,0.0,0.0,0.0,0.0,0.0,0.0,0.0,0.0,0.0,0.0,0.0,0.0,0.0,0.0,0.0,0.0,0.0,0.0,0.0,0.0,0.0,0.0,0.0,0.0,0.0,0.0,0.0,0.0,0.0,0.0,0.0,0.0,0.0
insula-rh,0.0,0.0,0.0,0.0,0.0,0.02358490566037736,0.0,0.0,0.0,0.02358490566037736,0.0,0.0,0.0,0.0,0.0,0.0,0.0,0.0047169811320754715,0.0,0.18396226415094338,0.0,0.0,0.07075471698113207,0.0,0.0,0.018867924528301886,0.0,0.0,0.0,0.08490566037735849,0.0,0.03773584905660377,0.0,0.0,0.0,0.0,0.0,0.16981132075471697,0.0,0.06132075471698113,0.0,0.02358490566037736,0.018867924528301886,0.0,0.0,0.0,0.0,0.0,0.009433962264150943,0.0,0.02830188679245283,0.0,0.0,0.07075471698113207,0.018867924528301886,0.07547169811320754,0.018867924528301886,0.0,0.0,0.0,0.0,0.02358490566037736,0.0,0.0,0.0,0.0,0.0,0.0330188679245283
isthmuscingulate-lh,0.0,0.0,0.0,0.0,0.0,0.0,0.0,0.0,0.0,0.0,0.0,0.0,0.0,0.0,0.0,0.0,0.0,0.0,0.0,0.0,0.0,0.0,0.0,0.0,0.0,0.0,0.0,0.0,0.0,0.0,0.0,0.0,0.0,0.0,0.0,0.0,0.0,0.0,0.0,0.0,0.0,0.0,0.0,0.0,0.0,0.0,0.0,0.0,0.0,0.0,0.0,0.0,0.0,0.0,0.0,0.0,0.0,0.0,0.0,0.0,0.0,0.0,0.0,0.0,0.0,0.0,0.0,0.0
isthmuscingulate-rh,0.0,0.0,0.0,0.0,0.0,0.0,0.0,0.0,0.0,0.0,0.0,0.0,0.0,0.0,0.0,0.0,0.0,0.0,0.0,0.0,0.0,0.0,0.0,0.0,0.0,0.0,0.0,0.0,0.0,0.0,0.0,0.0,0.0,0.0,0.0,0.0,0.0,0.0,0.0,0.0,0.0,0.0,0.0,0.0,0.0,0.0,0.0,0.0,0.0,0.0,0.0,0.0,0.0,0.0,0.0,0.0,0.0,0.0,0.0,0.0,0.0,0.0,0.0,0.0,0.0,0.0,0.0,0.0
lateraloccipital-lh,0.0,0.0,0.0,0.0,0.0,0.0,0.0,0.0,0.0,0.0759493670886076,0.0,0.0,0.0,0.0,0.0,0.0,0.0,0.0,0.0,0.056962025316455694,0.0,0.0,0.18354430379746836,0.0,0.0,0.006329113924050633,0.0,0.0,0.0,0.13291139240506328,0.0,0.0,0.0,0.0,0.0,0.0,0.0,0.13291139240506328,0.0,0.0,0.0,0.06962025316455696,0.08227848101265822,0.0,0.03164556962025317,0.0,0.0,0.0,0.006329113924050633,0.0,0.0759493670886076,0.0,0.012658227848101266,0.0,0.05063291139240506,0.0189873417721519,0.03164556962025317,0.0,0.0,0.0,0.0,0.0,0.006329113924050633,0.0,0.0,0.0,0.0,0.02531645569620253
lateraloccipital-rh,0.0,0.0,0.0,0.0,0.0,0.0,0.0,0.0,0.0,0.0,0.0,0.0,0.0,0.0,0.0,0.0,0.0,0.0,0.0,0.0,0.0,0.0,0.0,1.0,0.0,0.0,0.0,0.0,0.0,0.0,0.0,0.0,0.0,0.0,0.0,0.0,0.0,0.0,0.0,0.0,0.0,0.0,0.0,0.0,0.0,0.0,0.0,0.0,0.0,0.0,0.0,0.0,0.0,0.0,0.0,0.0,0.0,0.0,0.0,0.0,0.0,0.0,0.0,0.0,0.0,0.0,0.0,0.0
lateralorbitofrontal-lh,0.0,0.0,0.0,0.0,0.0,0.0,0.0,0.0,0.0,0.0,0.0,0.0,0.0,0.0,0.0,0.0,0.0,0.0,0.0,0.0,0.0,0.0,0.0,0.0,0.0,0.0,0.0,0.0,0.0,0.0,0.0,0.0,0.0,0.0,0.0,0.0,0.0,0.0,0.0,0.0,0.0,0.0,0.0,0.0,0.0,0.0,0.0,0.0,0.0,0.0,0.0,0.0,0.0,0.0,0.0,0.0,0.0,0.0,0.0,0.0,0.0,0.0,0.0,0.0,0.0,0.0,0.0,0.0
lateralorbitofrontal-rh,0.0,0.0,0.0,0.0,0.0,0.10377358490566038,0.0,0.0,0.0,0.0,0.0,0.0,0.0,0.0,0.0,0.0,0.0,0.0,0.0,0.05660377358490566,0.0,0.0,0.0,0.0,0.0,0.2641509433962264,0.0,0.0,0.0,0.0,0.0,0.0,0.0,0.0,0.0,0.0,0.0,0.018867924528301886,0.0,0.2358490566037736,0.0,0.0,0.0,0.0,0.0,0.0,0.0,0.0,0.0,0.018867924528301886,0.0,0.0,0.10377358490566038,0.11320754716981132,0.0,0.0660377358490566,0.0,0.0,0.0,0.0,0.0,0.0,0.0,0.0,0.0,0.0,0.0,0.018867924528301886
lingual-lh,0.0,0.0,0.0,0.0,0.0,0.0,0.0,0.0,0.0,0.0,0.0,0.0,0.0,0.0,0.0,0.0,0.0,0.0,0.0,0.0,0.0,0.0,0.0,0.0,0.0,0.0,0.0,0.0,0.0,0.0,0.0,0.0,0.0,0.0,0.0,0.0,0.0,0.0,0.0,0.0,0.0,0.0,0.0,0.0,0.0,0.0,0.0,0.0,0.0,0.0,0.0,0.0,0.0,0.0,0.0,0.0,0.0,0.0,0.0,0.0,0.0,0.0,0.0,0.0,0.0,0.0,0.0,0.0
lingual-rh,0.0,0.0,0.0,0.0,0.0,0.024390243902439025,0.0,0.0,0.0,0.0,0.0,0.0,0.0,0.0,0.0,0.0,0.0,0.0,0.0,0.0,0.0,0.0,0.0,0.0,0.0,0.0,0.0,0.5121951219512195,0.0,0.0,0.0,0.0,0.0,0.032520325203252036,0.0,0.07317073170731707,0.0,0.0,0.0,0.0,0.0,0.0,0.0,0.0975609756097561,0.0,0.0,0.0,0.0,0.0,0.024390243902439025,0.0,0.0,0.0,0.0,0.0,0.0,0.0,0.13821138211382114,0.0,0.016260162601626018,0.0,0.0,0.0,0.0,0.08130081300813008,0.0,0.0,0.0
medialorbitofrontal-lh,0.0,0.0,0.0,0.0,0.0,0.22580645161290322,0.0,0.0,0.0,0.22580645161290322,0.0,0.0,0.0,0.0,0.0,0.0,0.0,0.0,0.0,0.0,0.0,0.0,0.0,0.0,0.0,0.0,0.0,0.0,0.1935483870967742,0.0,0.0,0.0,0.0,0.0,0.0,0.0,0.0,0.0,0.0,0.0,0.0,0.0,0.0,0.0,0.0,0.0,0.0,0.0,0.0,0.0,0.0,0.0,0.0,0.0,0.0,0.0,0.0,0.0,0.0,0.1935483870967742,0.0,0.0,0.0,0.0,0.0,0.0,0.0,0.16129032258064516
medialorbitofrontal-rh,0.0,0.0,0.0,0.0,0.0,0.0,0.0,0.0,0.0,0.04424778761061947,0.0,0.0,0.0,0.0,0.0,0.0,0.0,0.035398230088495575,0.0,0.05309734513274336,0.0,0.0,0.09292035398230089,0.0,0.0,0.008849557522123894,0.0,0.0,0.0,0.18584070796460178,0.0,0.0,0.0,0.0,0.0,0.0,0.0,0.12831858407079647,0.0,0.04424778761061947,0.0,0.08849557522123894,0.035398230088495575,0.0,0.0,0.0,0.0,0.0,0.004424778761061947,0.0,0.04424778761061947,0.0,0.017699115044247787,0.0,0.03982300884955752,0.01327433628318584,0.061946902654867256,0.0,0.0,0.017699115044247787,0.0,0.02654867256637168,0.0,0.0,0.0,0.022123893805309734,0.0,0.035398230088495575
middletemporal-lh,0.0,0.0,0.0,0.0,0.0,0.0,0.0,0.0,0.0,0.0,0.0,0.0,0.0,0.0,0.0,0.0,0.0,0.0,0.0,0.0,0.0,0.0,0.0,0.0,0.0,0.0,0.0,0.0,0.0,0.0,0.0,0.0,0.0,0.0,0.0,0.0,0.0,0.0,0.0,0.0,0.0,0.0,0.0,0.0,0.0,0.0,0.0,0.0,0.0,0.0,0.0,0.0,0.0,0.0,0.0,0.0,0.0,0.0,0.0,0.0,0.0,0.0,0.0,0.0,0.0,0.0,0.0,0.0
middletemporal-rh,0.0,0.0,0.0,0.0,0.0,0.10256410256410256,0.0,0.0,0.0,0.0,0.0,0.0,0.0,0.0,0.0,0.0,0.0,0.0,0.0,0.15384615384615385,0.0,0.0,0.0,0.0,0.0,0.02564102564102564,0.0,0.0,0.0,0.0,0.0,0.2564102564102564,0.0,0.0,0.0,0.0,0.0,0.3076923076923077,0.0,0.02564102564102564,0.0,0.0,0.0,0.0,0.0,0.02564102564102564,0.0,0.0,0.0,0.0,0.0,0.0,0.0,0.0,0.0,0.0,0.0,0.0,0.0,0.0,0.0,0.07692307692307693,0.0,0.0,0.0,0.0,0.0,0.02564102564102564
paracentral-lh,0.0,0.0,0.0,0.0,0.09375,0.0,0.0,0.0,0.0,0.0,0.0,0.0,0.0,0.0,0.0,0.0,0.0,0.0,0.0,0.0,0.0,0.0,0.0,0.0,0.0,0.0,0.0,0.0,0.0,0.0,0.0,0.0,0.375,0.0,0.0,0.0,0.0,0.0,0.0,0.0,0.0,0.0,0.0,0.0,0.15625,0.0,0.0,0.0,0.1875,0.0,0.0,0.0,0.0,0.0,0.1875,0.0,0.0,0.0,0.0,0.0,0.0,0.0,0.0,0.0,0.0,0.0,0.0,0.0
paracentral-rh,0.0,0.0,0.0,0.0,0.0,0.06060606060606061,0.0,0.0,0.0,0.0,0.0,0.0,0.0,0.0,0.0,0.0,0.0,0.0,0.0,0.0,0.0,0.0,0.0,0.0,0.0,0.0,0.0,0.12121212121212122,0.0,0.0,0.0,0.0,0.0,0.3939393939393939,0.0,0.0,0.0,0.0,0.0,0.09090909090909091,0.0,0.0,0.0,0.0,0.0,0.0,0.0,0.0,0.0,0.12121212121212122,0.0,0.0,0.0,0.0,0.0,0.0,0.0,0.15151515151515152,0.0,0.06060606060606061,0.0,0.0,0.0,0.0,0.0,0.0,0.0,0.0
parahippocampal-lh,0.0,0.0,0.0,0.0,0.0,0.0,0.0,0.0,0.0,0.0,0.0,0.0,0.0,0.0,0.0,0.0,0.0,0.0,0.0,0.0,0.0,0.0,0.0,0.0,0.0,0.0,0.0,0.0,0.0,0.0,0.0,0.0,0.0,0.0,0.0,0.0,0.0,0.0,0.0,0.0,0.0,0.0,0.0,0.0,0.0,0.0,0.0,0.0,0.0,0.0,0.0,0.0,0.0,0.0,0.0,0.0,0.0,0.0,0.0,0.0,0.0,0.0,0.0,0.0,0.0,0.0,0.0,0.0
parahippocampal-rh,0.0,0.0,0.0,0.0,0.0,0.0,0.0,0.0,0.0,0.0,0.0,0.0,0.0,0.0,0.0,0.0,0.0,0.0,0.0,0.0,0.0,0.0,0.0,0.0,0.0,0.0,0.0,0.28888888888888886,0.0,0.0,0.0,0.0,0.0,0.0,0.0,0.3333333333333333,0.0,0.0,0.0,0.0,0.0,0.0,0.0,0.0,0.0,0.0,0.0,0.0,0.0,0.0,0.0,0.0,0.0,0.0,0.0,0.0,0.0,0.2222222222222222,0.0,0.0,0.0,0.0,0.0,0.0,0.15555555555555556,0.0,0.0,0.0
parsopercularis-lh,0.0,0.0,0.0,0.0,0.21621621621621623,0.0,0.0,0.0,0.0,0.0,0.0,0.0,0.0,0.0,0.0,0.0,0.0,0.0,0.0,0.0,0.0,0.0,0.0,0.0,0.0,0.0,0.0,0.0,0.0,0.0,0.0,0.0,0.0,0.0,0.0,0.0,0.3783783783783784,0.02702702702702703,0.0,0.0,0.0,0.0,0.0,0.0,0.0,0.0,0.0,0.0,0.08108108108108109,0.0,0.0,0.0,0.0,0.02702702702702703,0.05405405405405406,0.0,0.0,0.0,0.0,0.0,0.0,0.0,0.21621621621621623,0.0,0.0,0.0,0.0,0.0
parsopercularis-rh,0.0,0.0,0.0,0.0,0.0029585798816568047,0.03254437869822485,0.0,0.0,0.0,0.05325443786982249,0.0,0.0,0.0,0.0,0.0,0.0,0.0,0.0029585798816568047,0.0,0.08579881656804733,0.0,0.0,0.07396449704142012,0.0,0.0,0.005917159763313609,0.0,0.0,0.005917159763313609,0.09467455621301775,0.0,0.03254437869822485,0.0,0.0,0.0,0.0,0.0,0.20414201183431951,0.0,0.014792899408284023,0.0,0.04142011834319527,0.026627218934911243,0.0,0.008875739644970414,0.020710059171597635,0.0,0.0,0.026627218934911243,0.008875739644970414,0.03550295857988166,0.0,0.0,0.020710059171597635,0.047337278106508875,0.03254437869822485,0.03254437869822485,0.0,0.0,0.014792899408284023,0.0,0.014792899408284023,0.0,0.0,0.0,0.0,0.0,0.05917159763313609
parsorbitalis-lh,0.0,0.0,0.0,0.0,0.0,0.0,0.0,0.0,0.0,0.0,0.0,0.0,0.0,0.0,0.0,0.0,0.0,0.0,0.0,0.0,0.0,0.0,0.0,0.0,0.0,0.0,0.0,0.0,0.0,0.0,0.0,0.0,0.0,0.0,0.0,0.0,0.0,0.0,0.0,0.0,0.0,0.0,0.0,0.0,0.0,0.0,0.0,0.0,0.0,0.0,0.0,0.0,0.0,0.0,0.0,0.0,0.0,0.0,0.0,0.0,0.0,0.0,0.0,0.0,0.0,0.0,0.0,0.0
parsorbitalis-rh,0.0,0.0,0.0,0.0,0.0,0.051587301587301584,0.0,0.0,0.0,0.0,0.0,0.0,0.0,0.0,0.0,0.0,0.0,0.05555555555555555,0.0,0.07539682539682539,0.0,0.0,0.0,0.0,0.0,0.07142857142857142,0.0,0.0,0.0,0.03968253968253968,0.0,0.011904761904761904,0.0,0.027777777777777776,0.0,0.0,0.0,0.04365079365079365,0.0,0.2777777777777778,0.0,0.0,0.0,0.0,0.0,0.0,0.0,0.0,0.0,0.015873015873015872,0.0,0.015873015873015872,0.023809523809523808,0.07936507936507936,0.0,0.031746031746031744,0.011904761904761904,0.0,0.0,0.06746031746031746,0.0,0.05952380952380952,0.0,0.0,0.0,0.015873015873015872,0.0,0.023809523809523808
parstriangularis-lh,0.0,0.0,0.0,0.0,0.0,0.0,0.0,0.0,0.0,0.0,0.0,0.0,0.0,0.0,0.0,0.0,0.0,0.0,0.0,0.0,0.0,0.0,0.0,0.0,0.0,0.0,0.0,0.0,0.0,0.0,0.0,0.0,0.0,0.0,0.0,0.0,0.0,0.0,0.0,0.0,0.0,0.0,0.0,0.0,0.0,0.0,0.0,0.0,0.0,0.0,0.0,0.0,0.0,0.0,0.0,0.0,0.0,0.0,0.0,0.0,0.0,0.0,0.0,0.0,0.0,0.0,0.0,0.0
parstriangularis-rh,0.0,0.0,0.0,0.0,0.0,0.056074766355140186,0.0,0.0,0.0,0.07476635514018691,0.0,0.0,0.0,0.0,0.0,0.0,0.0,0.0,0.0,0.028037383177570093,0.0,0.0,0.09345794392523364,0.0,0.0,0.009345794392523364,0.0,0.0,0.0,0.1308411214953271,0.0,0.0,0.0,0.0,0.0,0.0,0.0,0.09345794392523364,0.0,0.0,0.0,0.2336448598130841,0.09345794392523364,0.0,0.0,0.0,0.0,0.0,0.0,0.0,0.06542056074766354,0.0,0.07476635514018691,0.0,0.0,0.0,0.018691588785046728,0.028037383177570093,0.0,0.0,0.0,0.0,0.0,0.0,0.0,0.0,0.0,0.0
pericalcarine-lh,0.0,0.0,0.0,0.0,0.0,0.0,0.0,0.0,0.0,0.08928571428571429,0.0,0.0,0.0,0.0,0.0,0.0,0.0,0.0,0.0,0.03571428571428571,0.0,0.0,0.16071428571428573,0.0,0.0,0.05357142857142857,0.0,0.0,0.0,0.125,0.0,0.0,0.0,0.0,0.0,0.0,0.0,0.08928571428571429,0.0,0.0,0.0,0.10714285714285714,0.19642857142857142,0.0,0.0,0.0,0.0,0.0,0.0,0.0,0.07142857142857142,0.0,0.07142857142857142,0.0,0.0,0.0,0.0,0.0,0.0,0.0,0.0,0.0,0.0,0.0,0.0,0.0,0.0,0.0
pericalcarine-rh,0.0,0.0,0.0,0.0,0.0,0.0,0.0,0.0,0.0,0.0,0.0,0.0,0.0,0.0,0.0,0.0,0.0,0.0,0.0,0.0,0.0,0.0,0.0,0.022222222222222223,0.0,0.0,0.0,0.2222222222222222,0.0,0.0,0.0,0.0,0.0,0.0,0.0,0.0,0.0,0.0,0.0,0.0,0.0,0.0,0.0,0.7555555555555555,0.0,0.0,0.0,0.0,0.0,0.0,0.0,0.0,0.0,0.0,0.0,0.0,0.0,0.0,0.0,0.0,0.0,0.0,0.0,0.0,0.0,0.0,0.0,0.0
postcentral-lh,0.0,0.0,0.0,0.0,0.0,0.0,0.0,0.0,0.0,0.0,0.0,0.0,0.0,0.0,0.0,0.04411764705882353,0.0,0.0,0.0,0.0,0.0,0.0,0.08823529411764706,0.0,0.0,0.0,0.0,0.0,0.0,0.0,0.0,0.0,0.029411764705882353,0.0,0.0,0.0,0.0,0.014705882352941176,0.0,0.0,0.0,0.0,0.0,0.0,0.4264705882352941,0.0,0.0,0.0,0.10294117647058823,0.0,0.0,0.0,0.0,0.0,0.1323529411764706,0.0,0.0,0.0,0.0,0.0,0.0,0.0,0.16176470588235295,0.0,0.0,0.0,0.0,0.0
postcentral-rh,0.0,0.0,0.0,0.0,0.0,0.04878048780487805,0.0,0.0,0.0,0.07317073170731707,0.0,0.0,0.0,0.0,0.0,0.0,0.0,0.0,0.0,0.0,0.0,0.0,0.0,0.0,0.0,0.0,0.0,0.0,0.024390243902439025,0.0,0.0,0.0,0.0,0.0,0.0,0.0,0.0,0.1951219512195122,0.0,0.0,0.0,0.0,0.0,0.0,0.0,0.34146341463414637,0.0,0.0,0.0,0.0,0.0,0.0,0.0,0.0,0.0,0.0,0.0,0.0,0.0,0.07317073170731707,0.0,0.0,0.0,0.0,0.0,0.0,0.0,0.24390243902439024
posteriorcingulate-lh,0.0,0.0,0.0,0.0,0.0,0.0,0.0,0.0,0.0,0.0,0.0,0.0,0.0,0.0,0.0,0.0,0.0,0.0,0.0,0.0,0.0,0.0,0.0,0.0,0.0,0.0,0.0,0.0,0.0,0.0,0.0,0.0,0.0,0.0,0.0,0.0,0.0,0.0,0.0,0.0,0.0,0.0,0.0,0.0,0.0,0.0,0.0,0.0,0.0,0.0,0.0,0.0,0.0,0.0,0.0,0.0,0.0,0.0,0.0,0.0,0.0,0.0,0.0,0.0,0.0,0.0,0.0,0.0
posteriorcingulate-rh,0.0,0.0,0.0,0.0,0.0,0.0,0.0,0.0,0.0,0.0,0.0,0.0,0.0,0.0,0.0,0.0,0.0,0.0,0.0,0.0,0.0,0.0,0.0,0.0,0.0,0.0,0.0,0.0,0.0,0.0,0.0,0.0,0.0,0.0,0.0,0.0,0.0,0.0,0.0,0.0,0.0,0.0,0.0,0.0,0.0,0.0,0.0,0.0,0.0,0.0,0.0,0.0,0.0,0.0,0.0,0.0,0.0,0.0,0.0,0.0,0.0,0.0,0.0,0.0,0.0,0.0,0.0,0.0
precentral-lh,0.0,0.0,0.0,0.0,0.054945054945054944,0.0,0.0,0.0,0.0,0.0,0.0,0.0,0.0,0.0,0.0,0.0,0.0,0.0,0.0,0.04395604395604396,0.0,0.0,0.054945054945054944,0.0,0.0,0.0,0.0,0.0,0.0,0.03296703296703297,0.0,0.0,0.04395604395604396,0.0,0.0,0.0,0.01098901098901099,0.12087912087912088,0.0,0.0,0.0,0.0,0.0,0.0,0.12087912087912088,0.0,0.0,0.0,0.25274725274725274,0.0,0.0,0.0,0.0,0.0,0.26373626373626374,0.0,0.0,0.0,0.0,0.0,0.0,0.0,0.0,0.0,0.0,0.0,0.0,0.0
precentral-rh,0.0,0.0,0.0,0.0,0.0,0.11428571428571428,0.0,0.0,0.0,0.11428571428571428,0.0,0.0,0.0,0.0,0.0,0.0,0.0,0.04285714285714286,0.0,0.0,0.0,0.0,0.0,0.0,0.0,0.0,0.0,0.014285714285714285,0.0,0.014285714285714285,0.0,0.0,0.0,0.08571428571428572,0.0,0.0,0.0,0.014285714285714285,0.0,0.05714285714285714,0.0,0.0,0.0,0.0,0.0,0.014285714285714285,0.0,0.0,0.0,0.2571428571428571,0.0,0.0,0.0,0.0,0.0,0.07142857142857142,0.0,0.0,0.0,0.04285714285714286,0.0,0.0,0.0,0.0,0.0,0.014285714285714285,0.0,0.14285714285714285
precuneus-lh,0.0,0.0,0.0,0.0,0.0,0.0,0.0,0.0,0.0,0.1506849315068493,0.0,0.0,0.0,0.0,0.0,0.0,0.0,0.0,0.0,0.0410958904109589,0.0,0.0,0.1643835616438356,0.0,0.0,0.0,0.0,0.0,0.0,0.1095890410958904,0.0,0.0,0.0,0.0,0.0,0.0,0.0,0.1506849315068493,0.0,0.0,0.0,0.1095890410958904,0.1095890410958904,0.0,0.0,0.0,0.0,0.0,0.0,0.0,0.136986301369863,0.0,0.0,0.0,0.0273972602739726,0.0,0.0,0.0,0.0,0.0,0.0,0.0,0.0,0.0,0.0,0.0,0.0,0.0
precuneus-rh,0.0,0.0,0.0,0.0,0.0,0.0,0.0,0.0,0.0,0.0,0.0,0.0,0.0,0.0,0.0,0.0,0.0,0.0,0.0,0.0,0.0,0.0,0.0,0.0,0.0,0.0,0.0,0.0,0.0,0.0,0.0,0.0,0.0,0.1,0.0,0.0,0.0,0.0,0.0,0.2,0.0,0.0,0.0,0.0,0.0,0.0,0.0,0.0,0.0,0.2,0.0,0.4,0.0,0.0,0.0,0.0,0.0,0.0,0.0,0.1,0.0,0.0,0.0,0.0,0.0,0.0,0.0,0.0
rostralanteriorcingulate-lh,0.0,0.0,0.0,0.0,0.0,0.19736842105263158,0.0,0.0,0.0,0.0,0.0,0.0,0.0,0.0,0.0,0.0,0.0,0.0,0.0,0.0,0.0,0.0,0.0,0.0,0.0,0.15789473684210525,0.0,0.0,0.0,0.013157894736842105,0.0,0.0,0.0,0.0,0.0,0.0,0.0,0.0,0.0,0.10526315789473684,0.0,0.07894736842105263,0.013157894736842105,0.0,0.0,0.0,0.0,0.0,0.0,0.0,0.0,0.0,0.2894736842105263,0.06578947368421052,0.0,0.0,0.0,0.07894736842105263,0.0,0.0,0.0,0.0,0.0,0.0,0.0,0.0,0.0,0.0
rostralanteriorcingulate-rh,0.0,0.0,0.0,0.0,0.0,0.07207207207207207,0.0,0.0,0.0,0.0,0.0,0.0,0.0,0.0,0.0,0.0,0.0,0.0,0.0,0.1891891891891892,0.0,0.0,0.018018018018018018,0.0,0.0,0.06306306306306306,0.0,0.0,0.0,0.018018018018018018,0.0,0.0,0.0,0.0,0.0,0.0,0.0,0.0990990990990991,0.0,0.16216216216216217,0.0,0.0,0.0,0.0,0.0,0.0,0.0,0.0,0.0,0.0,0.0,0.0,0.018018018018018018,0.23423423423423423,0.0,0.10810810810810811,0.0,0.0,0.0,0.0,0.0,0.0,0.0,0.0,0.0,0.0,0.0,0.018018018018018018
rostralmiddlefrontal-lh,0.0,0.0,0.0,0.0,0.032520325203252036,0.0,0.0,0.0,0.0,0.024390243902439025,0.0,0.0,0.0,0.0,0.0,0.0,0.0,0.0,0.0,0.024390243902439025,0.0,0.0,0.08130081300813008,0.0,0.0,0.0,0.0,0.0,0.0,0.08943089430894309,0.0,0.0,0.032520325203252036,0.0,0.0,0.0,0.0,0.11382113821138211,0.0,0.0,0.0,0.024390243902439025,0.0,0.0,0.10569105691056911,0.0,0.0,0.0,0.15447154471544716,0.0,0.032520325203252036,0.0,0.0,0.0,0.22764227642276422,0.0,0.032520325203252036,0.0,0.0,0.0,0.0,0.0,0.0,0.0,0.0,0.0,0.0,0.024390243902439025
rostralmiddlefrontal-rh,0.0,0.0,0.0,0.0,0.0,0.05660377358490566,0.0,0.0,0.0,0.04716981132075472,0.0,0.0,0.0,0.0,0.0,0.0,0.0,0.0,0.0,0.14150943396226415,0.0,0.0,0.04716981132075472,0.0,0.0,0.02830188679245283,0.0,0.0,0.0,0.05660377358490566,0.0,0.0,0.0,0.0,0.0,0.0,0.0,0.10377358490566038,0.0,0.0660377358490566,0.0,0.0,0.0,0.0,0.0,0.0,0.0,0.0,0.0,0.05660377358490566,0.0,0.0,0.0,0.07547169811320754,0.0,0.1792452830188679,0.02830188679245283,0.0,0.0,0.0,0.0,0.0,0.0,0.0,0.0,0.0,0.0,0.11320754716981132
superiorfrontal-lh,0.0,0.0,0.0,0.0,0.0,0.0,0.0,0.0,0.0,0.0,0.0,0.0,0.0,0.0,0.0,0.0,0.0,0.0,0.0,0.016666666666666666,0.0,0.0,0.05,0.0,0.0,0.0,0.0,0.0,0.0,0.23333333333333334,0.0,0.0,0.0,0.0,0.0,0.0,0.0,0.15,0.0,0.016666666666666666,0.0,0.1,0.0,0.0,0.0,0.0,0.0,0.0,0.0,0.0,0.0,0.0,0.03333333333333333,0.0,0.06666666666666667,0.016666666666666666,0.2,0.0,0.0,0.0,0.0,0.0,0.0,0.0,0.0,0.0,0.0,0.11666666666666667
superiorfrontal-rh,0.0,0.0,0.0,0.0,0.0,0.15,0.0,0.0,0.0,0.0,0.0,0.0,0.0,0.0,0.0,0.0,0.0,0.0,0.0,0.0,0.0,0.0,0.0,0.0,0.0,0.025,0.0,0.225,0.0,0.0,0.0,0.0,0.0,0.05,0.0,0.075,0.0,0.0,0.0,0.0125,0.0,0.0125,0.0,0.0,0.0,0.0,0.0,0.0,0.0,0.0,0.0,0.0,0.05,0.025,0.0,0.0,0.0,0.3,0.0,0.025,0.0,0.0,0.0,0.0,0.05,0.0,0.0,0.0
superiorparietal-lh,0.0,0.0,0.0,0.0,0.0,0.0,0.0,0.0,0.0,0.0,0.0,0.0,0.0,0.0,0.0,0.0,0.0,0.0,0.0,0.0,0.0,0.0,0.0,0.0,0.0,0.0,0.0,0.0,0.0,0.0,0.0,0.0,0.0,0.0,0.0,0.0,0.0,0.0,0.0,0.0,0.0,0.0,0.0,0.0,0.0,0.0,0.0,0.0,0.0,0.0,0.0,0.0,0.0,0.0,0.0,0.0,0.0,0.0,0.0,0.0,0.0,0.0,0.0,0.0,0.0,0.0,0.0,0.0
superiorparietal-rh,0.0,0.0,0.0,0.0,0.0,0.08029197080291971,0.0,0.0,0.0,0.072992700729927,0.0,0.0,0.0,0.0,0.0,0.0,0.0,0.0948905109489051,0.0,0.014598540145985401,0.0,0.0,0.0,0.0,0.0,0.0,0.0,0.029197080291970802,0.058394160583941604,0.021897810218978103,0.0,0.0,0.0,0.0364963503649635,0.0,0.0,0.0,0.021897810218978103,0.0,0.1386861313868613,0.0,0.0,0.0,0.0,0.0,0.0,0.0,0.0,0.0,0.021897810218978103,0.0,0.014598540145985401,0.0,0.0,0.0,0.0,0.0,0.029197080291970802,0.0,0.21897810218978103,0.0,0.06569343065693431,0.0,0.0,0.0,0.0072992700729927005,0.0,0.072992700729927
superiortemporal-lh,0.0,0.0,0.0,0.0,0.0,0.0,0.0,0.0,0.0,0.0,0.0,0.0,0.0,0.0,0.0,0.0,0.0,0.0,0.0,0.0,0.0,0.0,0.0,0.0,0.0,0.0,0.0,0.0,0.0,0.0,0.0,0.0,0.0,0.0,0.0,0.0,0.0,0.0,0.0,0.0,0.0,0.0,0.0,0.0,0.0,0.0,0.0,0.0,0.0,0.0,0.0,0.0,0.0,0.0,0.0,0.0,0.0,0.0,0.0,0.0,0.0,0.0,0.0,0.0,0.0,0.0,0.0,0.0
superiortemporal-rh,0.0,0.0,0.0,0.0,0.0,0.0,0.0,0.0,0.0,0.0,0.0,0.0,0.0,0.0,0.0,0.0,0.0,0.13043478260869565,0.0,0.10144927536231885,0.0,0.0,0.0,0.0,0.0,0.0,0.0,0.0,0.0,0.057971014492753624,0.0,0.07246376811594203,0.0,0.0,0.0,0.0,0.0,0.10144927536231885,0.0,0.15942028985507245,0.0,0.0,0.0,0.0,0.0,0.0,0.0,0.0,0.0,0.0,0.0,0.0,0.0,0.0,0.0,0.0,0.0,0.0,0.0,0.10144927536231885,0.0,0.2463768115942029,0.0,0.0,0.0,0.028985507246376812,0.0,0.0
supramarginal-lh,0.0,0.0,0.0,0.0,0.15254237288135594,0.0,0.0,0.0,0.0,0.0,0.0,0.0,0.0,0.0,0.0,0.0,0.0,0.0,0.0,0.0,0.0,0.0,0.0,0.0,0.0,0.0,0.0,0.0,0.0,0.0,0.0,0.0,0.0,0.0,0.0,0.0,0.2033898305084746,0.0,0.0,0.0,0.0,0.0,0.0,0.0,0.11864406779661017,0.0,0.0,0.0,0.0,0.0,0.0,0.0,0.0,0.0,0.0,0.0,0.0,0.0,0.0,0.0,0.0,0.0,0.5254237288135594,0.0,0.0,0.0,0.0,0.0
supramarginal-rh,0.0,0.0,0.0,0.0,0.0,0.0,0.0,0.0,0.0,0.0,0.0,0.0,0.0,0.0,0.0,0.0,0.0,0.0,0.0,0.0,0.0,0.0,0.0,0.0,0.0,0.0,0.0,0.0,0.0,0.0,0.0,0.0,0.0,0.0,0.0,0.0,0.0,0.0,0.0,0.0,0.0,0.0,0.0,0.0,0.0,0.0,0.0,0.0,0.0,0.0,0.0,0.0,0.0,0.0,0.0,0.0,0.0,0.0,0.0,0.0,0.0,0.0,0.0,0.0,0.0,0.0,0.0,0.0
temporalpole-lh,0.0,0.0,0.0,0.0,0.0,0.0,0.0,0.0,0.0,0.0,0.0,0.0,0.0,0.0,0.0,0.0,0.0,0.0,0.0,0.0,0.0,0.0,0.0,0.0,0.0,0.0,0.0,0.34285714285714286,0.0,0.0,0.0,0.0,0.0,0.0,0.0,0.2,0.0,0.0,0.0,0.0,0.0,0.0,0.0,0.0,0.0,0.0,0.0,0.0,0.0,0.0,0.0,0.0,0.0,0.0,0.0,0.0,0.0,0.14285714285714285,0.0,0.0,0.0,0.0,0.0,0.0,0.3142857142857143,0.0,0.0,0.0
temporalpole-rh,0.0,0.0,0.0,0.0,0.0,0.0,0.0,0.0,0.0,0.0,0.0,0.0,0.0,0.0,0.0,0.0,0.0,0.19230769230769232,0.0,0.0,0.0,0.0,0.0,0.0,0.0,0.0,0.0,0.0,0.0,0.19230769230769232,0.0,0.0,0.0,0.0,0.0,0.0,0.0,0.0,0.0,0.19230769230769232,0.0,0.0,0.0,0.0,0.0,0.0,0.0,0.0,0.0,0.0,0.0,0.0,0.0,0.0,0.0,0.0,0.0,0.0,0.0,0.11538461538461539,0.0,0.15384615384615385,0.0,0.0,0.0,0.15384615384615385,0.0,0.0
transversetemporal-lh,0.0,0.0,0.0,0.0,0.0,0.0,0.0,0.0,0.0,0.0,0.0,0.0,0.0,0.0,0.0,0.0,0.0,0.0,0.0,0.0,0.0,0.0,0.0,0.0,0.0,0.0,0.0,0.0,0.0,0.0,0.0,0.0,0.0,0.0,0.0,0.0,0.0,0.0,0.0,0.0,0.0,0.0,0.0,0.0,0.0,0.0,0.0,0.0,0.0,0.0,0.0,0.0,0.0,0.0,0.0,0.0,0.0,0.0,0.0,0.0,0.0,0.0,0.0,0.0,0.0,0.0,0.0,0.0
transversetemporal-rh,0.0,0.0,0.0,0.0,0.0,0.0918918918918919,0.0,0.0,0.0,0.10270270270270271,0.0,0.0,0.0,0.0,0.0,0.0,0.0,0.016216216216216217,0.0,0.016216216216216217,0.0,0.0,0.010810810810810811,0.0,0.0,0.0,0.0,0.0,0.043243243243243246,0.05405405405405406,0.0,0.0,0.0,0.0,0.0,0.0,0.0,0.08648648648648649,0.0,0.043243243243243246,0.0,0.010810810810810811,0.0,0.0,0.0,0.03783783783783784,0.0,0.0,0.0,0.043243243243243246,0.0,0.0,0.0,0.0,0.021621621621621623,0.032432432432432434,0.04864864864864865,0.0,0.0,0.08108108108108109,0.0,0.0,0.0,0.0,0.0,0.0,0.0,0.2594594594594595
